0 0.2125 0.44453125 0.025 0.0109375
0 0.065625 0.60625 0.025 0.0125
0 0.2203125 0.7421875 0.0390625 0.0125
0 0.2203125 0.56328125 0.0375 0.0109375
0 0.2125 0.6234375 0.0234375 0.0109375
0 0.2140625 0.6828125 0.0265625 0.0109375
18 0.2109375 0.73203125 0.0265625 0.00625
18 0.21328125 0.55390625 0.0265625 0.00625
18 0.21171875 0.434375 0.028125 0.009375
18 0.2125 0.49375 0.028125 0.009375
18 0.2125 0.6125 0.028125 0.009375
18 0.2125 0.671875 0.028125 0.009375
21 0.0703125 0.59453125 0.0265625 0.0078125
0 0.2125 0.50390625 0.0265625 0.0125
0 0.0640625 0.790625 0.0109375 0.01875