0 0.44453125 0.7875 0.0109375 0.025
0 0.60625 0.934375 0.0125 0.025
0 0.7421875 0.7796875 0.0125 0.0390625
0 0.56328125 0.7796875 0.0109375 0.0375
0 0.6234375 0.7875 0.0109375 0.0234375
0 0.6828125 0.7859375 0.0109375 0.0265625
18 0.73203125 0.7890625 0.00625 0.0265625
18 0.55390625 0.78671875 0.00625 0.0265625
18 0.434375 0.78828125 0.009375 0.028125
18 0.49375 0.7875 0.009375 0.028125
18 0.6125 0.7875 0.009375 0.028125
18 0.671875 0.7875 0.009375 0.028125
21 0.59453125 0.9296875 0.0078125 0.0265625
0 0.50390625 0.7875 0.0125 0.0265625
0 0.790625 0.9359375 0.01875 0.0109375