0 0.55546875 0.2125 0.0109375 0.02421875
0 0.39375 0.065625 0.0125 0.02421875
0 0.2578125 0.2203125 0.01171875 0.0390625
0 0.43671875 0.2203125 0.0109375 0.03828125
0 0.3765625 0.2125 0.0109375 0.0234375
0 0.3171875 0.2140625 0.0109375 0.0265625
18 0.26796875 0.2109375 0.00703125 0.0265625
18 0.44609375 0.21328125 0.00703125 0.0265625
18 0.565625 0.21171875 0.00859375 0.02734375
18 0.50625 0.2125 0.00859375 0.02734375
18 0.3875 0.2125 0.00859375 0.02734375
18 0.328125 0.2125 0.00859375 0.02734375
21 0.40546875 0.0703125 0.0078125 0.0265625
0 0.49609375 0.2125 0.01171875 0.0265625
0 0.209375 0.0640625 0.01875 0.0109375