0 0.2109375 0.678125 0.0375 0.021875
0 0.21171875 0.7796875 0.0375 0.021875
0 0.21171875 0.57734375 0.0375 0.021875
18 0.21484375 0.565625 0.028125 0.0109375
18 0.21484375 0.6 0.028125 0.0109375
18 0.2140625 0.6328125 0.028125 0.0109375
18 0.2140625 0.66640625 0.028125 0.0109375
18 0.2140625 0.7 0.028125 0.0109375
18 0.21328125 0.73359375 0.028125 0.0109375
18 0.2125 0.76796875 0.028125 0.0109375
18 0.2140625 0.80078125 0.028125 0.0109375
0 0.2109375 0.54375 0.0375 0.021875
0 0.2109375 0.64453125 0.0375 0.021875
0 0.16875 0.67109375 0.0140625 0.0625
0 0.2109375 0.7125 0.0375 0.021875
0 0.21171875 0.81328125 0.0375 0.021875
0 0.125 0.76171875 0.0390625 0.028125
18 0.21328125 0.8359375 0.028125 0.0109375
18 0.12734375 0.78125 0.03125 0.0125
0 0.21171875 0.61015625 0.0375 0.021875
0 0.2125 0.74609375 0.0375 0.021875