0 0.678125 0.7890625 0.021875 0.0375
0 0.7796875 0.78828125 0.021875 0.0375
0 0.57734375 0.78828125 0.021875 0.0375
18 0.565625 0.78515625 0.0109375 0.028125
18 0.6 0.78515625 0.0109375 0.028125
18 0.6328125 0.7859375 0.0109375 0.028125
18 0.66640625 0.7859375 0.0109375 0.028125
18 0.7 0.7859375 0.0109375 0.028125
18 0.73359375 0.78671875 0.0109375 0.028125
18 0.76796875 0.7875 0.0109375 0.028125
18 0.80078125 0.7859375 0.0109375 0.028125
0 0.54375 0.7890625 0.021875 0.0375
0 0.64453125 0.7890625 0.021875 0.0375
0 0.67109375 0.83125 0.0625 0.0140625
0 0.7125 0.7890625 0.021875 0.0375
0 0.81328125 0.78828125 0.021875 0.0375
0 0.76171875 0.875 0.028125 0.0390625
18 0.8359375 0.78671875 0.0109375 0.028125
18 0.78125 0.87265625 0.0125 0.03125
0 0.61015625 0.78828125 0.021875 0.0375
0 0.74609375 0.7875 0.021875 0.0375