18 0.60625 0.9640625 0.05 0.015625
0 0.6140625 0.98203125 0.009375 0.009375
0 0.61484375 0.39140625 0.009375 0.009375
0 0.6140625 0.32578125 0.009375 0.009375
0 0.64296875 0.33203125 0.025 0.03125
0 0.6421875 0.7921875 0.025 0.028125
0 0.61328125 0.521875 0.009375 0.009375
18 0.375 0.25703125 0.03125 0.0125
0 0.33203125 0.4765625 0.028125 0.06875
18 0.37578125 0.43125 0.03125 0.0125
18 0.2484375 0.43046875 0.03125 0.015625
0 0.3765625 0.4140625 0.0171875 0.01875
0 0.6421875 0.9234375 0.028125 0.028125
18 0.60546875 0.440625 0.046875 0.015625
18 0.60703125 0.9 0.0453125 0.0140625
18 0.6078125 0.83515625 0.046875 0.0140625
18 0.60703125 0.70390625 0.04375 0.0140625
18 0.6078125 0.6375 0.04375 0.015625
18 0.60703125 0.575 0.046875 0.0140625
18 0.60625 0.76953125 0.0484375 0.015625
18 0.60546875 0.50546875 0.0484375 0.0140625
18 0.60703125 0.375 0.0484375 0.0140625
18 0.60625 0.30859375 0.05 0.015625
18 0.60625 0.2453125 0.0515625 0.015625
18 0.60625 0.1765625 0.05 0.0140625
18 0.60625 0.11171875 0.05 0.015625
0 0.61328125 0.2609375 0.009375 0.009375
0 0.6421875 0.596875 0.0265625 0.028125
18 0.60546875 0.05234375 0.0484375 0.0140625
0 0.640625 0.98515625 0.0265625 0.0296875
2 0.4140625 0.33984375 0.028125 0.0390625
28 0.31953125 0.4265625 0.046875 0.0265625
0 0.6421875 0.07578125 0.025 0.0296875
0 0.61484375 0.72265625 0.009375 0.009375
0 0.6140625 0.91953125 0.009375 0.009375
0 0.37421875 0.275 0.0125 0.015625
0 0.640625 0.72734375 0.028125 0.028125
0 0.6140625 0.4546875 0.009375 0.009375
0 0.640625 0.528125 0.025 0.028125
0 0.6140625 0.78984375 0.009375 0.009375
0 0.6140625 0.1296875 0.009375 0.009375
0 0.6140625 0.8546875 0.009375 0.009375
0 0.246875 0.4140625 0.015625 0.01875
0 0.61328125 0.65625 0.009375 0.009375
0 0.6421875 0.6609375 0.025 0.028125
0 0.51953125 0.03046875 0.015625 0.0421875
0 0.6421875 0.19921875 0.0265625 0.028125
0 0.6140625 0.59296875 0.009375 0.009375
0 0.6421875 0.3984375 0.0265625 0.028125
0 0.64140625 0.8578125 0.028125 0.028125
0 0.61328125 0.0671875 0.009375 0.009375
0 0.64140625 0.134375 0.0265625 0.028125
0 0.6421875 0.46328125 0.025 0.0296875
0 0.6140625 0.19609375 0.009375 0.009375
0 0.64296875 0.26875 0.025 0.0296875