28 0.3703125 0.5234375 0.0546875 0.0421875
25 0.42265625 0.525 0.04375 0.040625
0 0.68359375 0.18828125 0.0875 0.0640625
0 0.58359375 0.71015625 0.1125 0.0390625
0 0.2390625 0.596875 0.203125 0.0578125
20 0.5734375 0.746875 0.05 0.025
0 0.28671875 0.7015625 0.1390625 0.0546875
25 0.42265625 0.596875 0.0453125 0.0390625
0 0.5171875 0.61171875 0.1375 0.034375
0 0.79765625 0.37890625 0.1703125 0.0375
20 0.5140625 0.40390625 0.05 0.021875
28 0.36875 0.59375 0.053125 0.040625
0 0.6875 0.2859375 0.0984375 0.0625
0 0.55703125 0.3796875 0.21875 0.01875
6 0.67109375 0.7515625 0.053125 0.0375
0 0.51640625 0.53359375 0.1375 0.034375
31 0.428125 0.6953125 0.065625 0.034375
18 0.57265625 0.18203125 0.0546875 0.025
18 0.57109375 0.2765625 0.0546875 0.025
0 0.9375 0.809375 0.053125 0.021875
5 0.74453125 0.409375 0.065625 0.03125