18 0.88515625 0.3859375 0.03125 0.0171875
25 0.8359375 0.646875 0.03125 0.0125
0 0.8765625 0.62578125 0.025 0.0375
0 0.86640625 0.47109375 0.0453125 0.0375
6 0.82890625 0.44765625 0.034375 0.0078125
18 0.87578125 0.65 0.028125 0.0125
18 0.88515625 0.44921875 0.03125 0.0171875
28 0.8328125 0.6234375 0.0375 0.028125
0 0.828125 0.66640625 0.015625 0.021875
0 0.9015625 0.7 0.025 0.0875
0 0.865625 0.4125 0.0453125 0.0375
6 0.8296875 0.384375 0.034375 0.0078125
0 0.834375 0.58203125 0.0453125 0.05
31 0.91640625 0.64609375 0.025 0.01875