4 0.29765625 0.184375 0.03125 0.0125
0 0.1484375 0.41015625 0.0171875 0.028125
0 0.2 0.1984375 0.04375 0.0484375
4 0.29765625 0.353125 0.03125 0.0125
18 0.13828125 0.20390625 0.028125 0.034375
0 0.29765625 0.3234375 0.03125 0.0171875
0 0.17578125 0.27734375 0.0265625 0.015625
28 0.19453125 0.309375 0.0421875 0.028125
0 0.29765625 0.28125 0.0359375 0.01875
21 0.1359375 0.2609375 0.0265625 0.040625
25 0.203125 0.26328125 0.028125 0.0484375
0 0.296875 0.19921875 0.03125 0.01875
4 0.29765625 0.26640625 0.03125 0.0125
0 0.2984375 0.15078125 0.0203125 0.0375
0 0.17421875 0.240625 0.015625 0.03125
4 0.29765625 0.30859375 0.03125 0.0125
0 0.190625 0.38828125 0.0578125 0.1203125
4 0.1734375 0.2625 0.03125 0.0125
0 0.29765625 0.24296875 0.03125 0.01875
4 0.29765625 0.22734375 0.03125 0.0125
0 0.2984375 0.36875 0.03125 0.015625