0 0.3828125 0.10078125 0.025 0.025
0 0.38203125 0.89765625 0.025 0.025
18 0.38515625 0.04296875 0.025 0.0125
18 0.38515625 0.084375 0.025 0.0125
18 0.3859375 0.1265625 0.025 0.0125
18 0.3859375 0.16875 0.025 0.0125
18 0.3859375 0.21015625 0.025 0.0125
18 0.3859375 0.25234375 0.025 0.0125
18 0.38515625 0.29375 0.025 0.0125
18 0.384375 0.3359375 0.025 0.0125
18 0.3859375 0.378125 0.025 0.0125
18 0.3859375 0.41875 0.025 0.0125
18 0.3859375 0.4609375 0.025 0.0125
18 0.3859375 0.503125 0.025 0.0125
18 0.38515625 0.54453125 0.025 0.0125
18 0.38515625 0.58671875 0.025 0.0125
18 0.3859375 0.62890625 0.025 0.0125
18 0.38515625 0.6703125 0.025 0.0125
18 0.38515625 0.71171875 0.025 0.0125
18 0.3859375 0.7546875 0.025 0.0125
18 0.38515625 0.79609375 0.025 0.0125
18 0.384375 0.83671875 0.025 0.0125
18 0.38515625 0.87890625 0.025 0.0125
18 0.3859375 0.9203125 0.025 0.0125
18 0.3859375 0.96328125 0.025 0.0125
0 0.38203125 0.35234375 0.025 0.025
0 0.38203125 0.64765625 0.025 0.025
0 0.38125 0.68984375 0.0265625 0.025
0 0.38203125 0.73046875 0.025 0.025
0 0.38203125 0.85625 0.025 0.025
0 0.38203125 0.43828125 0.025 0.025
0 0.38203125 0.521875 0.025 0.025
0 0.38203125 0.39375 0.025 0.025
0 0.38203125 0.93984375 0.0234375 0.025
0 0.3453125 0.0140625 0.01875 0.01875
0 0.38203125 0.228125 0.025 0.025
0 0.3828125 0.14375 0.025 0.025
0 0.38125 0.5640625 0.025 0.025
0 0.38203125 0.8140625 0.025 0.025
0 0.38203125 0.98203125 0.025 0.025
0 0.38359375 0.06015625 0.025 0.025
0 0.38203125 0.31171875 0.0265625 0.025
0 0.38203125 0.60546875 0.025 0.025
0 0.38203125 0.26953125 0.025 0.025
0 0.38203125 0.18359375 0.025 0.025
0 0.38203125 0.4796875 0.025 0.025
0 0.38203125 0.77265625 0.025 0.025