0 0.834375 0.65859375 0.05546875 0.16953125
18 0.59453125 0.65859375 0.02578125 0.1171875
18 0.69765625 0.66171875 0.02421875 0.1171875
0 0.315625 0.65546875 0.05546875 0.16953125
18 0.2828125 0.66171875 0.02421875 0.13203125
18 0.3859375 0.66171875 0.02421875 0.13203125
0 0.72890625 0.65859375 0.05546875 0.16953125
0 0.628125 0.65859375 0.05546875 0.16953125
0 0.528125 0.65703125 0.05546875 0.16953125
18 0.490625 0.65390625 0.02421875 0.13203125
0 0.4171875 0.65859375 0.05546875 0.16953125
0 0.02734375 0.96640625 0.040625 0.04609375
18 0.80078125 0.66640625 0.02421875 0.13203125