0 0.53515625 0.45 0.09921875 0.1671875
18 0.215625 0.36875 0.06875 0.02578125
0 0.80234375 0.40234375 0.04140625 0.05546875
0 0.42734375 0.18046875 0.10234375 0.26171875
0 0.05390625 0.93359375 0.04453125 0.08359375
25 0.58515625 0.3515625 0.0984375 0.07890625
29 0.23984375 0.58828125 0.08125 0.02578125
31 0.7703125 0.3203125 0.07109375 0.06328125
0 0.28359375 0.509375 0.04921875 0.03515625
0 0.24453125 0.40546875 0.0515625 0.05390625
28 0.578125 0.275 0.12578125 0.06640625
18 0.25390625 0.46171875 0.06484375 0.028125
8 0.13359375 0.45703125 0.0296875 0.084375