18 0.75390625 0.3609375 0.01875 0.05
0 0.90390625 0.33046875 0.05625 0.046875
0 0.1703125 0.32890625 0.040625 0.04375
7 0.8671875 0.3625 0.021875 0.046875
0 0.07890625 0.328125 0.040625 0.04375
0 0.78359375 0.3296875 0.0421875 0.040625
0 0.56875 0.33046875 0.0484375 0.04375
18 0.4265625 0.3625 0.01875 0.05
18 0.22734375 0.36171875 0.01875 0.05
0 0.68359375 0.3296875 0.04375 0.0421875
0 0.353125 0.328125 0.04375 0.04375
0 0.45390625 0.32890625 0.0390625 0.0453125
0 0.25234375 0.328125 0.0375 0.0375
18 0.04921875 0.36484375 0.01875 0.05
18 0.325 0.35859375 0.01875 0.0484375
18 0.6515625 0.36015625 0.01875 0.05
18 0.53671875 0.359375 0.01875 0.05
18 0.859375 0.36171875 0.0171875 0.04375
18 0.13828125 0.36171875 0.01875 0.05