18 0.3765625 0.1640625 0.0484375 0.046875
0 0.78046875 0.36953125 0.140625 0.025
18 0.46015625 0.23515625 0.046875 0.046875
9 0.45 0.37265625 0.05625 0.075
0 0.29375 0.3734375 0.1625 0.0265625
9 0.67578125 0.3734375 0.05625 0.075
6 0.7578125 0.1125 0.028125 0.0234375
0 0.26953125 0.15234375 0.159375 0.0703125
0 0.584375 0.14453125 0.15625 0.0671875
18 0.75078125 0.1640625 0.046875 0.046875
0 0.65 0.384375 0.059375 0.03125
18 0.67578125 0.2328125 0.046875 0.046875
2 0.5578125 0.42109375 0.084375 0.03125
28 0.55625 0.5375 0.078125 0.071875
0 0.77421875 0.23125 0.153125 0.065625
0 0.3296875 0.2296875 0.16875 0.06875
6 0.3671875 0.1125 0.0328125 0.021875
0 0.4296875 0.3828125 0.053125 0.03125
0 0.32109375 0.5390625 0.334375 0.065625