0 0.5484375 0.54609375 0.028125 0.0375
28 0.49609375 0.115625 0.0625 0.0625
6 0.446875 0.75234375 0.04375 0.05
31 0.48125 0.59296875 0.0921875 0.14375
0 0.50078125 0.24375 0.0734375 0.075
0 0.36015625 0.15703125 0.103125 0.0453125
6 0.65859375 0.75390625 0.04375 0.05
4 0.44453125 0.234375 0.040625 0.08125
0 0.5359375 0.0484375 0.1703125 0.06875
0 0.4015625 0.66328125 0.028125 0.034375
0 0.71484375 0.246875 0.0734375 0.075
31 0.62265625 0.5953125 0.0921875 0.14375
0 0.58125 0.1609375 0.103125 0.0453125
0 0.74453125 0.05 0.1703125 0.06875
18 0.4375 0.69375 0.0359375 0.06875
28 0.70390625 0.11796875 0.0625 0.0625
0 0.69453125 0.66328125 0.028125 0.04375
25 0.65390625 0.12265625 0.034375 0.06875
18 0.6671875 0.68984375 0.0390625 0.06875
0 0.146875 0.12109375 0.221875 0.05625
25 0.4453125 0.12421875 0.034375 0.06875
4 0.65546875 0.234375 0.040625 0.08125