18 0.44609375 0.2375 0.0125 0.10859375
0 0.88125 0.240625 0.02421875 0.0453125
18 0.596875 0.24140625 0.0125 0.1015625
0 0.3515625 0.240625 0.02421875 0.0453125
0 0.6546875 0.23984375 0.02421875 0.0453125
2 0.18359375 0.2921875 0.0328125 0.03046875
0 0.8046875 0.23984375 0.02421875 0.0453125
0 0.7296875 0.24140625 0.02421875 0.0453125
0 0.12421875 0.10390625 0.02890625 0.02734375
25 0.18671875 0.221875 0.03125 0.0671875
0 0.21484375 0.234375 0.0203125 0.025
0 0.425 0.24140625 0.02421875 0.0453125
18 0.2953125 0.23515625 0.0125 0.10859375
18 0.36953125 0.23984375 0.0125 0.10859375
18 0.22421875 0.328125 0.01328125 0.08515625
18 0.14921875 0.32578125 0.01328125 0.08515625
0 0.1609375 0.4328125 0.02578125 0.06484375
28 0.15078125 0.21640625 0.01484375 0.0484375
0 0.503125 0.24140625 0.02421875 0.0453125
18 0.521875 0.23984375 0.0125 0.10859375
18 0.67421875 0.2390625 0.0125 0.10859375
0 0.20859375 0.4328125 0.02578125 0.06484375
0 0.27578125 0.23984375 0.02421875 0.0453125
18 0.825 0.2390625 0.0125 0.10859375
18 0.90078125 0.2390625 0.0125 0.10859375
0 0.57890625 0.24296875 0.02421875 0.0453125
18 0.74921875 0.24140625 0.0125 0.1015625