18 0.50859375 0.6125 0.05 0.0171875
18 0.37890625 0.45625 0.0515625 0.0171875
25 0.3046875 0.54609375 0.053125 0.025
31 0.5421875 0.46796875 0.0515625 0.025
0 0.23671875 0.4359375 0.059375 0.0375
30 0.58203125 0.440625 0.0625 0.03125
31 0.5421875 0.5375 0.0515625 0.025
30 0.58515625 0.6171875 0.0625 0.03125
0 0.6359375 0.15625 0.090625 0.0734375
0 0.23984375 0.5734375 0.059375 0.0375
0 0.384375 0.434375 0.028125 0.021875
0 0.384375 0.571875 0.0234375 0.025
0 0.58671875 0.57421875 0.059375 0.05625
0 0.503125 0.50625 0.0375 0.040625
0 0.53203125 0.4140625 0.028125 0.015625
28 0.3 0.5171875 0.0625 0.0296875
28 0.3015625 0.43203125 0.0625 0.0296875
0 0.534375 0.5875 0.028125 0.015625
18 0.37890625 0.540625 0.046875 0.021875
18 0.50625 0.4375 0.05 0.0171875
25 0.30546875 0.4609375 0.053125 0.025
0 0.58671875 0.40078125 0.053125 0.053125