0 0.13203125 0.8390625 0.03125 0.05078125
19 0.59921875 0.7828125 0.0234375 0.06875
18 0.74765625 0.7984375 0.01328125 0.04296875
18 0.7984375 0.79921875 0.01328125 0.04296875
0 0.4328125 0.83828125 0.03125 0.05078125
18 0.14765625 0.7984375 0.01328125 0.04609375
18 0.19609375 0.79765625 0.01328125 0.04609375
18 0.296875 0.80078125 0.01328125 0.04609375
18 0.34609375 0.79609375 0.01328125 0.04609375
18 0.4984375 0.79765625 0.01328125 0.04609375
0 0.3828125 0.83828125 0.03125 0.05078125
0 0.08203125 0.83828125 0.03125 0.05078125
19 0.65 0.7796875 0.0234375 0.06875
0 0.8828125 0.83828125 0.03125 0.05078125
0 0.48203125 0.8375 0.03125 0.05078125
18 0.09609375 0.7984375 0.01328125 0.04296875
0 0.73203125 0.8390625 0.03125 0.05078125
0 0.18203125 0.83828125 0.03125 0.05078125
18 0.89765625 0.796875 0.01328125 0.04296875
18 0.846875 0.79609375 0.01328125 0.04296875
18 0.24765625 0.8 0.01328125 0.04296875
0 0.5625 0.83984375 0.07265625 0.02265625
0 0.92890625 0.6859375 0.03125 0.02109375
0 0.2828125 0.8375 0.03125 0.05078125
0 0.78125 0.83828125 0.03125 0.05078125
18 0.39765625 0.79921875 0.01328125 0.04296875
0 0.68203125 0.83828125 0.03125 0.05078125
18 0.44765625 0.79765625 0.01328125 0.04296875
0 0.2328125 0.8390625 0.03125 0.05078125
0 0.5328125 0.83828125 0.03046875 0.05078125
0 0.33125 0.8390625 0.03125 0.05078125
18 0.5484375 0.7953125 0.01328125 0.04296875
0 0.8328125 0.83828125 0.03125 0.05078125
18 0.6984375 0.7984375 0.01328125 0.04296875