0 0.690625 0.3109375 0.034375 0.0875
18 0.65078125 0.3734375 0.109375 0.03125
18 0.653125 0.5796875 0.109375 0.03125
18 0.65234375 0.478125 0.109375 0.03125
0 0.69453125 0.7265625 0.034375 0.0875
0 0.5796875 0.91875 0.0296875 0.03125
0 0.69140625 0.6265625 0.034375 0.0875
18 0.659375 0.2703125 0.121875 0.03125
18 0.659375 0.6828125 0.121875 0.03125
0 0.69375 0.41796875 0.034375 0.0875
0 0.69609375 0.50546875 0.034375 0.053125
0 0.69375 0.83125 0.034375 0.0875
18 0.66171875 0.7859375 0.121875 0.03125