6 0.16015625 0.52734375 0.009375 0.0390625
4 0.32734375 0.36171875 0.0140625 0.0421875
31 0.2703125 0.43984375 0.0203125 0.028125
31 0.215625 0.4390625 0.0203125 0.028125
0 0.1828125 0.31171875 0.025 0.0296875
0 0.34921875 0.534375 0.03125 0.01875
25 0.33046875 0.3046875 0.01875 0.0375
28 0.125 0.31875 0.021875 0.046875
0 0.21796875 0.41484375 0.028125 0.0265625
4 0.16015625 0.36171875 0.0140625 0.0421875
25 0.16328125 0.3046875 0.01875 0.0375
18 0.15703125 0.48515625 0.0125 0.03125
0 0.184375 0.365625 0.028125 0.0296875
28 0.39453125 0.31875 0.021875 0.046875
0 0.346875 0.49453125 0.028125 0.028125
0 0.18203125 0.5328125 0.03125 0.0140625
0 0.35078125 0.3640625 0.028125 0.03125
0 0.18125 0.4953125 0.034375 0.028125
18 0.3234375 0.4859375 0.0125 0.03125
0 0.3484375 0.31171875 0.0296875 0.03125
0 0.2703125 0.4140625 0.028125 0.025
6 0.32734375 0.5265625 0.009375 0.0390625