0 0.44140625 0.45703125 0.015625 0.0625
18 0.4328125 0.56640625 0.021875 0.0171875
0 0.44140625 0.6078125 0.015625 0.0625
25 0.67578125 0.80625 0.028125 0.021875
18 0.43359375 0.1171875 0.021875 0.0171875
28 0.67734375 0.771875 0.034375 0.034375
21 0.721875 0.809375 0.021875 0.0171875
0 0.62109375 0.75546875 0.0140625 0.071875
0 0.7234375 0.7328125 0.015625 0.040625
18 0.43359375 0.265625 0.021875 0.0171875
18 0.4328125 0.41640625 0.021875 0.0171875
18 0.4328125 0.71953125 0.021875 0.0171875
18 0.6171875 0.809375 0.021875 0.0171875
0 0.096875 0.4390625 0.01875 0.0453125
0 0.4328125 0.15390625 0.028125 0.0625
0 0.44140625 0.30703125 0.015625 0.0625
0 0.43984375 0.76015625 0.015625 0.0625
0 0.6796875 0.8640625 0.015625 0.0703125