18 0.684375 0.603125 0.0140625 0.028125
18 0.653125 0.60390625 0.0140625 0.028125
0 0.80703125 0.40390625 0.03125 0.034375
18 0.62265625 0.60390625 0.0140625 0.028125
0 0.8734375 0.30234375 0.0484375 0.028125
31 0.7453125 0.31484375 0.0140625 0.0265625
18 0.59375 0.60390625 0.0140625 0.028125
18 0.78515625 0.4140625 0.009375 0.015625
31 0.77578125 0.315625 0.015625 0.028125
18 0.73125 0.41328125 0.009375 0.0171875
0 0.646875 0.303125 0.046875 0.028125
18 0.8390625 0.35390625 0.009375 0.01875
0 0.68359375 0.50390625 0.025 0.015625
28 0.8015625 0.4765625 0.0140625 0.025
18 0.678125 0.35234375 0.009375 0.01875
0 0.82265625 0.63125 0.01875 0.03125
21 0.78984375 0.28828125 0.00625 0.01875
21 0.73515625 0.2890625 0.00625 0.01875
0 0.65 0.4828125 0.01875 0.015625
18 0.84765625 0.6046875 0.0140625 0.028125
18 0.8171875 0.60390625 0.0140625 0.028125
0 0.85546875 0.34921875 0.0265625 0.05
5 0.84140625 0.31015625 0.0140625 0.0203125
6 0.734375 0.2671875 0.009375 0.0140625
0 0.6625 0.35234375 0.0265625 0.05
5 0.6796875 0.31015625 0.0125 0.021875
25 0.78828125 0.4796875 0.009375 0.025
0 0.77265625 0.48125 0.01875 0.0171875
0 0.6609375 0.6328125 0.01875 0.03125
0 0.63046875 0.64609375 0.01875 0.05625
0 0.79296875 0.6328125 0.01875 0.034375
0 0.85390625 0.6453125 0.01875 0.0609375
0 0.7125 0.34375 0.0375 0.0375
0 0.71015625 0.40078125 0.03125 0.0359375
0 0.69296875 0.6328125 0.01875 0.034375
0 0.80546875 0.4984375 0.025 0.015625
0 0.59921875 0.64765625 0.01875 0.05625
6 0.7890625 0.26796875 0.0125 0.0125
0 0.80546875 0.3421875 0.034375 0.040625
18 0.78671875 0.60390625 0.0140625 0.028125
25 0.66640625 0.48671875 0.009375 0.025
28 0.6796875 0.48359375 0.0140625 0.025
0 0.76015625 0.3375 0.0125 0.009375