18 0.3515625 0.87890625 0.009375 0.01015625
28 0.353125 0.803125 0.0125 0.02265625
0 0.33125 0.91328125 0.03203125 0.01875
13 0.38046875 0.671875 0.009375 0.01484375
25 0.36953125 0.6953125 0.01953125 0.01875
15 0.38984375 0.671875 0.009375 0.015625
0 0.35859375 0.8703125 0.00546875 0.00859375
0 0.38203125 0.86640625 0.0109375 0.009375
0 0.3875 0.79921875 0.01171875 0.01015625
18 0.3703125 0.653125 0.0109375 0.02890625
31 0.36953125 0.8640625 0.00859375 0.01328125
0 0.38828125 0.69609375 0.01015625 0.00859375
0 0.35859375 0.78125 0.06484375 0.01875
25 0.3703125 0.79921875 0.0203125 0.01796875
0 0.35546875 0.66953125 0.0140625 0.01796875
6 0.3421875 0.88125 0.00625 0.00859375