0 0.8875 0.43671875 0.0328125 0.05
0 0.33515625 0.440625 0.0328125 0.05
0 0.37734375 0.42265625 0.0328125 0.0796875
0 0.55859375 0.43828125 0.0328125 0.05
18 0.63359375 0.44296875 0.0125 0.053125
0 0.51484375 0.440625 0.0328125 0.05
0 0.4734375 0.4421875 0.0328125 0.05
0 0.19921875 0.4390625 0.0328125 0.05
18 0.86953125 0.4421875 0.0125 0.053125
18 0.91640625 0.43828125 0.0125 0.053125
0 0.74296875 0.4390625 0.0328125 0.05
0 0.034375 0.221875 0.040625 0.05
0 0.84296875 0.4375 0.0328125 0.05
18 0.4546875 0.44140625 0.0125 0.053125
0 0.1140625 0.44140625 0.0328125 0.05
0 0.246875 0.4390625 0.0328125 0.05
0 0.646875 0.4390625 0.0328125 0.05
18 0.49765625 0.4421875 0.0125 0.053125
0 0.69453125 0.44140625 0.0328125 0.05
18 0.41015625 0.43828125 0.0125 0.053125
0 0.78828125 0.4390625 0.0328125 0.05
18 0.36484375 0.4375 0.0125 0.053125
18 0.54296875 0.440625 0.0125 0.053125
18 0.31796875 0.44140625 0.0125 0.053125
18 0.26953125 0.4390625 0.0125 0.053125
0 0.43046875 0.440625 0.0328125 0.05
18 0.22734375 0.4390625 0.0125 0.053125
18 0.72734375 0.43828125 0.0125 0.05
18 0.771875 0.440625 0.0125 0.053125
18 0.178125 0.43828125 0.0125 0.053125
0 0.603125 0.440625 0.0328125 0.05
18 0.8265625 0.4421875 0.0125 0.053125
18 0.13671875 0.44140625 0.0125 0.053125
18 0.58828125 0.440625 0.0125 0.053125
18 0.09140625 0.4421875 0.0140625 0.053125
21 0.06015625 0.2515625 0.0109375 0.0453125
0 0.2484375 0.28046875 0.05 0.028125
0 0.2890625 0.440625 0.0328125 0.05
0 0.93359375 0.43671875 0.0328125 0.05
0 0.1578125 0.43828125 0.0328125 0.05
18 0.67890625 0.44140625 0.0125 0.053125