18 0.4578125 0.87890625 0.009375 0.00859375
25 0.44296875 0.69609375 0.0203125 0.01875
0 0.5 0.9140625 0.0328125 0.01875
0 0.46328125 0.87109375 0.0078125 0.00859375
15 0.43046875 0.671875 0.009375 0.01484375
0 0.42578125 0.86484375 0.009375 0.0078125
25 0.44375 0.7984375 0.01875 0.0171875
13 0.421875 0.671875 0.01015625 0.01484375
6 0.46796875 0.88125 0.00703125 0.009375
18 0.43828125 0.6625 0.0109375 0.02734375
0 0.42265625 0.7984375 0.01015625 0.009375
0 0.4515625 0.66875 0.0140625 0.015625
0 0.42265625 0.696875 0.0109375 0.00859375
31 0.434375 0.8640625 0.009375 0.0140625
0 0.484375 0.78125 0.065625 0.01875
28 0.4609375 0.803125 0.01328125 0.02265625