18 0.6515625 0.6390625 0.05 0.015625
18 0.65390625 0.50859375 0.0515625 0.0140625
18 0.65234375 0.09609375 0.05 0.0140625
0 0.52421875 0.5296875 0.028125 0.06875
18 0.65234375 0.578125 0.05 0.015625
18 0.65078125 0.9 0.0484375 0.015625
0 0.51328125 0.41796875 0.0515625 0.0421875
18 0.6515625 0.33671875 0.05 0.0140625
0 0.69296875 0.8578125 0.0296875 0.0328125
0 0.69296875 0.725 0.028125 0.0328125
0 0.69375 0.23984375 0.028125 0.0328125
18 0.34921875 0.44140625 0.03125 0.0140625
0 0.66171875 0.91640625 0.015625 0.0109375
0 0.69296875 0.36015625 0.028125 0.0328125
0 0.26953125 0.46953125 0.0140625 0.025
0 0.69375 0.17890625 0.028125 0.0328125
0 0.56640625 0.071875 0.01875 0.0453125
0 0.69296875 0.66328125 0.028125 0.0328125
0 0.6921875 0.534375 0.028125 0.0328125
0 0.69453125 0.30078125 0.028125 0.0328125
0 0.6609375 0.29375 0.015625 0.0109375
0 0.6609375 0.77734375 0.015625 0.0109375
0 0.66171875 0.3515625 0.015625 0.0109375
0 0.6609375 0.528125 0.015625 0.0109375
0 0.69375 0.12109375 0.0296875 0.0328125
0 0.3453125 0.421875 0.0140625 0.0203125
0 0.6609375 0.715625 0.015625 0.0109375
28 0.5125 0.47890625 0.046875 0.025
0 0.6609375 0.41328125 0.015625 0.0109375
25 0.515625 0.446875 0.025 0.015625
0 0.66015625 0.2359375 0.015625 0.0109375
0 0.6609375 0.8515625 0.015625 0.0109375
0 0.69296875 0.921875 0.028125 0.0328125
0 0.69296875 0.78828125 0.028125 0.0328125
0 0.69296875 0.60390625 0.028125 0.0328125
0 0.6609375 0.175 0.015625 0.0109375
0 0.69296875 0.421875 0.028125 0.0328125
31 0.24453125 0.44453125 0.046875 0.04375
18 0.65234375 0.39921875 0.0484375 0.0140625
18 0.65234375 0.15546875 0.0484375 0.0140625
0 0.6609375 0.59375 0.015625 0.0109375
18 0.6515625 0.83515625 0.05 0.015625
0 0.6609375 0.65859375 0.015625 0.0109375
0 0.659375 0.1125 0.015625 0.0109375
18 0.65234375 0.70078125 0.05 0.0140625
18 0.6515625 0.215625 0.05 0.0140625
18 0.6515625 0.27578125 0.046875 0.0140625
18 0.65 0.7640625 0.05 0.0140625