0 0.54296875 0.44140625 0.0625 0.015625
18 0.43359375 0.4328125 0.0171875 0.02265625
0 0.3921875 0.44140625 0.0625 0.01484375
25 0.19375 0.67578125 0.021875 0.028125
18 0.8828125 0.43359375 0.0171875 0.02265625
28 0.228125 0.67734375 0.03515625 0.03359375
21 0.190625 0.721875 0.0171875 0.021875
0 0.24453125 0.62109375 0.07109375 0.0140625
0 0.2671875 0.7234375 0.04140625 0.01484375
18 0.734375 0.43359375 0.0171875 0.02265625
18 0.58359375 0.4328125 0.0171875 0.02265625
18 0.28046875 0.4328125 0.0171875 0.02265625
18 0.190625 0.6171875 0.0171875 0.02265625
0 0.5609375 0.096875 0.0453125 0.01796875
0 0.84609375 0.4328125 0.06328125 0.02890625
0 0.69296875 0.44140625 0.0625 0.015625
0 0.23984375 0.43984375 0.0625 0.015625
0 0.1359375 0.6796875 0.06953125 0.015625