18 0.51171875 0.75078125 0.028125 0.0078125
18 0.51328125 0.5640625 0.0234375 0.0078125
0 0.44921875 0.69921875 0.021875 0.0234375
18 0.4015625 0.684375 0.0109375 0.00625
0 0.51015625 0.66015625 0.0140625 0.015625
18 0.5140625 0.58984375 0.0234375 0.0078125
18 0.41875 0.6546875 0.009375 0.0078125
0 0.5109375 0.60390625 0.0140625 0.015625
18 0.4015625 0.63125 0.0109375 0.00625
14 0.4671875 0.69765625 0.0140625 0.0078125
0 0.4609375 0.61484375 0.015625 0.0171875
0 0.478125 0.5765625 0.015625 0.015625
18 0.51171875 0.67109375 0.028125 0.0078125
0 0.5109375 0.578125 0.0140625 0.015625
18 0.51484375 0.778125 0.0234375 0.0078125
18 0.51328125 0.6421875 0.028125 0.0078125
0 0.40234375 0.61484375 0.0140625 0.01875
0 0.51015625 0.71328125 0.0140625 0.015625
25 0.4671875 0.6328125 0.0171875 0.0140625
18 0.51328125 0.72421875 0.028125 0.0078125
0 0.5109375 0.76640625 0.0140625 0.015625
0 0.51015625 0.6859375 0.0140625 0.015625
0 0.5109375 0.73984375 0.0140625 0.015625
25 0.46640625 0.6859375 0.0171875 0.0140625
14 0.465625 0.64453125 0.0140625 0.0078125
2 0.40390625 0.65625 0.0109375 0.01875
0 0.42890625 0.64921875 0.015625 0.0171875
0 0.51015625 0.63046875 0.0140625 0.015625
0 0.5109375 0.55234375 0.0140625 0.015625
0 0.4609375 0.6671875 0.015625 0.015625
18 0.51171875 0.615625 0.028125 0.0078125
0 0.44921875 0.6453125 0.0203125 0.021875
18 0.51328125 0.69765625 0.0234375 0.0078125
0 0.4015625 0.6875 0.0140625 0.0171875