0 0.1671875 0.696875 0.06796875 0.01796875
28 0.18046875 0.5640625 0.01796875 0.028125
18 0.3234375 0.5796875 0.01171875 0.0265625
4 0.165625 0.51484375 0.01484375 0.0390625
18 0.3609375 0.58046875 0.01171875 0.0265625
0 0.39296875 0.59453125 0.02734375 0.0546875
18 0.4046875 0.5796875 0.01171875 0.0265625
0 0.20078125 0.5390625 0.03828125 0.03125
0 0.31015625 0.59453125 0.02578125 0.0546875
0 0.34921875 0.59296875 0.02578125 0.0546875
25 0.16484375 0.5640625 0.01484375 0.034375
0 0.18671875 0.5140625 0.0265625 0.0234375
18 0.2828125 0.57890625 0.01171875 0.0265625
0 0.18671875 0.475 0.01484375 0.01171875
0 0.27265625 0.59375 0.02578125 0.0546875
18 0.246875 0.57890625 0.01171875 0.0265625
18 0.4578125 0.57734375 0.01171875 0.0265625
0 0.2421875 0.59609375 0.015625 0.0546875
0 0.44453125 0.59375 0.02734375 0.0546875
31 0.16953125 0.4578125 0.015625 0.03515625