6 0.3359375 0.9328125 0.009375 0.0109375
0 0.20703125 0.86171875 0.053125 0.021875
28 0.23984375 0.86015625 0.0109375 0.021875
0 0.1859375 0.92265625 0.0203125 0.009375
2 0.25234375 0.896875 0.0328125 0.021875
0 0.31875 0.85625 0.028125 0.01875
0 0.209375 0.9203125 0.025 0.01875
18 0.18828125 0.93125 0.0125 0.009375
18 0.3140625 0.93046875 0.0140625 0.0109375
6 0.16640625 0.9328125 0.0078125 0.009375
5 0.340625 0.87421875 0.015625 0.01875
0 0.11796875 0.8515625 0.059375 0.009375
0 0.2921875 0.9203125 0.025 0.01875
0 0.27421875 0.859375 0.01875 0.0171875
18 0.271875 0.92265625 0.015625 0.0140625
0 0.315625 0.921875 0.01875 0.0078125
0 0.171875 0.928125 0.0078125 0.0078125
25 0.253125 0.86015625 0.015625 0.0234375
18 0.225 0.92265625 0.0125 0.015625
18 0.3203125 0.87265625 0.015625 0.0125
0 0.3375 0.8875 0.0125 0.009375
0 0.328125 0.92734375 0.009375 0.009375