0 0.5828125 0.5125 0.0421875 0.0296875
18 0.63203125 0.50078125 0.0265625 0.034375
0 0.26015625 0.48125 0.021875 0.01875
0 0.8421875 0.3765625 0.040625 0.0375
25 0.453125 0.425 0.0453125 0.05
18 0.8515625 0.41015625 0.059375 0.0265625
28 0.453125 0.4734375 0.053125 0.03125
6 0.23828125 0.49140625 0.01875 0.01875
0 0.45078125 0.37109375 0.0234375 0.034375
0 0.73046875 0.3703125 0.021875 0.034375
31 0.27734375 0.40390625 0.03125 0.03125
0 0.665625 0.51171875 0.0421875 0.0296875
0 0.2859375 0.3734375 0.01875 0.0296875
25 0.75078125 0.425 0.0453125 0.05
0 0.77265625 0.4984375 0.0421875 0.0296875
18 0.2421875 0.46484375 0.021875 0.0265625
0 0.50859375 0.54140625 0.0640625 0.1296875
18 0.54453125 0.49921875 0.0265625 0.034375