18 0.5578125 0.21328125 0.025 0.01875
18 0.57109375 0.7015625 0.03125 0.025
0 0.6109375 0.14296875 0.084375 0.034375
0 0.5703125 0.671875 0.028125 0.034375
0 0.44453125 0.50546875 0.0296875 0.034375
28 0.553125 0.396875 0.034375 0.04375
0 0.47734375 0.25 0.034375 0.0171875
25 0.50859375 0.65546875 0.053125 0.0375
18 0.4765625 0.56796875 0.03125 0.0203125
15 0.453125 0.68515625 0.025 0.0296875
0 0.45625 0.6375 0.03125 0.01875
0 0.5640625 0.44453125 0.1265625 0.05625
18 0.47578125 0.4921875 0.03125 0.0203125
0 0.44375 0.58046875 0.028125 0.03125
0 0.53828125 0.22890625 0.01875 0.0203125
25 0.50703125 0.3984375 0.053125 0.0375
0 0.453125 0.3921875 0.034375 0.0171875
31 0.509375 0.240625 0.021875 0.025
6 0.58203125 0.20859375 0.015625 0.015625
0 0.53671875 0.73359375 0.034375 0.034375
18 0.50625 0.74296875 0.0265625 0.053125
13 0.47734375 0.6859375 0.025 0.028125