18 0.32265625 0.28046875 0.0203125 0.071875
28 0.8640625 0.08046875 0.028125 0.053125
28 0.04921875 0.409375 0.028125 0.053125
0 0.240625 0.3296875 0.0203125 0.04375
0 0.67578125 0.0359375 0.0609375 0.046875
0 0.06953125 0.328125 0.01875 0.04375
0 0.43203125 0.3296875 0.01875 0.04375
0 0.9140625 0.3296875 0.01875 0.04375
0 0.6265625 0.32890625 0.01875 0.04375
0 0.81875 0.33125 0.01875 0.04375
18 0.51328125 0.275 0.021875 0.084375
18 0.70625 0.2796875 0.0203125 0.071875
18 0.803125 0.28203125 0.0203125 0.071875
18 0.05390625 0.2765625 0.021875 0.075
18 0.15 0.278125 0.0203125 0.071875
0 0.89765625 0.12109375 0.03125 0.034375
0 0.165625 0.32890625 0.01875 0.04375
18 0.22578125 0.28046875 0.0203125 0.071875
0 0.53046875 0.3296875 0.01875 0.04375
0 0.33671875 0.33046875 0.0203125 0.04375
25 0.90234375 0.0875 0.040625 0.04375
18 0.90078125 0.28046875 0.0203125 0.071875
0 0.721875 0.32890625 0.01875 0.04375
18 0.41640625 0.27734375 0.021875 0.0875
18 0.609375 0.278125 0.0203125 0.071875
0 0.05859375 0.45703125 0.103125 0.0453125