4 0.21328125 0.50625 0.08125 0.01875
4 0.2140625 0.55703125 0.08125 0.01875
0 0.21328125 0.575 0.0515625 0.021875
0 0.21328125 0.52421875 0.0515625 0.021875
0 0.2109375 0.47265625 0.0515625 0.021875
0 0.2125 0.62265625 0.0515625 0.021875
4 0.21328125 0.6046875 0.08125 0.01875
4 0.21328125 0.40625 0.08125 0.01875
4 0.2140625 0.3578125 0.08125 0.01875
0 0.2109375 0.32421875 0.0515625 0.021875
0 0.21171875 0.37734375 0.0515625 0.021875
4 0.21328125 0.1890625 0.08125 0.01875
4 0.21328125 0.45703125 0.08125 0.01875
4 0.21484375 0.240625 0.08125 0.01875
0 0.1 0.25703125 0.028125 0.0875
0 0.21328125 0.425 0.0515625 0.021875
4 0.2125 0.3078125 0.08125 0.01875
0 0.2109375 0.26015625 0.0515625 0.021875
0 0.21328125 0.21015625 0.0515625 0.021875