0 0.68203125 0.17265625 0.05625 0.03828125
0 0.67109375 0.85546875 0.0375 0.03828125
0 0.67265625 0.69921875 0.03984375 0.03828125
18 0.6609375 0.22578125 0.0421875 0.01953125
18 0.6609375 0.0640625 0.04140625 0.0203125
18 0.6609375 0.35078125 0.04140625 0.0203125
18 0.66015625 0.66953125 0.04140625 0.0203125
0 0.8234375 0.95390625 0.02734375 0.03046875
0 0.67265625 0.5390625 0.0375 0.03828125
18 0.6609375 0.14375 0.0421875 0.01953125
0 0.67109375 0.09296875 0.0390625 0.03828125
18 0.66015625 0.5109375 0.04140625 0.0203125
0 0.671875 0.3796875 0.03515625 0.03984375
0 0.6828125 0.25390625 0.05625 0.03828125
18 0.66171875 0.82890625 0.04140625 0.0203125