18 0.15546875 0.703125 0.01171875 0.08125
28 0.2828125 0.59375 0.01171875 0.04140625
28 0.41484375 0.59375 0.01171875 0.04140625
28 0.15234375 0.59453125 0.01171875 0.04140625
28 0.19609375 0.59453125 0.01171875 0.04140625
28 0.32734375 0.59453125 0.01171875 0.04140625
0 0.1109375 0.58984375 0.0640625 0.0984375
28 0.3703125 0.5953125 0.01171875 0.04140625
28 0.2390625 0.59375 0.01171875 0.04140625
28 0.45859375 0.59375 0.01171875 0.04140625
18 0.4609375 0.7015625 0.01171875 0.08125
18 0.41796875 0.69921875 0.01171875 0.08125
18 0.37421875 0.7015625 0.01171875 0.08125
0 0.5296875 0.72109375 0.02421875 0.04921875
18 0.33046875 0.7 0.01171875 0.08125
0 0.09609375 0.65 0.01484375 0.0234375
18 0.2859375 0.696875 0.01171875 0.08125
0 0.35390625 0.721875 0.02421875 0.04921875
0 0.18125 0.71953125 0.02421875 0.04921875
0 0.44140625 0.721875 0.02421875 0.04921875
0 0.9265625 0.71953125 0.02421875 0.04921875
0 0.134375 0.71953125 0.02421875 0.04921875
0 0.4859375 0.71953125 0.02421875 0.04921875
0 0.396875 0.721875 0.02421875 0.04921875
0 0.265625 0.72109375 0.02421875 0.04921875
0 0.7921875 0.721875 0.02421875 0.04921875
18 0.24296875 0.703125 0.01171875 0.08125
0 0.665625 0.72109375 0.03359375 0.021875
0 0.70390625 0.71953125 0.02421875 0.04921875
0 0.8828125 0.71953125 0.02421875 0.04921875
18 0.19921875 0.69921875 0.01171875 0.08125
0 0.57265625 0.71953125 0.02421875 0.04921875
0 0.746875 0.7171875 0.02421875 0.04921875
0 0.83515625 0.721875 0.02421875 0.04921875
0 0.2234375 0.72109375 0.02421875 0.04921875
18 0.94609375 0.69921875 0.01171875 0.08125
18 0.90234375 0.70234375 0.01171875 0.08125
18 0.85546875 0.69921875 0.01171875 0.08125
18 0.81171875 0.70234375 0.01171875 0.08125
18 0.76796875 0.7 0.01171875 0.08125
18 0.7234375 0.703125 0.01171875 0.08125
18 0.6796875 0.69921875 0.01171875 0.08125
18 0.6359375 0.703125 0.01171875 0.08125
18 0.5921875 0.7 0.01171875 0.08125
18 0.5484375 0.7 0.01171875 0.08125
0 0.61640625 0.721875 0.02421875 0.04921875
0 0.3078125 0.71953125 0.02421875 0.04921875
18 0.5046875 0.7 0.01171875 0.08125