18 0.7078125 0.74453125 0.0203125 0.07421875
18 0.87734375 0.74296875 0.0203125 0.07421875
0 0.69375 0.68984375 0.01875 0.03984375
0 0.865625 0.690625 0.01875 0.03984375
0 0.61015625 0.6890625 0.01875 0.03984375
0 0.2625 0.9671875 0.0515625 0.04921875
18 0.20078125 0.7390625 0.0203125 0.07265625
0 0.7796875 0.6890625 0.01875 0.03984375
0 0.24296875 0.91484375 0.1296875 0.03984375
0 0.1875 0.68984375 0.01875 0.03984375
18 0.45546875 0.7421875 0.0203125 0.07421875
18 0.79453125 0.74140625 0.0203125 0.07421875
0 0.5125 0.68828125 0.01875 0.03984375
18 0.62421875 0.7375 0.0203125 0.07265625
18 0.28515625 0.73671875 0.0203125 0.07265625
0 0.44140625 0.69140625 0.01875 0.03984375
0 0.271875 0.6890625 0.01875 0.03984375
0 0.1015625 0.690625 0.01875 0.03984375
19 0.5453125 0.728125 0.0453125 0.1015625
18 0.36953125 0.73515625 0.0203125 0.07265625
18 0.11640625 0.73984375 0.0203125 0.07421875
0 0.35625 0.68828125 0.01875 0.03984375