18 0.45078125 0.37578125 0.075 0.0296875
0 0.478125 0.50625 0.234375 0.028125
18 0.446875 0.69375 0.075 0.0296875
0 0.478125 0.20625 0.234375 0.028125
18 0.4515625 0.83828125 0.075 0.0296875
0 0.51328125 0.771875 0.296875 0.028125
7 0.44609375 0.8078125 0.065625 0.0296875
0 0.4796875 0.66171875 0.234375 0.028125
0 0.4796875 0.06875 0.2328125 0.028125
18 0.446875 0.096875 0.075 0.0296875
0 0.4859375 0.34765625 0.234375 0.028125
18 0.44921875 0.2375 0.075 0.0296875
18 0.44765625 0.534375 0.075 0.0296875