0 0.59609375 0.73828125 0.08515625 0.0421875
28 0.7375 0.7390625 0.05234375 0.0359375
31 0.678125 0.88515625 0.05234375 0.0359375
25 0.66796875 0.73828125 0.05 0.05
18 0.79921875 0.5671875 0.0375 0.0625
0 0.8890625 0.58125 0.1609375 0.065625
0 0.73515625 0.8109375 0.08515625 0.0796875
16 0.6796875 0.81640625 0.03046875 0.096875
18 0.39921875 0.56875 0.0375 0.0625
0 0.48828125 0.58046875 0.1609375 0.065625
18 0.59375 0.56875 0.0375 0.0625
0 0.68203125 0.58046875 0.1609375 0.065625
0 0.1203125 0.925 0.09921875 0.065625
0 0.29765625 0.58125 0.1609375 0.065625
18 0.209375 0.56875 0.0375 0.0625