18 0.26796875 0.528125 0.00625 0.01171875
18 0.384375 0.3296875 0.01171875 0.02734375
28 0.334375 0.45859375 0.0140625 0.02421875
0 0.25390625 0.30859375 0.021875 0.0265625
0 0.36015625 0.309375 0.021875 0.0265625
0 0.3 0.4859375 0.0328125 0.02734375
25 0.31953125 0.459375 0.009375 0.02578125
6 0.26875 0.559375 0.00859375 0.01171875
18 0.29453125 0.53828125 0.00625 0.01171875
18 0.3484375 0.33046875 0.01171875 0.02734375
18 0.2421875 0.3296875 0.01171875 0.02734375
0 0.37890625 0.459375 0.06640625 0.028125
0 0.325 0.31015625 0.021875 0.0265625
0 0.43203125 0.5359375 0.01015625 0.08125
18 0.27734375 0.3296875 0.01171875 0.02734375
0 0.396875 0.309375 0.021875 0.0265625
31 0.3203125 0.5125 0.02109375 0.02421875
4 0.3203125 0.48671875 0.00859375 0.021875
6 0.29609375 0.55859375 0.00859375 0.01171875
0 0.3046875 0.4546875 0.02265625 0.0265625
0 0.28984375 0.3109375 0.021875 0.0265625
18 0.3125 0.3296875 0.01171875 0.02734375
0 0.35078125 0.51171875 0.03984375 0.028125