18 0.753125 0.89375 0.05703125 0.0265625
0 0.76171875 0.2734375 0.109375 0.0734375
0 0.73203125 0.49375 0.11328125 0.07421875
7 0.75 0.553125 0.01640625 0.0140625
18 0.75390625 0.45859375 0.05703125 0.0265625
18 0.75078125 0.7859375 0.05703125 0.0265625
0 0.73046875 0.821875 0.10546875 0.078125
18 0.7515625 0.35078125 0.05703125 0.0265625
18 0.75 0.2390625 0.05703125 0.0265625
7 0.74921875 0.6640625 0.01640625 0.0140625
0 0.73203125 0.92734375 0.10390625 0.0765625
0 0.7609375 0.71640625 0.171875 0.08203125
0 0.76015625 0.603125 0.165625 0.07734375
0 0.76015625 0.38515625 0.10390625 0.07421875
0 0.921875 0.6953125 0.04296875 0.31875