0 0.82734375 0.68203125 0.0375 0.05625
0 0.14453125 0.67109375 0.0375 0.0375
0 0.30078125 0.67265625 0.0375 0.040625
18 0.77421875 0.6609375 0.01875 0.0421875
18 0.9359375 0.6609375 0.0203125 0.040625
18 0.64921875 0.6609375 0.0203125 0.040625
18 0.33046875 0.66015625 0.0203125 0.040625
0 0.04609375 0.8234375 0.03125 0.028125
0 0.4609375 0.67265625 0.0375 0.0375
18 0.85625 0.6609375 0.01875 0.0421875
0 0.90703125 0.67109375 0.0375 0.0390625
18 0.4890625 0.66015625 0.0203125 0.040625
0 0.6203125 0.671875 0.040625 0.034375
0 0.74609375 0.6828125 0.0375 0.05625
18 0.17109375 0.66171875 0.0203125 0.040625