18 0.7453125 0.50859375 0.03984375 0.02265625
0 0.71484375 0.6578125 0.13203125 0.02109375
0 0.85859375 0.8 0.02890625 0.24921875
0 0.734375 0.58828125 0.1421875 0.02109375
0 0.71875 0.8921875 0.13203125 0.02109375
0 0.71484375 0.7734375 0.13203125 0.02109375
0 0.734375 0.203125 0.13515625 0.02109375
0 0.71171875 0.40234375 0.1421875 0.02109375
0 0.7375 0.52734375 0.1359375 0.02109375
0 0.7125 0.71953125 0.13203125 0.02109375
18 0.74375 0.93515625 0.0390625 0.02109375
0 0.734375 0.13125 0.13515625 0.02109375
0 0.71328125 0.95703125 0.13203125 0.02109375
18 0.7453125 0.87578125 0.0390625 0.02109375
18 0.746875 0.8140625 0.0390625 0.02109375
18 0.7421875 0.7625 0.0390625 0.02109375
18 0.74453125 0.69765625 0.0390625 0.02734375
18 0.74765625 0.63671875 0.0390625 0.02734375
18 0.74609375 0.57109375 0.03984375 0.02265625
18 0.74609375 0.4484375 0.03984375 0.02265625
18 0.74765625 0.3828125 0.03984375 0.02265625
0 0.73515625 0.2734375 0.13515625 0.02109375
18 0.74375 0.321875 0.03984375 0.02265625
0 0.73828125 0.46640625 0.1421875 0.02109375
18 0.7453125 0.25546875 0.03984375 0.02265625
18 0.74375 0.18671875 0.03984375 0.02265625
18 0.74609375 0.11171875 0.03671875 0.0203125
0 0.7171875 0.8359375 0.13203125 0.02109375
0 0.734375 0.33984375 0.1421875 0.02109375