0 0.3484375 0.375 0.03984375 0.171875
0 0.21796875 0.8140625 0.115625 0.08359375
0 0.14453125 0.3609375 0.03984375 0.171875
4 0.42578125 0.41640625 0.01875 0.20546875
0 0.565625 0.375 0.03984375 0.171875
4 0.75859375 0.41640625 0.01875 0.20546875
4 0.2265625 0.41640625 0.01875 0.20546875
4 0.31953125 0.41953125 0.01875 0.2
21 0.49140625 0.89140625 0.01640625 0.121875
0 0.51328125 0.896875 0.03046875 0.06640625
4 0.6484375 0.41953125 0.01875 0.2
0 0.67421875 0.375 0.03984375 0.171875
4 0.115625 0.4109375 0.01875 0.2
4 0.53671875 0.425 0.01875 0.20546875
4 0.8671875 0.41640625 0.01875 0.20546875
0 0.89609375 0.371875 0.03984375 0.171875
0 0.2484375 0.36953125 0.03984375 0.171875
0 0.453125 0.371875 0.03984375 0.171875
0 0.78515625 0.375 0.03984375 0.171875