18 0.4515625 0.40390625 0.053125 0.02265625
25 0.26015625 0.3953125 0.0515625 0.0203125
6 0.7671875 0.57578125 0.02890625 0.01953125
18 0.45 0.578125 0.05390625 0.025
31 0.57734375 0.43984375 0.06484375 0.0203125
25 0.26015625 0.5703125 0.0515625 0.021875
6 0.76484375 0.39453125 0.02734375 0.021875
18 0.2890625 0.2140625 0.0359375 0.03984375
0 0.465625 0.36875 0.0546875 0.04296875
25 0.36015625 0.5703125 0.05078125 0.01875
0 0.4640625 0.6078125 0.059375 0.04453125
13 0.27109375 0.31484375 0.02578125 0.021875
13 0.26953125 0.271875 0.02578125 0.021875
0 0.23984375 0.15 0.02890625 0.0359375
13 0.26953125 0.67421875 0.02890625 0.0203125
0 0.3609375 0.52109375 0.06640625 0.07109375
0 0.81328125 0.86953125 0.03671875 0.03671875
28 0.36484375 0.35546875 0.05 0.0375
28 0.365625 0.60703125 0.04921875 0.03671875
18 0.29140625 0.753125 0.0359375 0.03828125
0 0.38125 0.71015625 0.09375 0.15078125
0 0.23984375 0.3140625 0.02890625 0.0390625
0 0.3828125 0.2515625 0.0984375 0.15234375
31 0.57578125 0.5265625 0.0609375 0.021875
15 0.2703125 0.15 0.0265625 0.021875
0 0.23828125 0.27109375 0.03046875 0.040625
25 0.36015625 0.39375 0.05078125 0.02421875
0 0.5078125 0.4828125 0.02265625 0.0390625
13 0.2703125 0.60546875 0.02890625 0.0203125
0 0.26171875 0.5203125 0.0609375 0.06875
13 0.2703125 0.36171875 0.02578125 0.021875
0 0.3625 0.4390625 0.06171875 0.0703125
13 0.27109375 0.6390625 0.02890625 0.0203125
15 0.26953125 0.81640625 0.02578125 0.02109375
0 0.2609375 0.43984375 0.05859375 0.07265625
0 0.23984375 0.3546875 0.03203125 0.0390625
18 0.70859375 0.40234375 0.04609375 0.0203125
18 0.71171875 0.58203125 0.04921875 0.0203125