0 0.86328125 0.34375 0.009375 0.0734375
0 0.28828125 0.6703125 0.034375 0.040625
0 0.83203125 0.34296875 0.009375 0.0734375
0 0.740625 0.34375 0.009375 0.0734375
0 0.35234375 0.71328125 0.05 0.025
0 0.646875 0.3484375 0.009375 0.0734375
0 0.58828125 0.3421875 0.009375 0.0734375
0 0.53828125 0.51015625 0.021875 0.0140625
0 0.76953125 0.34296875 0.009375 0.0734375
0 0.33984375 0.66796875 0.025 0.0484375
31 0.2234375 0.684375 0.0125 0.025
0 0.19453125 0.5015625 0.025 0.015625
0 0.2390625 0.66328125 0.0125 0.0125
0 0.234375 0.34921875 0.009375 0.075
25 0.21171875 0.521875 0.009375 0.028125
0 0.14609375 0.3484375 0.01875 0.075
0 0.50390625 0.4953125 0.025 0.015625
0 0.17265625 0.346875 0.009375 0.075
0 0.41796875 0.34765625 0.009375 0.0734375
0 0.6171875 0.34375 0.009375 0.0734375
0 0.3859375 0.3484375 0.009375 0.0734375
0 0.67890625 0.34453125 0.009375 0.0734375
6 0.21171875 0.73203125 0.009375 0.0125
0 0.228125 0.51875 0.021875 0.015625
0 0.290625 0.6203125 0.0328125 0.0375
0 0.709375 0.34375 0.009375 0.0734375
0 0.1265625 0.7140625 0.0484375 0.028125
0 0.1921875 0.6203125 0.0328125 0.0375
6 0.26640625 0.7328125 0.009375 0.0140625
28 0.50859375 0.5171875 0.015625 0.025
18 0.15390625 0.3953125 0.0140625 0.028125
0 0.29375 0.3484375 0.009375 0.075
0 0.3546875 0.3484375 0.009375 0.0734375
18 0.18359375 0.39609375 0.0140625 0.028125
18 0.21328125 0.3953125 0.0140625 0.028125
18 0.24453125 0.39609375 0.0140625 0.028125
18 0.275 0.3953125 0.0140625 0.028125
18 0.3046875 0.39453125 0.0140625 0.028125
18 0.33515625 0.39453125 0.0140625 0.028125
0 0.55625 0.34375 0.009375 0.0734375
18 0.36640625 0.39609375 0.0140625 0.028125
18 0.39765625 0.3953125 0.0140625 0.028125
18 0.42890625 0.3953125 0.0140625 0.028125
18 0.4609375 0.39609375 0.0140625 0.028125
18 0.53671875 0.38984375 0.0140625 0.028125
18 0.5671875 0.390625 0.0140625 0.028125
18 0.59765625 0.390625 0.0140625 0.028125
18 0.6296875 0.390625 0.0140625 0.028125
18 0.66015625 0.38984375 0.0140625 0.028125
18 0.690625 0.390625 0.0140625 0.028125
18 0.72109375 0.390625 0.0140625 0.028125
18 0.75234375 0.390625 0.0140625 0.028125
18 0.78125 0.390625 0.0140625 0.028125
18 0.81328125 0.390625 0.0140625 0.028125
18 0.84453125 0.39140625 0.0140625 0.028125
18 0.8734375 0.390625 0.0140625 0.028125
18 0.90546875 0.38984375 0.0140625 0.028125
0 0.14453125 0.6640625 0.025 0.0484375
0 0.89375 0.34296875 0.0125 0.0734375
18 0.26875 0.58671875 0.009375 0.01875
18 0.21484375 0.58671875 0.009375 0.01875
21 0.2640625 0.7109375 0.009375 0.0203125
21 0.21015625 0.71171875 0.009375 0.0203125
18 0.1609375 0.6453125 0.0125 0.021875
18 0.32109375 0.646875 0.0125 0.021875
31 0.25390625 0.684375 0.0140625 0.028125
5 0.3203125 0.68984375 0.0125 0.021875
0 0.45 0.34921875 0.009375 0.0734375
0 0.2640625 0.3484375 0.009375 0.075
0 0.525 0.3421875 0.0078125 0.0734375
0 0.1953125 0.6765625 0.034375 0.0390625
5 0.15859375 0.68984375 0.0125 0.021875
28 0.19765625 0.5234375 0.015625 0.025
0 0.80078125 0.34375 0.009375 0.0734375
0 0.32421875 0.346875 0.009375 0.0734375
0 0.20390625 0.34765625 0.009375 0.075
25 0.521875 0.5140625 0.009375 0.0265625