4 0.29140625 0.409375 0.034375 0.10625
0 0.5078125 0.578125 0.05625 0.0328125
28 0.2234375 0.27734375 0.071875 0.109375
0 0.221875 0.17890625 0.096875 0.078125
0 0.725 0.4046875 0.078125 0.0578125
4 0.790625 0.409375 0.034375 0.10625
0 0.69921875 0.1703125 0.096875 0.075
25 0.2984375 0.24296875 0.053125 0.109375
25 0.78984375 0.2421875 0.053125 0.1109375
31 0.3921875 0.509375 0.128125 0.115625
0 0.2265625 0.396875 0.078125 0.06875
28 0.715625 0.28046875 0.065625 0.115625
0 0.8640625 0.23984375 0.0765625 0.075
0 0.36484375 0.2375 0.0796875 0.08125
31 0.684375 0.5078125 0.1421875 0.109375
0 0.09375 0.65546875 0.0546875 0.04375