4 0.34765625 0.5328125 0.01875 0.0265625
0 0.29296875 0.60546875 0.0484375 0.0375
31 0.5390625 0.58125 0.0515625 0.015625
0 0.57578125 0.48515625 0.075 0.0421875
0 0.2859375 0.4625 0.075 0.01875
0 0.5390625 0.5640625 0.05 0.021875
12 0.65 0.60546875 0.0265625 0.0375
4 0.6328125 0.53203125 0.01875 0.0265625
0 0.3171875 0.5328125 0.0375 0.025
28 0.6328125 0.48671875 0.0375 0.0265625
31 0.4375 0.58203125 0.04375 0.015625
0 0.4015625 0.4859375 0.071875 0.04375
0 0.603125 0.53359375 0.0375 0.028125
12 0.33046875 0.60546875 0.028125 0.0390625
0 0.43984375 0.5640625 0.0453125 0.021875
28 0.34453125 0.4875 0.0390625 0.03125
0 0.68828125 0.60625 0.0484375 0.0375