18 0.5359375 0.5796875 0.0078125 0.015625
18 0.75859375 0.5796875 0.0078125 0.015625
10 0.6671875 0.621875 0.009375 0.0125
0 0.64296875 0.625 0.015625 0.0171875
0 0.56484375 0.72734375 0.01875 0.01875
18 0.7265625 0.5796875 0.0078125 0.015625
28 0.7125 0.66640625 0.0140625 0.01875
0 0.51484375 0.57265625 0.015625 0.028125
18 0.69453125 0.5796875 0.0078125 0.015625
0 0.578125 0.57265625 0.01875 0.028125
18 0.6640625 0.57890625 0.0078125 0.015625
23 0.47109375 0.55 0.015625 0.01875
0 0.64453125 0.68828125 0.0125 0.01875
18 0.63203125 0.57890625 0.0078125 0.015625
18 0.6 0.57890625 0.0078125 0.015625
18 0.56796875 0.57890625 0.0078125 0.015625
18 0.8546875 0.58046875 0.0078125 0.015625
0 0.71484375 0.68671875 0.0125 0.015625
0 0.38125 0.56640625 0.025 0.015625
0 0.87734375 0.659375 0.009375 0.009375
18 0.82265625 0.5796875 0.0078125 0.015625
0 0.484375 0.5734375 0.015625 0.028125
0 0.47734375 0.52734375 0.0375 0.0265625
28 0.64140625 0.66640625 0.0140625 0.01875
0 0.4515625 0.540625 0.01875 0.028125
0 0.80078125 0.571875 0.015625 0.028125
0 0.7296875 0.66640625 0.01875 0.015625
10 0.6890625 0.621875 0.009375 0.0125
18 0.79140625 0.57890625 0.0078125 0.015625
0 0.62421875 0.665625 0.01875 0.01875
25 0.653125 0.665625 0.009375 0.0171875
0 0.665625 0.6671875 0.0140625 0.015625
0 0.76953125 0.571875 0.015625 0.028125
0 0.70703125 0.571875 0.015625 0.028125
18 0.50390625 0.5796875 0.0078125 0.015625
18 0.47265625 0.58125 0.0078125 0.015625
0 0.6421875 0.571875 0.015625 0.028125
25 0.70078125 0.66640625 0.009375 0.015625
18 0.44140625 0.5484375 0.0078125 0.015625
0 0.86484375 0.57265625 0.015625 0.028125
0 0.546875 0.571875 0.015625 0.028125
0 0.8328125 0.571875 0.015625 0.028125
5 0.4015625 0.56796875 0.0125 0.0203125
2 0.67890625 0.63984375 0.021875 0.015625
0 0.7375 0.57265625 0.015625 0.028125
0 0.6734375 0.571875 0.015625 0.028125
0 0.61171875 0.571875 0.015625 0.028125
0 0.68828125 0.6671875 0.015625 0.015625
0 0.715625 0.62421875 0.015625 0.01875