0 0.89921875 0.49453125 0.009375 0.0421875
0 0.621875 0.4265625 0.01875 0.05
0 0.12734375 0.45234375 0.01875 0.046875
0 0.4 0.4265625 0.01875 0.046875
0 0.83203125 0.33515625 0.03125 0.040625
9 0.659375 0.48828125 0.00625 0.021875
0 0.9140625 0.425 0.01875 0.046875
0 0.70078125 0.425 0.01875 0.046875
0 0.8796875 0.275 0.025 0.025
0 0.79375 0.42421875 0.01875 0.0484375
0 0.025 0.46796875 0.01875 0.046875
0 0.53203125 0.71953125 0.00625 0.0171875
0 0.76484375 0.4265625 0.01875 0.05
9 0.87578125 0.48515625 0.00625 0.021875
0 0.54296875 0.4265625 0.01875 0.0484375
9 0.8140625 0.48671875 0.00625 0.021875
0 0.5171875 0.42578125 0.01875 0.0484375
0 0.77890625 0.496875 0.009375 0.0421875
9 0.7828125 0.490625 0.00625 0.021875
9 0.721875 0.48984375 0.00625 0.021875
28 0.86171875 0.31484375 0.01875 0.0390625
0 0.59765625 0.4265625 0.01875 0.0484375
0 0.0546875 0.46640625 0.01875 0.05
0 0.684375 0.496875 0.009375 0.0421875
0 0.2234375 0.4265625 0.01875 0.0484375
0 0.15234375 0.42578125 0.01875 0.0484375
0 0.928125 0.496875 0.009375 0.0421875
0 0.965625 0.2890625 0.05 0.0109375
19 0.96328125 0.41953125 0.0140625 0.028125
19 0.93203125 0.41875 0.0140625 0.0296875
18 0.90390625 0.41328125 0.0078125 0.01875
18 0.87578125 0.4140625 0.00625 0.01875
18 0.84609375 0.4140625 0.00625 0.01875
18 0.78359375 0.41484375 0.0078125 0.021875
18 0.8140625 0.4140625 0.00625 0.01875
18 0.75078125 0.41484375 0.00625 0.01875
18 0.721875 0.4140625 0.0078125 0.021875
18 0.690625 0.41484375 0.0078125 0.021875
0 0.31171875 0.42734375 0.01875 0.046875
18 0.659375 0.41328125 0.00625 0.01875
18 0.6125 0.4140625 0.0078125 0.01875
0 0.09921875 0.4265625 0.01875 0.0484375
18 0.5875 0.4140625 0.0078125 0.01875
18 0.56171875 0.41328125 0.00625 0.01875
18 0.5328125 0.41328125 0.0078125 0.01875
18 0.5046875 0.41328125 0.0078125 0.01875
18 0.4765625 0.4140625 0.009375 0.021875
19 0.4390625 0.41953125 0.0140625 0.0296875
18 0.38671875 0.41328125 0.00625 0.01875
0 0.85625 0.425 0.01875 0.046875
18 0.29765625 0.41328125 0.00625 0.01875
18 0.20859375 0.41328125 0.00625 0.01875
18 0.14140625 0.4140625 0.00625 0.01875
0 0.825 0.42421875 0.01875 0.05
19 0.11328125 0.41953125 0.0140625 0.03125
0 0.83984375 0.4921875 0.009375 0.0421875
18 0.08984375 0.4125 0.00625 0.01875
18 0.053125 0.41328125 0.00625 0.01875
18 0.0265625 0.4140625 0.009375 0.0171875
18 0.8625 0.27734375 0.00625 0.01875
0 0.6546875 0.49609375 0.009375 0.0421875
0 0.73203125 0.425 0.01875 0.046875
0 0.4546875 0.42578125 0.015625 0.05
0 0.8078125 0.490625 0.009375 0.0421875
0 0.98125 0.428125 0.015625 0.046875
0 0.94765625 0.425 0.015625 0.046875
0 0.6703125 0.42421875 0.01875 0.05
9 0.8453125 0.484375 0.00625 0.021875
0 0.86953125 0.49140625 0.009375 0.0421875
0 0.57265625 0.42578125 0.01875 0.046875
0 0.715625 0.496875 0.009375 0.0421875
9 0.90390625 0.4859375 0.00625 0.021875
0 0.8859375 0.425 0.01875 0.0484375
9 0.690625 0.48984375 0.00625 0.021875
0 0.4890625 0.4265625 0.01875 0.046875