31 0.64921875 0.78828125 0.021875 0.0125
18 0.60078125 0.80390625 0.015625 0.00859375
18 0.66796875 0.803125 0.015625 0.00859375
0 0.68203125 0.74453125 0.00859375 0.01328125
0 0.66953125 0.74296875 0.009375 0.015625
0 0.63359375 0.7953125 0.009375 0.0078125
0 0.60546875 0.79375 0.0078125 0.00703125
0 0.68125 0.8171875 0.009375 0.01328125
0 0.60625 0.76875 0.0078125 0.00546875
31 0.64921875 0.76875 0.021875 0.0125
6 0.68359375 0.7546875 0.009375 0.00703125
6 0.6828125 0.8015625 0.009375 0.00703125
28 0.58125 0.80078125 0.015625 0.009375
0 0.53046875 0.71875 0.03984375 0.04140625
28 0.5796875 0.75390625 0.015625 0.009375
0 0.5421875 0.8234375 0.03984375 0.04140625
0 0.634375 0.7625 0.00859375 0.0078125
0 0.66953125 0.8171875 0.00859375 0.01640625
0 0.57109375 0.77890625 0.0078125 0.034375
18 0.66796875 0.75625 0.015625 0.00859375
18 0.60078125 0.75625 0.015625 0.00859375