0 0.45390625 0.5484375 0.0375 0.028125
28 0.884375 0.49609375 0.0625 0.0625
6 0.24765625 0.446875 0.05 0.04375
31 0.40703125 0.48125 0.14375 0.0921875
0 0.75625 0.50078125 0.075 0.0734375
0 0.84296875 0.36015625 0.0453125 0.103125
6 0.24609375 0.65859375 0.05 0.04375
4 0.765625 0.44453125 0.08125 0.040625
0 0.9515625 0.5359375 0.06875 0.1703125
0 0.33671875 0.4015625 0.034375 0.028125
0 0.753125 0.71484375 0.075 0.0734375
31 0.4046875 0.62265625 0.14375 0.0921875
0 0.8390625 0.58125 0.0453125 0.103125
0 0.95 0.74453125 0.06875 0.1703125
18 0.30625 0.4375 0.06875 0.0359375
28 0.88203125 0.70390625 0.0625 0.0625
0 0.33671875 0.69453125 0.04375 0.028125
25 0.87734375 0.65390625 0.06875 0.034375
18 0.31015625 0.6671875 0.06875 0.0390625
0 0.87890625 0.146875 0.05625 0.221875
25 0.87578125 0.4453125 0.06875 0.034375
4 0.765625 0.65546875 0.08125 0.040625