0 0.365625 0.6765625 0.09453125 0.05546875
0 0.459375 0.49453125 0.209375 0.05
0 0.4796875 0.296875 0.10625 0.07421875
13 0.68515625 0.24921875 0.0578125 0.04375
21 0.54375 0.6640625 0.22265625 0.05
0 0.58046875 0.8296875 0.053125 0.025
25 0.5578125 0.38984375 0.03515625 0.0484375
0 0.4734375 0.41484375 0.121875 0.08125
13 0.61640625 0.25 0.0578125 0.04375
28 0.61953125 0.37265625 0.071875 0.05859375
8 0.30859375 0.55703125 0.03671875 0.04453125
0 0.29921875 0.521875 0.11484375 0.03046875
1 0.70078125 0.6640625 0.06953125 0.0875
0 0.48671875 0.10078125 0.06796875 0.07890625
25 0.5578125 0.275 0.034375 0.04921875
0 0.7671875 0.3859375 0.20859375 0.11171875
13 0.7546875 0.24921875 0.0578125 0.04375
4 0.55703125 0.06484375 0.0484375 0.07109375
15 0.61484375 0.29609375 0.0609375 0.04296875
6 0.68828125 0.80859375 0.075 0.05
0 0.234375 0.9484375 0.309375 0.0359375
18 0.45703125 0.54609375 0.075 0.0359375
18 0.575 0.796875 0.078125 0.0390625