0 0.2984375 0.6390625 0.02421875 0.0484375
7 0.37578125 0.528125 0.03125 0.0140625
10 0.32734375 0.6375 0.0390625 0.0265625
0 0.52578125 0.41796875 0.04140625 0.0578125
21 0.275 0.5859375 0.034375 0.01796875
0 0.528125 0.721875 0.046875 0.0625
21 0.371875 0.64140625 0.034375 0.01796875
0 0.346875 0.7703125 0.103125 0.1359375
6 0.50234375 0.371875 0.028125 0.0203125
7 0.3765625 0.65625 0.03125 0.0140625
6 0.50390625 0.76953125 0.02734375 0.0203125
0 0.34765625 0.3796875 0.1 0.1375
2 0.35703125 0.5765625 0.03125 0.05546875
21 0.37421875 0.5125 0.034375 0.01796875
0 0.296875 0.50078125 0.0234375 0.05078125
18 0.33125 0.4734375 0.0515625 0.02421875
18 0.33046875 0.684375 0.0515625 0.028125
0 0.1828125 0.8328125 0.07265625 0.165625
18 0.49453125 0.4203125 0.028125 0.025
18 0.4953125 0.721875 0.0265625 0.02421875
10 0.32734375 0.50078125 0.03984375 0.028125
7 0.278125 0.6015625 0.03125 0.0140625