18 0.74453125 0.2921875 0.075 0.0203125
18 0.74296875 0.12265625 0.075 0.0203125
0 0.68984375 0.30625 0.040625 0.01875
0 0.690625 0.134375 0.040625 0.01875
0 0.6890625 0.38984375 0.040625 0.01875
0 0.9671875 0.7375 0.05 0.0515625
18 0.7390625 0.79921875 0.071875 0.0203125
0 0.6890625 0.2203125 0.040625 0.01875
0 0.91484375 0.75703125 0.040625 0.1296875
0 0.68984375 0.8125 0.040625 0.01875
18 0.7421875 0.54453125 0.075 0.0203125
18 0.74140625 0.20546875 0.075 0.0203125
0 0.68828125 0.4875 0.040625 0.01875
18 0.7375 0.37578125 0.071875 0.0203125
18 0.73671875 0.71484375 0.071875 0.0203125
0 0.69140625 0.55859375 0.040625 0.01875
0 0.6890625 0.728125 0.040625 0.01875
0 0.690625 0.8984375 0.040625 0.01875
19 0.728125 0.4546875 0.1015625 0.0453125
18 0.73515625 0.63046875 0.071875 0.0203125
18 0.73984375 0.88359375 0.075 0.0203125
0 0.68828125 0.64375 0.040625 0.01875