18 0.3484375 0.3609375 0.05 0.015625
18 0.34609375 0.49140625 0.0515625 0.0140625
18 0.34765625 0.90390625 0.05 0.0140625
0 0.47578125 0.4703125 0.028125 0.06953125
18 0.34765625 0.421875 0.05078125 0.01640625
18 0.34921875 0.1 0.0484375 0.01484375
0 0.48671875 0.58203125 0.0515625 0.0421875
18 0.3484375 0.66328125 0.04921875 0.0140625
0 0.30703125 0.1421875 0.02890625 0.0328125
0 0.30703125 0.275 0.02890625 0.0328125
0 0.30625 0.76015625 0.02890625 0.0328125
18 0.65078125 0.55859375 0.03125 0.0140625
0 0.33828125 0.08359375 0.015625 0.0109375
0 0.30703125 0.63984375 0.02890625 0.0328125
0 0.73046875 0.53046875 0.0140625 0.02421875
0 0.30625 0.82109375 0.02890625 0.0328125
0 0.43359375 0.928125 0.01875 0.0453125
0 0.30703125 0.33671875 0.02890625 0.0328125
0 0.3078125 0.465625 0.02890625 0.0328125
0 0.30546875 0.69921875 0.02890625 0.0328125
0 0.3390625 0.70625 0.015625 0.0109375
0 0.3390625 0.22265625 0.015625 0.0109375
0 0.33828125 0.6484375 0.015625 0.0109375
0 0.3390625 0.471875 0.015625 0.0109375
0 0.30625 0.87890625 0.02890625 0.0328125
0 0.6546875 0.578125 0.0140625 0.0203125
0 0.3390625 0.284375 0.015625 0.0109375
28 0.4875 0.52109375 0.04609375 0.02578125
0 0.3390625 0.58671875 0.015625 0.0109375
25 0.484375 0.553125 0.02578125 0.015625
0 0.33984375 0.7640625 0.015625 0.0109375
0 0.3390625 0.1484375 0.015625 0.0109375
0 0.30703125 0.078125 0.02890625 0.0328125
0 0.30703125 0.21171875 0.02890625 0.0328125
0 0.30703125 0.39609375 0.02890625 0.0328125
0 0.3390625 0.825 0.015625 0.0109375
0 0.30703125 0.578125 0.02890625 0.0328125
31 0.75546875 0.55546875 0.04765625 0.04296875
18 0.34765625 0.60078125 0.0484375 0.0140625
18 0.34765625 0.84453125 0.0484375 0.0140625
0 0.3390625 0.40625 0.015625 0.0109375
18 0.3484375 0.16484375 0.05 0.01484375
0 0.3390625 0.34140625 0.015625 0.0109375
0 0.340625 0.8875 0.015625 0.0109375
18 0.34765625 0.29921875 0.04921875 0.0140625
18 0.3484375 0.784375 0.04921875 0.0140625
18 0.3484375 0.72421875 0.04765625 0.0140625
18 0.35 0.2359375 0.04921875 0.0140625