18 0.52421875 0.203125 0.04375 0.015625
18 0.525 0.28515625 0.04375 0.015625
0 0.4953125 0.47734375 0.04375 0.046875
18 0.7328125 0.3171875 0.01875 0.01875
0 0.5015625 0.39375 0.03125 0.0453125
0 0.4953125 0.2296875 0.04375 0.0453125
0 0.659375 0.31953125 0.034375 0.040625
0 0.4984375 0.06328125 0.0390625 0.0453125
0 0.76875 0.32265625 0.021875 0.04375
0 0.503125 0.31171875 0.0296875 0.0453125
0 0.60078125 0.3234375 0.0125 0.0359375
25 0.603125 0.29765625 0.015625 0.0125
0 0.5015625 0.55859375 0.03125 0.0453125
0 0.49609375 0.146875 0.04375 0.0453125
0 0.78203125 0.0640625 0.01875 0.1125
0 0.73984375 0.34375 0.021875 0.0375
0 0.7828125 0.1953125 0.01875 0.125
18 0.52421875 0.5328125 0.04375 0.015625
21 0.7765625 0.29453125 0.0375 0.0125
18 0.525 0.45078125 0.04375 0.0140625
18 0.52421875 0.36796875 0.0453125 0.0140625
18 0.66484375 0.29375 0.0375 0.0140625
18 0.5234375 0.0375 0.04375 0.015625
18 0.525 0.1203125 0.04375 0.015625