0 0.640625 0.421875 0.059375 0.0265625
28 0.5484375 0.80703125 0.0453125 0.04375
0 0.4765625 0.721875 0.084375 0.059375
0 0.48828125 0.83046875 0.0859375 0.0625
28 0.546875 0.7203125 0.0453125 0.04375
25 0.55 0.76484375 0.071875 0.05
0 0.79453125 0.40078125 0.040625 0.0265625
25 0.5484375 0.67734375 0.071875 0.05
4 0.68203125 0.46484375 0.034375 0.065625
31 0.6046875 0.390625 0.0421875 0.05
0 0.53046875 0.23359375 0.1484375 0.040625
0 0.67890625 0.78828125 0.16875 0.0265625
0 0.48828125 0.403125 0.040625 0.0265625
18 0.70390625 0.37890625 0.040625 0.0265625
31 0.67578125 0.38671875 0.0421875 0.05
0 0.7140625 0.403125 0.0515625 0.025
0 0.6265625 0.70234375 0.1 0.059375
6 0.775 0.371875 0.040625 0.04375
0 0.6171875 0.528125 0.0390625 0.05625
0 0.5578125 0.403125 0.046875 0.025
18 0.5703125 0.37734375 0.0375 0.034375
6 0.50703125 0.371875 0.040625 0.04375
0 0.65859375 0.52734375 0.0390625 0.05625
4 0.58984375 0.46796875 0.034375 0.065625