0 0.65546875 0.72421875 0.1125 0.11875
18 0.54140625 0.60390625 0.0265625 0.065625
6 0.4875 0.3796875 0.025 0.0375
0 0.21796875 0.71484375 0.1171875 0.1109375
18 0.3265625 0.6015625 0.0265625 0.065625
0 0.321875 0.42421875 0.0453125 0.021875
0 0.58828125 0.58828125 0.065625 0.0296875
0 0.528125 0.42109375 0.05 0.021875
0 0.40703125 0.53203125 0.0359375 0.04375
0 0.44453125 0.53515625 0.034375 0.04375
0 0.0453125 0.82421875 0.046875 0.025
31 0.4453125 0.48046875 0.03125 0.065625
18 0.49296875 0.428125 0.01875 0.0359375
0 0.52421875 0.37890625 0.04375 0.025
6 0.3640625 0.38046875 0.028125 0.034375
18 0.3703125 0.42734375 0.01875 0.0359375
0 0.32734375 0.37890625 0.04375 0.0203125
28 0.30234375 0.72265625 0.0328125 0.059375
25 0.54609375 0.721875 0.025 0.0546875
28 0.5765625 0.7234375 0.0328125 0.0625
0 0.27578125 0.5875 0.071875 0.03125
25 0.3328125 0.721875 0.0203125 0.05625
31 0.4046875 0.48203125 0.034375 0.065625