0 0.33125 0.3671875 0.09453125 0.02421875
0 0.5078125 0.54375 0.05859375 0.02578125
20 0.3734375 0.52890625 0.04453125 0.0765625
0 0.32421875 0.54453125 0.05859375 0.02578125
20 0.45234375 0.5265625 0.04453125 0.0765625
6 0.5796875 0.628125 0.04609375 0.04375
25 0.47109375 0.18828125 0.05390625 0.08125
0 0.5765625 0.5953125 0.04453125 0.02578125
0 0.50234375 0.59375 0.05234375 0.02578125
0 0.33671875 0.5953125 0.05234375 0.02578125
9 0.47421875 0.434375 0.040625 0.115625
18 0.50546875 0.621875 0.04375 0.02890625
18 0.346875 0.6203125 0.04609375 0.0296875
6 0.27421875 0.62890625 0.04609375 0.04375
0 0.35625 0.46796875 0.04375 0.06015625
0 0.25390625 0.596875 0.05234375 0.02578125
2 0.42890625 0.31015625 0.05234375 0.05546875
0 0.434375 0.4703125 0.04375 0.06015625
0 0.56953125 0.73359375 0.15078125 0.0328125
0 0.34609375 0.1953125 0.1765625 0.0328125
9 0.39140625 0.4390625 0.04375 0.1234375
0 0.6078125 0.17265625 0.0859375 0.07109375
0 0.52421875 0.36640625 0.09453125 0.03125
28 0.5296875 0.18671875 0.04765625 0.0421875