4 0.65234375 0.4671875 0.01875 0.0265625
0 0.70703125 0.39453125 0.0484375 0.0375
31 0.4609375 0.41875 0.0515625 0.015625
0 0.42421875 0.51484375 0.075 0.0421875
0 0.7140625 0.5375 0.075 0.01875
0 0.4609375 0.4359375 0.05 0.021875
12 0.35 0.39453125 0.0265625 0.0375
4 0.3671875 0.46796875 0.01875 0.0265625
0 0.6828125 0.4671875 0.0375 0.025
28 0.3671875 0.51328125 0.0375 0.0265625
31 0.5625 0.41796875 0.04375 0.015625
0 0.5984375 0.5140625 0.071875 0.04375
0 0.396875 0.46640625 0.0375 0.028125
12 0.66953125 0.39453125 0.028125 0.0390625
0 0.56015625 0.4359375 0.0453125 0.021875
28 0.65546875 0.5125 0.0390625 0.03125
0 0.31171875 0.39375 0.0484375 0.0375