4 0.63515625 0.25625 0.0453125 0.121875
0 0.1328125 0.1109375 0.221875 0.16875
0 0.846875 0.11484375 0.215625 0.1734375
0 0.1515625 0.5203125 0.1125 0.11875
4 0.3484375 0.2578125 0.040625 0.1203125
0 0.2703125 0.45703125 0.10625 0.078125
18 0.70546875 0.3875 0.0796875 0.065625
0 0.7109375 0.4578125 0.0953125 0.0765625
0 0.70234375 0.25703125 0.078125 0.1140625
5 0.15859375 0.41328125 0.084375 0.0953125
18 0.2796875 0.3890625 0.078125 0.065625
0 0.49375 0.43671875 0.05 0.034375
25 0.34140625 0.11015625 0.053125 0.1015625
5 0.83046875 0.409375 0.0875 0.09375
31 0.58046875 0.46875 0.096875 0.09375
31 0.4109375 0.46953125 0.0953125 0.109375
0 0.8359375 0.5234375 0.103125 0.1296875
0 0.56015625 0.14765625 0.0796875 0.1265625
0 0.40703125 0.1515625 0.075 0.140625
28 0.69765625 0.11015625 0.06875 0.1125
0 0.10859375 0.69609375 0.1765625 0.0984375
28 0.2765625 0.1078125 0.0640625 0.1140625
25 0.63203125 0.11171875 0.053125 0.109375
0 0.28359375 0.25546875 0.08125 0.1109375