19 0.87890625 0.48359375 0.071875 0.015625
28 0.903125 0.08828125 0.0265625 0.00625
18 0.884375 0.21640625 0.059375 0.00625
0 0.87890625 0.30859375 0.0375 0.009375
0 0.8796875 0.2078125 0.0375 0.009375
18 0.88515625 0.64921875 0.0625 0.00625
0 0.86484375 0.47421875 0.0703125 0.015625
0 0.96328125 0.071875 0.01875 0.0078125
11 0.82734375 0.54140625 0.0296875 0.009375
0 0.865625 0.44140625 0.06875 0.015625
18 0.8875 0.18359375 0.0625 0.00625
0 0.8796875 0.840625 0.0375 0.009375
0 0.88125 0.175 0.0375 0.009375
0 0.878125 0.8734375 0.0375 0.009375
0 0.8796875 0.60703125 0.0375 0.0109375
0 0.88203125 0.740625 0.0375 0.009375
0 0.8796875 0.80703125 0.0375 0.009375
18 0.75 0.08515625 0.03125 0.00625
0 0.74609375 0.0953125 0.015625 0.0125
0 0.884375 0.5078125 0.0296875 0.009375
18 0.8859375 0.7828125 0.0625 0.00625
18 0.88515625 0.8828125 0.059375 0.00625
0 0.8796875 0.27421875 0.0375 0.009375
0 0.88046875 0.53671875 0.0375 0.009375
0 0.8796875 0.640625 0.0375 0.0109375
0 0.80390625 0.53984375 0.015625 0.0078125
18 0.84296875 0.08515625 0.04375 0.00625
0 0.87890625 0.77421875 0.0375 0.0109375
0 0.8796875 0.37421875 0.0375 0.009375
18 0.88515625 0.8484375 0.059375 0.00625
18 0.88359375 0.815625 0.059375 0.00625
0 0.83828125 0.09375 0.025 0.0125
0 0.87890625 0.67421875 0.0375 0.0109375
18 0.88359375 0.6828125 0.059375 0.00625
0 0.87890625 0.70703125 0.0375 0.0109375
18 0.88203125 0.51640625 0.0625 0.00625
18 0.8828125 0.61640625 0.059375 0.00625
0 0.87890625 0.24140625 0.0375 0.009375
18 0.884375 0.715625 0.0625 0.00625
18 0.88671875 0.3171875 0.059375 0.00625
18 0.8859375 0.74921875 0.0625 0.00625
18 0.8828125 0.28359375 0.059375 0.00625
18 0.88359375 0.24921875 0.059375 0.00625
18 0.8859375 0.54921875 0.0625 0.00625
19 0.87734375 0.45078125 0.071875 0.015625
0 0.8765625 0.09140625 0.0265625 0.0125
18 0.884375 0.3828125 0.0625 0.00625