18 0.70390625 0.74140625 0.00546875 0.015625
0 0.6125 0.74140625 0.0125 0.01328125
18 0.23046875 0.7421875 0.00546875 0.015625
18 0.54140625 0.74296875 0.00546875 0.015625
18 0.41875 0.7421875 0.00546875 0.015625
18 0.44609375 0.74140625 0.00546875 0.015625
0 0.35625 0.74140625 0.0125 0.01328125
18 0.284375 0.7421875 0.00546875 0.015625
0 0.559375 0.740625 0.0125 0.01328125
0 0.221875 0.740625 0.0125 0.01328125
18 0.25703125 0.74296875 0.00546875 0.015625
0 0.6953125 0.73984375 0.0125 0.01328125
18 0.33828125 0.7421875 0.00546875 0.015625
0 0.53359375 0.74140625 0.0125 0.01328125
0 0.3296875 0.740625 0.0125 0.01328125
0 0.496875 0.7765625 0.0140625 0.00859375
0 0.4359375 0.740625 0.0125 0.01328125
0 0.38359375 0.74140625 0.0125 0.01328125
0 0.27421875 0.740625 0.0125 0.01328125
18 0.3109375 0.74140625 0.00546875 0.015625
0 0.3015625 0.740625 0.0125 0.01328125
0 0.5859375 0.74140625 0.0125 0.01328125
18 0.36484375 0.74296875 0.00546875 0.015625
0 0.64140625 0.74140625 0.0125 0.01328125
0 0.66796875 0.73984375 0.0125 0.01328125
0 0.41015625 0.740625 0.0125 0.01328125
0 0.2484375 0.740625 0.0125 0.01328125
18 0.39296875 0.74140625 0.00546875 0.015625
18 0.56875 0.74296875 0.00546875 0.015625
18 0.59609375 0.7421875 0.00546875 0.015625
18 0.62265625 0.74296875 0.00546875 0.015625
18 0.65 0.7421875 0.00546875 0.015625
18 0.67734375 0.7421875 0.00546875 0.015625