0 0.7125 0.68046875 0.025 0.04375
0 0.1484375 0.68125 0.025 0.04375
0 0.5953125 0.68046875 0.025 0.04375
0 0.38046875 0.6046875 0.028125 0.021875
0 0.4921875 0.56328125 0.0234375 0.0234375
9 0.496875 0.6109375 0.0203125 0.0359375
0 0.478125 0.6828125 0.025 0.04375
18 0.16953125 0.7359375 0.025 0.0796875
0 0.23671875 0.68203125 0.025 0.04375
0 0.05625 0.96171875 0.075 0.046875
0 0.403125 0.5875 0.028125 0.01875
28 0.41953125 0.92890625 0.03125 0.053125
0 0.5234375 0.93203125 0.175 0.046875
0 0.4625 0.5796875 0.025 0.021875
18 0.25859375 0.7359375 0.025 0.0796875
0 0.41796875 0.68359375 0.025 0.04375
18 0.61640625 0.7375 0.025 0.0796875
18 0.8546875 0.73828125 0.025 0.0796875
18 0.734375 0.73046875 0.025 0.06875
18 0.43671875 0.734375 0.025 0.071875
18 0.496875 0.7328125 0.028125 0.078125
21 0.41484375 0.60625 0.01875 0.0421875
21 0.47421875 0.60625 0.01875 0.0421875
9 0.4375 0.61015625 0.0203125 0.0359375
0 0.8359375 0.68125 0.025 0.04375
0 0.328125 0.61484375 0.0578125 0.053125
0 0.52109375 0.578125 0.0234375 0.021875
0 0.43125 0.56171875 0.021875 0.01875