18 0.3875 0.2703125 0.009375 0.125
18 0.36015625 0.26796875 0.0078125 0.125
0 0.9546875 0.290625 0.009375 0.1
0 0.76015625 0.28828125 0.009375 0.1
18 0.165625 0.27265625 0.0078125 0.125
18 0.19453125 0.2703125 0.009375 0.125
18 0.22109375 0.26796875 0.0078125 0.125
18 0.2484375 0.2703125 0.0078125 0.125
18 0.2765625 0.2703125 0.0078125 0.125
18 0.30390625 0.27265625 0.0078125 0.125
18 0.33125 0.2703125 0.0078125 0.125
18 0.44296875 0.27265625 0.009375 0.125
18 0.13828125 0.275 0.0078125 0.125
18 0.7765625 0.27265625 0.0078125 0.125
18 0.665625 0.27265625 0.0078125 0.125
18 0.55390625 0.26796875 0.009375 0.125
0 0.05078125 0.678125 0.015625 0.0859375
21 0.06171875 0.6984375 0.0078125 0.09375
23 0.0828125 0.1375 0.0078125 0.09375
23 0.05546875 0.1375 0.0078125 0.09375
23 0.02734375 0.1421875 0.0078125 0.09375
18 0.88828125 0.275 0.0078125 0.125
18 0.8046875 0.2703125 0.009375 0.125
18 0.83203125 0.27265625 0.0078125 0.125
18 0.86015625 0.27265625 0.009375 0.125
18 0.91484375 0.2703125 0.009375 0.125
18 0.94375 0.27265625 0.0078125 0.125
18 0.97109375 0.26796875 0.0078125 0.125
19 0.13984375 0.13046875 0.0125 0.121875
19 0.1671875 0.13046875 0.0125 0.121875
19 0.19453125 0.13046875 0.0125 0.121875
19 0.221875 0.13515625 0.0125 0.121875
19 0.25078125 0.13515625 0.0125 0.121875
18 0.4984375 0.27265625 0.009375 0.125
18 0.52578125 0.27265625 0.0078125 0.125
18 0.58203125 0.26796875 0.0078125 0.125
18 0.61015625 0.27265625 0.0078125 0.125
18 0.6375 0.2703125 0.0078125 0.125
18 0.69296875 0.27265625 0.0078125 0.125
18 0.72109375 0.27265625 0.0078125 0.125
18 0.7484375 0.27265625 0.0078125 0.125
18 0.11015625 0.265625 0.009375 0.125
18 0.0828125 0.26796875 0.0078125 0.125
18 0.0546875 0.265625 0.0078125 0.125
18 0.02734375 0.27265625 0.0078125 0.125
18 0.47109375 0.2703125 0.0078125 0.125
18 0.41484375 0.265625 0.0078125 0.125
28 0.0640625 0.55859375 0.0140625 0.140625
0 0.98125 0.2859375 0.009375 0.1
0 0.09140625 0.5875 0.040625 0.1890625
0 0.175 0.2953125 0.009375 0.1
0 0.89921875 0.290625 0.009375 0.1
0 0.7875 0.28828125 0.009375 0.1
0 0.06484375 0.29296875 0.009375 0.1
0 0.1484375 0.29296875 0.009375 0.1
0 0.12109375 0.290625 0.009375 0.1
0 0.703125 0.29296875 0.009375 0.1
0 0.56484375 0.290625 0.009375 0.1
0 0.0609375 0.121875 0.009375 0.05
0 0.23203125 0.2859375 0.009375 0.1
0 0.86953125 0.2953125 0.009375 0.1
0 0.92734375 0.290625 0.009375 0.1
0 0.08984375 0.128125 0.009375 0.05
0 0.6765625 0.29296875 0.009375 0.1
0 0.53671875 0.28828125 0.009375 0.1
0 0.28671875 0.29296875 0.009375 0.1
0 0.3984375 0.29296875 0.009375 0.1
0 0.0375 0.2859375 0.009375 0.1
0 0.3421875 0.28828125 0.009375 0.1
0 0.81484375 0.29296875 0.009375 0.1
0 0.5921875 0.290625 0.009375 0.1
0 0.64765625 0.29296875 0.009375 0.1
0 0.509375 0.29296875 0.009375 0.1
0 0.0328125 0.11953125 0.009375 0.05
0 0.453125 0.29296875 0.009375 0.1
0 0.62109375 0.290625 0.009375 0.1
0 0.73203125 0.29296875 0.009375 0.1
0 0.84375 0.29296875 0.009375 0.1
0 0.259375 0.29296875 0.009375 0.1
0 0.48125 0.28828125 0.009375 0.1
0 0.20390625 0.29296875 0.009375 0.1
0 0.425 0.290625 0.009375 0.1
0 0.0921875 0.28828125 0.009375 0.1
0 0.36953125 0.290625 0.009375 0.1
0 0.315625 0.2859375 0.009375 0.1