0 0.2171875 0.6984375 0.03125 0.0953125
13 0.61640625 0.39453125 0.0375 0.05
0 0.315625 0.6546875 0.05625 0.103125
13 0.6171875 0.34765625 0.0375 0.05
25 0.56875 0.59921875 0.0671875 0.10625
0 0.53828125 0.38984375 0.025 0.2625
31 0.3890625 0.74453125 0.0375 0.078125
25 0.63671875 0.596875 0.06875 0.10625
18 0.853125 0.59296875 0.046875 0.0390625
18 0.39375 0.5015625 0.03125 0.1
18 0.27421875 0.6875 0.03125 0.096875
15 0.61875 0.44609375 0.0390625 0.05
0 0.49296875 0.7421875 0.0578125 0.146875
13 0.6171875 0.296875 0.0375 0.05
0 0.29609375 0.49296875 0.0890625 0.096875
0 0.6640625 0.40390625 0.0265625 0.253125
6 0.22734375 0.60703125 0.0296875 0.04375
0 0.7078125 0.790625 0.090625 0.159375
0 0.1796875 0.16953125 0.0328125 0.25
0 0.82421875 0.6953125 0.05625 0.128125
0 0.38984375 0.378125 0.053125 0.0734375
28 0.6390625 0.70390625 0.096875 0.096875