18 0.3796875 0.465625 0.05 0.0234375
21 0.56171875 0.78515625 0.053125 0.021875
21 0.56328125 0.6265625 0.053125 0.021875
21 0.5640625 0.4671875 0.053125 0.021875
21 0.56484375 0.27109375 0.046875 0.021875
19 0.365625 0.26328125 0.090625 0.046875
18 0.38046875 0.625 0.05 0.0234375
18 0.38125 0.78671875 0.05 0.0234375
18 0.2015625 0.27265625 0.046875 0.021875
18 0.20078125 0.121875 0.046875 0.021875
28 0.47265625 0.26796875 0.04375 0.034375
0 0.21015625 0.3234375 0.046875 0.078125
0 0.38671875 0.68125 0.06875 0.0828125
0 0.38671875 0.521875 0.0671875 0.084375
0 0.59296875 0.6765625 0.0484375 0.0734375
0 0.48515625 0.84453125 0.1234375 0.0890625
28 0.47421875 0.46171875 0.046875 0.034375
28 0.4734375 0.62109375 0.046875 0.0328125
0 0.48671875 0.33828125 0.1 0.10625
0 0.36875 0.321875 0.05 0.075
0 0.3875 0.84296875 0.0703125 0.084375
0 0.48359375 0.52578125 0.1234375 0.090625
0 0.81796875 0.90625 0.04375 0.128125
28 0.4734375 0.78203125 0.046875 0.0328125
0 0.59453125 0.8390625 0.0453125 0.0765625
0 0.59453125 0.31796875 0.046875 0.0625
0 0.48515625 0.6859375 0.121875 0.0859375
0 0.21015625 0.17421875 0.046875 0.078125
0 0.59453125 0.515625 0.05 0.075