18 0.26328125 0.49921875 0.05 0.015625
18 0.26171875 0.57421875 0.05 0.0140625
18 0.2625 0.8609375 0.0484375 0.015625
18 0.2640625 0.934375 0.0484375 0.0140625
18 0.2625 0.12578125 0.0484375 0.0140625
18 0.2625 0.7890625 0.05 0.0140625
18 0.2640625 0.7140625 0.05 0.0140625
18 0.2625 0.6484375 0.053125 0.015625
0 0.546875 0.0265625 0.04375 0.0140625
0 0.18125 0.96015625 0.01875 0.0421875
0 0.27265625 0.596875 0.0375 0.0328125
0 0.54921875 0.39765625 0.0453125 0.015625
0 0.54765625 0.17421875 0.040625 0.015625
0 0.28046875 0.95703125 0.0546875 0.0328125
0 0.54921875 0.47265625 0.046875 0.015625
0 0.27265625 0.81171875 0.040625 0.0328125
0 0.27109375 0.14921875 0.0375 0.0328125
0 0.2703125 0.22421875 0.0375 0.0328125
0 0.5484375 0.10078125 0.040625 0.0125
0 0.271875 0.7375 0.0375 0.0328125
0 0.54609375 0.62265625 0.034375 0.015625
0 0.54140625 0.6875 0.025 0.015625
0 0.546875 0.5484375 0.0359375 0.0140625
0 0.27265625 0.44921875 0.0375 0.0328125
0 0.2703125 0.075 0.0375 0.0328125
0 0.271875 0.37421875 0.0375 0.0328125
0 0.27265625 0.29765625 0.0375 0.0328125
0 0.2734375 0.6703125 0.0375 0.0328125
0 0.55390625 0.76328125 0.046875 0.015625
0 0.54921875 0.325 0.046875 0.015625
0 0.30078125 0.8828125 0.0546875 0.0328125
0 0.2703125 0.521875 0.0375 0.0328125
0 0.55 0.25 0.0484375 0.01875
18 0.2625 0.2765625 0.05 0.0140625
18 0.2625 0.20078125 0.05 0.0125
18 0.26328125 0.3515625 0.053125 0.0140625
18 0.26171875 0.42421875 0.05 0.015625
18 0.26328125 0.05234375 0.05 0.0140625