0 0.60859375 0.37421875 0.0578125 0.075
31 0.4 0.46796875 0.034375 0.103125
6 0.39375 0.61875 0.0234375 0.021875
0 0.40546875 0.55234375 0.0578125 0.0578125
25 0.609375 0.46328125 0.046875 0.05
0 0.5625 0.52109375 0.0375 0.05
28 0.55546875 0.42578125 0.0375 0.025
25 0.55390625 0.4640625 0.046875 0.05
0 0.825 0.31796875 0.0328125 0.028125
12 0.484375 0.5296875 0.0375 0.0875
4 0.44453125 0.5515625 0.0234375 0.040625
0 0.5453125 0.36171875 0.0625 0.1
0 0.3859375 0.39140625 0.01875 0.03125
18 0.81015625 0.4578125 0.06875 0.028125
0 0.61640625 0.55 0.040625 0.125
0 0.78125 0.4953125 0.040625 0.053125
14 0.609375 0.4265625 0.034375 0.025
0 0.528125 0.59375 0.059375 0.0859375