4 0.56875 0.69140625 0.021875 0.06640625
0 0.33125 0.68984375 0.02578125 0.0421875
0 0.38828125 0.69140625 0.02578125 0.0421875
0 0.45 0.69296875 0.02578125 0.0421875
4 0.68671875 0.6890625 0.021875 0.06640625
0 0.70625 0.69140625 0.02578125 0.0421875
4 0.48203125 0.68984375 0.021875 0.06640625
0 0.64921875 0.6921875 0.02578125 0.0421875
0 0.76640625 0.6921875 0.02578125 0.0421875
4 0.36640625 0.690625 0.021875 0.06640625
4 0.30625 0.6921875 0.021875 0.06640625
0 0.546875 0.7796875 0.10078125 0.02421875
4 0.74296875 0.69140625 0.021875 0.06640625
0 0.59140625 0.69375 0.02578125 0.0421875
0 0.50703125 0.6921875 0.02578125 0.0421875
4 0.4234375 0.68984375 0.021875 0.06640625
4 0.62734375 0.69140625 0.021875 0.06640625