0 0.50625 0.95390625 0.0296875 0.06875
18 0.6359375 0.73515625 0.040625 0.01875
28 0.69453125 0.84375 0.0546875 0.0265625
0 0.70078125 0.553125 0.046875 0.0625
0 0.71015625 0.36796875 0.065625 0.0328125
18 0.6359375 0.4296875 0.040625 0.01875
19 0.71796875 0.33515625 0.096875 0.03125
0 0.7734375 0.5453125 0.046875 0.03125
0 0.775 0.76875 0.046875 0.05
18 0.6359375 0.2359375 0.040625 0.01875
0 0.71953125 0.2578125 0.05 0.028125
0 0.63125 0.8953125 0.046875 0.028125
18 0.76484375 0.509375 0.06875 0.0203125
21 0.77421875 0.634375 0.0515625 0.015625
0 0.69765625 0.76953125 0.046875 0.0609375
0 0.6296875 0.775 0.046875 0.028125
21 0.765625 0.73359375 0.06875 0.0203125
21 0.76484375 0.85390625 0.06875 0.0203125
0 0.71640625 0.4515625 0.05 0.028125
28 0.69296875 0.50078125 0.0546875 0.028125
0 0.77578125 0.88828125 0.046875 0.0484375
18 0.63515625 0.85546875 0.040625 0.01875
0 0.57734375 0.95703125 0.09375 0.0828125
0 0.7046875 0.8890625 0.046875 0.0625
28 0.69375 0.72421875 0.0546875 0.0265625
0 0.75 0.6734375 0.046875 0.0453125