18 0.8453125 0.31328125 0.071875 0.021875
0 0.83046875 0.515625 0.05390625 0.05078125
0 0.83046875 0.73515625 0.05390625 0.05078125
0 0.81875 0.16953125 0.0796875 0.04453125
0 0.9671875 0.18125 0.0296875 0.0609375
18 0.84375 0.77109375 0.071875 0.01953125
0 0.42734375 0.59140625 0.05625 0.0203125
0 0.4171875 0.80859375 0.07265625 0.01875
0 0.78984375 0.278125 0.08125 0.05
0 0.8328125 0.6296875 0.05390625 0.0484375
18 0.8453125 0.66171875 0.07109375 0.0203125
18 0.84453125 0.55390625 0.0703125 0.0203125
18 0.84453125 0.20390625 0.06953125 0.01953125
0 0.42890625 0.7 0.05703125 0.021875