0 0.28125 0.45703125 0.028125 0.0203125
28 0.77578125 0.4359375 0.028125 0.04375
28 0.42265625 0.4359375 0.028125 0.04375
0 0.371875 0.3640625 0.0546875 0.04375
0 0.2828125 0.5109375 0.0625 0.040625
0 0.72421875 0.3671875 0.053125 0.0375
28 0.24609375 0.43515625 0.0265625 0.04375
0 0.459375 0.51171875 0.0609375 0.040625
28 0.6875 0.43515625 0.028125 0.04375
0 0.28359375 0.3640625 0.0515625 0.04375
22 0.33828125 0.37109375 0.0234375 0.040625
0 0.45859375 0.45546875 0.028125 0.0203125
0 0.19453125 0.46640625 0.034375 0.0390625
0 0.8140625 0.51171875 0.0640625 0.0375
0 0.8125 0.36796875 0.053125 0.034375
0 0.7234375 0.51015625 0.059375 0.0390625
22 0.4265625 0.37265625 0.0234375 0.040625
22 0.69375 0.371875 0.0234375 0.040625
22 0.78125 0.37265625 0.0234375 0.040625
18 0.78203125 0.496875 0.0234375 0.040625
18 0.69296875 0.49765625 0.0234375 0.040625
18 0.42890625 0.4984375 0.0234375 0.040625
18 0.33984375 0.49765625 0.0234375 0.040625
18 0.25078125 0.49765625 0.0234375 0.040625
19 0.16015625 0.50078125 0.028125 0.0515625
22 0.2515625 0.37109375 0.0234375 0.040625
0 0.52421875 0.171875 0.10625 0.034375
0 0.8125 0.45625 0.028125 0.0203125
0 0.196875 0.38359375 0.0625 0.0828125
0 0.72421875 0.4578125 0.028125 0.0203125
0 0.19375 0.509375 0.0609375 0.0390625
28 0.334375 0.43515625 0.028125 0.04375
0 0.46015625 0.36640625 0.0546875 0.04375
0 0.3703125 0.51015625 0.0640625 0.0390625
0 0.3703125 0.45546875 0.028125 0.0203125