0 0.34296875 0.67421875 0.0859375 0.0890625
0 0.471875 0.12734375 0.0234375 0.03125
28 0.24140625 0.57890625 0.071875 0.0390625
28 0.24140625 0.28046875 0.071875 0.0375
28 0.240625 0.43046875 0.071875 0.0359375
0 0.15546875 0.5296875 0.06875 0.0578125
0 0.153125 0.2296875 0.071875 0.0640625
0 0.240625 0.5078125 0.09375 0.109375
0 0.23359375 0.815625 0.103125 0.053125
0 0.24140625 0.65703125 0.0953125 0.10625
18 0.42890625 0.85625 0.04375 0.0203125
18 0.325 0.72265625 0.04375 0.0203125
18 0.32734375 0.5734375 0.04375 0.0203125
28 0.2421875 0.7296875 0.0734375 0.0375
18 0.328125 0.425 0.04375 0.0203125
18 0.3265625 0.27265625 0.04375 0.0203125
0 0.24453125 0.35703125 0.0890625 0.103125
0 0.340625 0.52265625 0.0859375 0.09375
28 0.24375 0.86328125 0.071875 0.0390625
0 0.4234375 0.81171875 0.09375 0.084375
21 0.14140625 0.85625 0.0390625 0.0203125
0 0.13828125 0.8203125 0.0671875 0.0515625
21 0.13984375 0.72421875 0.040625 0.01875
0 0.34296875 0.225 0.0859375 0.0890625
21 0.1390625 0.57578125 0.040625 0.01875
21 0.1390625 0.425 0.040625 0.01875
21 0.140625 0.275 0.040625 0.01875
0 0.34375 0.37421875 0.09375 0.090625
0 0.2390625 0.2078125 0.09375 0.109375
0 0.15546875 0.68046875 0.06875 0.0546875
0 0.1515625 0.38046875 0.0703125 0.0609375