18 0.21875 0.703125 0.0109375 0.115625
18 0.59765625 0.70859375 0.0125 0.115625
0 0.16015625 0.7375 0.03671875 0.03203125
0 0.496875 0.7390625 0.03671875 0.03203125
18 0.63984375 0.70625 0.0125 0.115625
0 0.0390625 0.625 0.0125 0.02890625
18 0.68203125 0.70625 0.0125 0.115625
18 0.303125 0.70625 0.0109375 0.115625
0 0.57890625 0.7375 0.0375 0.03203125
0 0.11875 0.7375 0.03671875 0.03203125
18 0.2609375 0.71015625 0.0109375 0.115625
18 0.4296875 0.70625 0.0125 0.115625
0 0.87421875 0.7359375 0.0375 0.03203125
0 0.24296875 0.7375 0.03671875 0.03203125
0 0.2859375 0.7375 0.03671875 0.03203125
0 0.70546875 0.7375 0.0375 0.03203125
0 0.6625 0.7359375 0.0375 0.03203125
18 0.38828125 0.70625 0.01328125 0.11796875
0 0.4109375 0.73515625 0.03671875 0.03203125
0 0.53671875 0.7375 0.03671875 0.03203125
0 0.8328125 0.7375 0.0375 0.03203125
0 0.746875 0.7375 0.0375 0.03203125
0 0.78828125 0.7359375 0.0375 0.03203125
18 0.89140625 0.7078125 0.0125 0.115625
0 0.6203125 0.7375 0.0375 0.03203125
18 0.85 0.70859375 0.0125 0.115625
0 0.32734375 0.7359375 0.03671875 0.03203125
0 0.20078125 0.7390625 0.03671875 0.03203125
0 0.075 0.7359375 0.03671875 0.03203125
18 0.55546875 0.7078125 0.0125 0.115625
0 0.36953125 0.7375 0.03671875 0.03203125
18 0.471875 0.7015625 0.0125 0.115625
0 0.45390625 0.7359375 0.03671875 0.03203125
18 0.51328125 0.70859375 0.0125 0.115625
18 0.80703125 0.70625 0.0125 0.115625
18 0.09375 0.71015625 0.0109375 0.115625
18 0.3453125 0.70625 0.0109375 0.115625
18 0.1359375 0.7046875 0.0109375 0.115625
18 0.765625 0.70625 0.0125 0.115625
18 0.17734375 0.7046875 0.0109375 0.115625
18 0.72265625 0.7078125 0.0125 0.115625