18 0.67734375 0.71953125 0.0203125 0.071875
28 0.1359375 0.91953125 0.028125 0.05234375
28 0.95078125 0.590625 0.028125 0.05234375
0 0.759375 0.6703125 0.01953125 0.04296875
0 0.32421875 0.9640625 0.0609375 0.04609375
0 0.93046875 0.671875 0.01953125 0.04296875
0 0.56796875 0.6703125 0.01953125 0.04296875
0 0.0859375 0.6703125 0.01953125 0.04296875
0 0.3734375 0.67109375 0.01953125 0.04296875
0 0.18125 0.66875 0.01953125 0.04296875
18 0.48671875 0.725 0.02109375 0.084375
18 0.29375 0.7203125 0.0203125 0.071875
18 0.196875 0.71796875 0.0203125 0.071875
18 0.94609375 0.7234375 0.02109375 0.07421875
18 0.85 0.721875 0.0203125 0.071875
0 0.10234375 0.87890625 0.03125 0.03515625
0 0.834375 0.67109375 0.01953125 0.04296875
18 0.77421875 0.71953125 0.0203125 0.071875
0 0.46953125 0.6703125 0.01953125 0.04296875
0 0.66328125 0.66953125 0.01953125 0.04296875
25 0.09765625 0.9125 0.04140625 0.04296875
18 0.09921875 0.71953125 0.0203125 0.071875
0 0.278125 0.67109375 0.01953125 0.04296875
18 0.58359375 0.72265625 0.02109375 0.08828125
18 0.390625 0.721875 0.0203125 0.071875
0 0.94140625 0.54296875 0.10390625 0.0453125