18 0.46171875 0.08125 0.06484375 0.02734375
31 0.7171875 0.7609375 0.0703125 0.06796875
21 0.7828125 0.83984375 0.0234375 0.02578125
18 0.4609375 0.7078125 0.06640625 0.02578125
0 0.63984375 0.80234375 0.05078125 0.0328125
28 0.38359375 0.19140625 0.04609375 0.0296875
28 0.571875 0.74375 0.046875 0.03046875
4 0.63671875 0.77578125 0.04609375 0.01953125
0 0.45390625 0.22578125 0.0265625 0.0359375
0 0.45546875 0.7375 0.02421875 0.034375
5 0.58359375 0.3390625 0.09140625 0.03203125
25 0.5734375 0.775 0.0421875 0.0265625
18 0.4625 0.89765625 0.06875 0.02578125
0 0.45390625 0.92421875 0.02890625 0.0421875
0 0.3890625 0.23671875 0.046875 0.0609375
18 0.4609375 0.33125 0.06796875 0.028125
18 0.4625 0.190625 0.06484375 0.028125
0 0.45703125 0.1125 0.02421875 0.03671875
0 0.53203125 0.64921875 0.025 0.18125
21 0.784375 0.69765625 0.0234375 0.02578125
0 0.57265625 0.43046875 0.084375 0.10703125
6 0.7890625 0.6671875 0.0203125 0.01484375
0 0.71640625 0.8140625 0.0265625 0.046875
6 0.7890625 0.87109375 0.021875 0.015625
18 0.4609375 0.5203125 0.06640625 0.028125
0 0.45625 0.3671875 0.02421875 0.0390625
0 0.578125 0.82734375 0.05234375 0.06640625
0 0.4546875 0.55234375 0.0265625 0.03984375