0 0.67421875 0.65703125 0.0890625 0.0859375
0 0.12734375 0.528125 0.03125 0.0234375
28 0.57890625 0.75859375 0.0390625 0.071875
28 0.28046875 0.75859375 0.0375 0.071875
28 0.43046875 0.759375 0.0359375 0.071875
0 0.5296875 0.84453125 0.05625 0.06875
0 0.2296875 0.846875 0.0640625 0.071875
0 0.5078125 0.759375 0.109375 0.09375
0 0.815625 0.76640625 0.053125 0.1046875
0 0.65703125 0.75859375 0.10625 0.0953125
18 0.85625 0.57109375 0.0203125 0.04375
18 0.72265625 0.675 0.0203125 0.04375
18 0.5734375 0.67265625 0.0203125 0.04375
28 0.7296875 0.7578125 0.0375 0.0734375
18 0.425 0.671875 0.0203125 0.04375
18 0.27265625 0.6734375 0.0203125 0.04375
0 0.35703125 0.75546875 0.103125 0.0890625
0 0.52265625 0.659375 0.09375 0.0859375
28 0.86328125 0.75625 0.0390625 0.0734375
0 0.81171875 0.5765625 0.084375 0.09375
21 0.85625 0.85859375 0.0203125 0.0390625
0 0.8203125 0.86171875 0.0515625 0.0671875
21 0.72421875 0.86015625 0.01875 0.040625
0 0.225 0.65703125 0.0890625 0.0859375
21 0.57578125 0.8609375 0.01875 0.040625
21 0.425 0.8609375 0.01875 0.040625
21 0.275 0.859375 0.01875 0.040625
0 0.37421875 0.65625 0.090625 0.09375
0 0.2078125 0.7609375 0.109375 0.0921875
0 0.68046875 0.84453125 0.053125 0.06875
0 0.38046875 0.8484375 0.0609375 0.0703125