18 0.61484375 0.17109375 0.05078125 0.025
18 0.61484375 0.334375 0.05078125 0.025
18 0.61484375 0.4203125 0.05078125 0.025
18 0.6140625 0.575 0.05078125 0.025
18 0.615625 0.659375 0.05078125 0.025
18 0.6171875 0.740625 0.05078125 0.025
18 0.61640625 0.82421875 0.05078125 0.025
0 0.5859375 0.709375 0.07734375 0.03828125
18 0.61484375 0.9046875 0.05078125 0.025
0 0.940625 0.90078125 0.034375 0.159375
0 0.58515625 0.21953125 0.075 0.03984375
0 0.58671875 0.0546875 0.08125 0.03828125
0 0.58515625 0.63046875 0.07734375 0.0390625
0 0.584375 0.79296875 0.08046875 0.03828125
0 0.5875 0.3 0.08046875 0.03671875
0 0.58515625 0.875 0.07578125 0.04375
0 0.5859375 0.54296875 0.07578125 0.03515625
0 0.58515625 0.38828125 0.075 0.03671875
0 0.5859375 0.13828125 0.07578125 0.0375
18 0.61484375 0.08828125 0.05078125 0.025
18 0.61640625 0.25546875 0.05078125 0.025