0 0.35 0.3765625 0.0171875 0.025
25 0.3453125 0.3953125 0.01875 0.009375
0 0.35234375 0.30859375 0.034375 0.01875
0 0.43515625 0.3859375 0.015625 0.0125
10 0.403125 0.40703125 0.009375 0.0078125
18 0.340625 0.29453125 0.01875 0.009375
25 0.34609375 0.5640625 0.01875 0.009375
28 0.34609375 0.55078125 0.01875 0.015625
18 0.340625 0.246875 0.01875 0.009375
0 0.43671875 0.55546875 0.01875 0.015625
18 0.41640625 0.56796875 0.01875 0.0109375
0 0.503125 0.55625 0.01875 0.009375
0 0.503125 0.38671875 0.01875 0.0109375
0 0.3453125 0.51640625 0.028125 0.05
0 0.34921875 0.5828125 0.015625 0.025
0 0.4359375 0.4421875 0.0171875 0.0125
18 0.415625 0.3984375 0.01875 0.0109375
18 0.3390625 0.675 0.01875 0.009375
2 0.3984375 0.484375 0.015625 0.015625
18 0.41484375 0.51171875 0.01875 0.0109375
0 0.3515625 0.2609375 0.03125 0.01875
10 0.40390625 0.57578125 0.009375 0.0078125
21 0.49921875 0.3984375 0.01875 0.009375
0 0.4359375 0.49921875 0.0171875 0.0125
10 0.403125 0.51953125 0.009375 0.0078125
10 0.40390625 0.4625 0.009375 0.0078125
0 0.34453125 0.44375 0.025 0.05
0 0.3515625 0.68828125 0.0328125 0.01875
18 0.415625 0.45546875 0.01875 0.0109375
28 0.34609375 0.409375 0.01875 0.015625
21 0.4984375 0.5671875 0.01875 0.009375