0 0.44140625 0.57265625 0.040625 0.0453125
0 0.721875 0.94921875 0.0625 0.0453125
0 0.35234375 0.8140625 0.26875 0.103125
0 0.55703125 0.19609375 0.128125 0.109375
0 0.3328125 0.5890625 0.128125 0.1015625
9 0.63046875 0.55703125 0.0375 0.11875
9 0.45390625 0.553125 0.0453125 0.115625
18 0.46015625 0.33828125 0.0375 0.071875
18 0.63515625 0.3375 0.0375 0.071875
18 0.396875 0.23515625 0.028125 0.0625
18 0.6890625 0.23359375 0.028125 0.0625
0 0.70625 0.33125 0.11875 0.109375
2 0.54296875 0.62890625 0.0640625 0.046875
28 0.53671875 0.8109375 0.0625 0.103125
6 0.38828125 0.146875 0.028125 0.034375
0 0.36875 0.3328125 0.134375 0.10625
6 0.69453125 0.1484375 0.025 0.03125
0 0.71484375 0.57578125 0.1015625 0.103125
0 0.6125 0.575 0.0375 0.0515625
0 0.31328125 0.2078125 0.1296875 0.1046875