0 0.6984375 0.7828125 0.0953125 0.03125
13 0.39453125 0.38359375 0.05 0.0375
0 0.6546875 0.684375 0.103125 0.05625
13 0.34765625 0.3828125 0.05 0.0375
25 0.59921875 0.43125 0.10625 0.0671875
0 0.38984375 0.46171875 0.2625 0.025
31 0.74453125 0.6109375 0.078125 0.0375
25 0.596875 0.36328125 0.10625 0.06875
18 0.59296875 0.146875 0.0390625 0.046875
18 0.5015625 0.60625 0.1 0.03125
18 0.6875 0.72578125 0.096875 0.03125
15 0.44609375 0.38125 0.05 0.0390625
0 0.7421875 0.50703125 0.146875 0.0578125
13 0.296875 0.3828125 0.05 0.0375
0 0.49296875 0.70390625 0.096875 0.0890625
0 0.40390625 0.3359375 0.253125 0.0265625
6 0.60703125 0.77265625 0.04375 0.0296875
0 0.790625 0.2921875 0.159375 0.090625
0 0.16953125 0.8203125 0.25 0.0328125
0 0.6953125 0.17578125 0.128125 0.05625
0 0.378125 0.61015625 0.0734375 0.053125
28 0.70390625 0.3609375 0.096875 0.096875