18 0.87109375 0.28671875 0.028125 0.0578125
0 0.690625 0.2375 0.0328125 0.13125
0 0.17109375 0.596875 0.0640625 0.128125
5 0.7171875 0.14765625 0.08125 0.059375
0 0.9609375 0.85078125 0.03125 0.0578125
0 0.5984375 0.6453125 0.0671875 0.084375
31 0.22265625 0.7046875 0.0296875 0.040625
0 0.79609375 0.28671875 0.065625 0.0796875
25 0.36328125 0.7046875 0.05 0.05
15 0.36015625 0.4640625 0.046875 0.065625
28 0.35859375 0.6140625 0.075 0.0875
0 0.453125 0.53515625 0.0984375 0.30625
0 0.540625 0.76015625 0.065625 0.06875
13 0.36015625 0.534375 0.0484375 0.065625
25 0.55234375 0.703125 0.0546875 0.05
0 0.3453125 0.7828125 0.0625 0.121875
18 0.81796875 0.70078125 0.04375 0.03125
0 0.803125 0.796875 0.065625 0.13125
18 0.66875 0.64765625 0.028125 0.05