0 0.815625 0.2609375 0.0125 0.0203125
31 0.8140625 0.1890625 0.009375 0.0234375
6 0.86015625 0.12578125 0.00625 0.009375
0 0.846875 0.2609375 0.0125 0.01875
18 0.86171875 0.14375 0.00625 0.015625
18 0.80234375 0.14375 0.0078125 0.015625
0 0.91796875 0.14296875 0.04375 0.0234375
0 0.7921875 0.228125 0.009375 0.01875
0 0.82890625 0.20625 0.009375 0.009375
6 0.8 0.12578125 0.0078125 0.009375
25 0.79921875 0.2609375 0.0109375 0.021875
28 0.8703125 0.26015625 0.0125 0.0171875
0 0.90859375 0.2578125 0.059375 0.01875
0 0.87265625 0.228125 0.009375 0.01875
31 0.84375 0.1890625 0.009375 0.021875
18 0.8609375 0.2328125 0.00625 0.021875
18 0.80234375 0.2328125 0.00625 0.021875
0 0.74921875 0.2578125 0.059375 0.021875
25 0.8578125 0.2609375 0.0109375 0.0234375
28 0.78671875 0.259375 0.0125 0.01875