18 0.38046875 0.1359375 0.0453125 0.021875
18 0.38203125 0.27265625 0.0453125 0.021875
0 0.39140625 0.44296875 0.071875 0.046875
18 0.3796875 0.203125 0.0453125 0.021875
18 0.38671875 0.65390625 0.04375 0.021875
18 0.3828125 0.725 0.04375 0.021875
18 0.37890625 0.79296875 0.04375 0.021875
0 0.3859375 0.16953125 0.0765625 0.04375
0 0.3921875 0.96328125 0.0734375 0.046875
0 0.38671875 0.7578125 0.071875 0.046875
0 0.38671875 0.8265625 0.071875 0.046875
18 0.38125 0.859375 0.0453125 0.021875
0 0.3875 0.68828125 0.071875 0.046875
0 0.22265625 0.5375 0.028125 0.26875
0 0.384375 0.30625 0.0734375 0.046875
18 0.38359375 0.33828125 0.04375 0.021875
0 0.38828125 0.23828125 0.0734375 0.046875
0 0.38828125 0.3734375 0.071875 0.046875
0 0.38984375 0.89296875 0.0734375 0.046875
18 0.38046875 0.40703125 0.04375 0.021875
18 0.38046875 0.928125 0.0453125 0.021875