18 0.81640625 0.096875 0.0046875 0.009375
0 0.8484375 0.15625 0.0375 0.015625
28 0.8234375 0.15546875 0.009375 0.0125
0 0.821875 0.12578125 0.009375 0.0140625
0 0.74921875 0.125 0.0109375 0.0140625
25 0.81171875 0.1546875 0.0109375 0.015625
0 0.84140625 0.05546875 0.0203125 0.00625
28 0.7453125 0.1546875 0.009375 0.0125
0 0.79609375 0.12109375 0.0109375 0.009375
0 0.821875 0.10078125 0.0109375 0.009375
18 0.81328125 0.1234375 0.0046875 0.009375
25 0.75625 0.15546875 0.0109375 0.015625
0 0.77265625 0.12109375 0.0125 0.009375
18 0.753125 0.096875 0.0046875 0.009375
31 0.79609375 0.1109375 0.00625 0.009375
31 0.771875 0.1109375 0.00625 0.009375
0 0.7203125 0.15625 0.0375 0.015625
0 0.7453125 0.1 0.009375 0.009375
18 0.7578125 0.12265625 0.0046875 0.009375
0 0.74453125 0.0828125 0.0109375 0.0078125
0 0.821875 0.0828125 0.0109375 0.00625
6 0.7515625 0.0875 0.0046875 0.00625
6 0.815625 0.0875 0.0046875 0.00625