9 0.4515625 0.55625 0.0453125 0.05625
0 0.646875 0.69921875 0.16875 0.0375
28 0.4515625 0.71015625 0.075 0.0703125
18 0.45546875 0.46640625 0.040625 0.04375
0 0.25859375 0.3578125 0.175 0.0390625
0 0.7921875 0.36015625 0.1703125 0.040625
6 0.6734375 0.3234375 0.0453125 0.0328125
18 0.61171875 0.46328125 0.040625 0.04375
0 0.34921875 0.5578125 0.1375 0.025
2 0.521875 0.60234375 0.0875 0.028125
6 0.37265625 0.3234375 0.0484375 0.0296875
0 0.26171875 0.3234375 0.1671875 0.025
9 0.603125 0.55625 0.046875 0.0578125
0 0.69765625 0.55859375 0.134375 0.0203125
0 0.33515625 0.4578125 0.1625 0.04375
0 0.7171875 0.46015625 0.165625 0.0375
18 0.38359375 0.36484375 0.040625 0.0390625
18 0.68515625 0.365625 0.0375 0.0390625
0 0.321875 0.69609375 0.1875 0.096875
0 0.7890625 0.3234375 0.1625 0.0234375
25 0.53125 0.7078125 0.04375 0.05625