25 0.35546875 0.16640625 0.046875 0.15
5 0.17890625 0.65 0.0421875 0.16875
0 0.30546875 0.1640625 0.05625 0.1609375
18 0.8125 0.52265625 0.040625 0.0765625
0 0.22578125 0.703125 0.025 0.053125
0 0.81328125 0.5890625 0.05625 0.0625
18 0.71171875 0.65703125 0.040625 0.0625
18 0.31484375 0.65390625 0.0453125 0.0734375
6 0.7796875 0.6734375 0.025 0.065625
0 0.76015625 0.63671875 0.0265625 0.053125
18 0.1859375 0.41640625 0.028125 0.146875
18 0.3625 0.4 0.03125 0.14375
18 0.6046875 0.40703125 0.03125 0.14375
28 0.63984375 0.1921875 0.0359375 0.140625
0 0.70625 0.1640625 0.0921875 0.15625
6 0.24609375 0.66796875 0.025 0.065625
0 0.4578125 0.12734375 0.09375 0.16875
0 0.1375 0.40703125 0.059375 0.0734375
0 0.4703125 0.36328125 0.0703125 0.090625
5 0.875 0.53359375 0.05625 0.1375
0 0.121875 0.6640625 0.0875 0.11875
28 0.39375 0.175 0.0359375 0.140625
0 0.55859375 0.37578125 0.078125 0.121875
0 0.54921875 0.52265625 0.0765625 0.11875
0 0.54921875 0.175 0.0578125 0.171875
31 0.41640625 0.63671875 0.0734375 0.1125
0 0.87734375 0.62578125 0.0375 0.0625
0 0.30390625 0.59765625 0.0625 0.05625
25 0.6 0.1796875 0.046875 0.15
31 0.5265625 0.63671875 0.0734375 0.1125
0 0.71640625 0.6 0.0625 0.059375
0 0.41640625 0.51953125 0.0734375 0.115625