0 0.65703125 0.32578125 0.0859375 0.0890625
0 0.528125 0.87265625 0.0234375 0.03046875
28 0.75859375 0.42109375 0.07265625 0.0390625
28 0.75859375 0.71953125 0.07265625 0.03828125
28 0.759375 0.56953125 0.071875 0.0359375
0 0.84453125 0.4703125 0.06796875 0.05703125
0 0.846875 0.7703125 0.071875 0.0640625
0 0.759375 0.4921875 0.09453125 0.11015625
0 0.76640625 0.184375 0.10390625 0.05390625
0 0.75859375 0.34296875 0.09453125 0.10625
18 0.57109375 0.14375 0.04375 0.0203125
18 0.675 0.27734375 0.04375 0.0203125
18 0.67265625 0.4265625 0.04375 0.0203125
28 0.7578125 0.2703125 0.0734375 0.03671875
18 0.671875 0.575 0.04375 0.0203125
18 0.6734375 0.72734375 0.04375 0.0203125
0 0.75546875 0.64296875 0.0890625 0.103125
0 0.659375 0.47734375 0.0859375 0.09375
28 0.75625 0.13671875 0.07265625 0.0390625
0 0.5765625 0.18828125 0.09453125 0.08359375
21 0.85859375 0.14375 0.0390625 0.0203125
0 0.86171875 0.1796875 0.0671875 0.0515625
21 0.86015625 0.27578125 0.03984375 0.01875
0 0.65703125 0.775 0.0859375 0.0890625
21 0.8609375 0.42421875 0.03984375 0.01875
21 0.8609375 0.575 0.03984375 0.01875
21 0.859375 0.725 0.03984375 0.01875
0 0.65625 0.62578125 0.09296875 0.09140625
0 0.7609375 0.7921875 0.09296875 0.109375
0 0.84453125 0.31953125 0.06875 0.05390625
0 0.8484375 0.61953125 0.0703125 0.0609375