0 0.6171875 0.89921875 0.02421875 0.02421875
0 0.61796875 0.10234375 0.02421875 0.02421875
18 0.61484375 0.95703125 0.02421875 0.01171875
18 0.61484375 0.915625 0.02421875 0.01171875
18 0.6140625 0.8734375 0.02421875 0.01171875
18 0.6140625 0.83125 0.02421875 0.01171875
18 0.6140625 0.78984375 0.02421875 0.01171875
18 0.6140625 0.74765625 0.02421875 0.01171875
18 0.61484375 0.70625 0.02421875 0.01171875
18 0.615625 0.6640625 0.02421875 0.01171875
18 0.6140625 0.621875 0.02421875 0.01171875
18 0.6140625 0.58125 0.02421875 0.01171875
18 0.6140625 0.5390625 0.02421875 0.01171875
18 0.6140625 0.496875 0.02421875 0.01171875
18 0.61484375 0.45546875 0.02421875 0.01171875
18 0.61484375 0.41328125 0.02421875 0.01171875
18 0.6140625 0.37109375 0.02421875 0.01171875
18 0.61484375 0.3296875 0.02421875 0.01171875
18 0.61484375 0.28828125 0.02421875 0.01171875
18 0.6140625 0.2453125 0.02421875 0.01171875
18 0.61484375 0.20390625 0.02421875 0.01171875
18 0.615625 0.16328125 0.02421875 0.01171875
18 0.61484375 0.12109375 0.02421875 0.01171875
18 0.6140625 0.0796875 0.02421875 0.01171875
18 0.6140625 0.03671875 0.02421875 0.01171875
0 0.61796875 0.64765625 0.02421875 0.02421875
0 0.61796875 0.35234375 0.02578125 0.02421875
0 0.61875 0.31015625 0.0265625 0.02421875
0 0.61796875 0.26953125 0.02578125 0.02421875
0 0.61796875 0.14375 0.025 0.02421875
0 0.61796875 0.56171875 0.02421875 0.02421875
0 0.61796875 0.478125 0.02578125 0.02421875
0 0.61796875 0.60625 0.025 0.02421875
0 0.61796875 0.06015625 0.0234375 0.02421875
0 0.6546875 0.9859375 0.01796875 0.01875
0 0.61796875 0.771875 0.02421875 0.02421875
0 0.6171875 0.85625 0.02578125 0.02421875
0 0.61875 0.4359375 0.025 0.02421875
0 0.61796875 0.1859375 0.02578125 0.02421875
0 0.61796875 0.01796875 0.025 0.02421875
0 0.61640625 0.93984375 0.025 0.02421875
0 0.61796875 0.68828125 0.0265625 0.02421875
0 0.61796875 0.39453125 0.025 0.02421875
0 0.61796875 0.73046875 0.02421875 0.02421875
0 0.61796875 0.81640625 0.02578125 0.02421875
0 0.61796875 0.5203125 0.02578125 0.02421875
0 0.61796875 0.22734375 0.02578125 0.02421875