18 0.3609375 0.6515625 0.015625 0.05
18 0.49140625 0.65390625 0.0140625 0.0515625
18 0.90390625 0.65234375 0.0140625 0.05
0 0.4703125 0.52421875 0.06875 0.028125
18 0.421875 0.65234375 0.015625 0.05
18 0.1 0.65078125 0.015625 0.0484375
0 0.58203125 0.51328125 0.0421875 0.0515625
18 0.66328125 0.6515625 0.0140625 0.05
0 0.1421875 0.69296875 0.0328125 0.0296875
0 0.275 0.69296875 0.0328125 0.028125
0 0.76015625 0.69375 0.0328125 0.028125
18 0.55859375 0.34921875 0.0140625 0.03125
0 0.08359375 0.66171875 0.0109375 0.015625
0 0.63984375 0.69296875 0.0328125 0.028125
0 0.53046875 0.26953125 0.025 0.0140625
0 0.82109375 0.69375 0.0328125 0.028125
0 0.928125 0.56640625 0.0453125 0.01875
0 0.33671875 0.69296875 0.0328125 0.028125
0 0.465625 0.6921875 0.0328125 0.028125
0 0.69921875 0.69453125 0.0328125 0.028125
0 0.70625 0.6609375 0.0109375 0.015625
0 0.22265625 0.6609375 0.0109375 0.015625
0 0.6484375 0.66171875 0.0109375 0.015625
0 0.471875 0.6609375 0.0109375 0.015625
0 0.87890625 0.69375 0.0328125 0.0296875
0 0.578125 0.3453125 0.0203125 0.0140625
0 0.284375 0.6609375 0.0109375 0.015625
28 0.52109375 0.5125 0.025 0.046875
0 0.58671875 0.6609375 0.0109375 0.015625
25 0.553125 0.515625 0.015625 0.025
0 0.7640625 0.66015625 0.0109375 0.015625
0 0.1484375 0.6609375 0.0109375 0.015625
0 0.078125 0.69296875 0.0328125 0.028125
0 0.21171875 0.69296875 0.0328125 0.028125
0 0.39609375 0.69296875 0.0328125 0.028125
0 0.825 0.6609375 0.0109375 0.015625
0 0.578125 0.69296875 0.0328125 0.028125
31 0.55546875 0.24453125 0.04375 0.046875
18 0.60078125 0.65234375 0.0140625 0.0484375
18 0.84453125 0.65234375 0.0140625 0.0484375
0 0.40625 0.6609375 0.0109375 0.015625
18 0.16484375 0.6515625 0.015625 0.05
0 0.34140625 0.6609375 0.0109375 0.015625
0 0.8875 0.659375 0.0109375 0.015625
18 0.29921875 0.65234375 0.0140625 0.05
18 0.784375 0.6515625 0.0140625 0.05
18 0.72421875 0.6515625 0.0140625 0.046875
18 0.2359375 0.65 0.0140625 0.05