18 0.28671875 0.12890625 0.0578125 0.02734375
0 0.2375 0.309375 0.13046875 0.0328125
0 0.596875 0.82890625 0.12734375 0.0640625
5 0.14765625 0.2828125 0.06015625 0.08125
0 0.85078125 0.0390625 0.0578125 0.03125
0 0.6453125 0.4015625 0.084375 0.0671875
31 0.7046875 0.77734375 0.04140625 0.0296875
0 0.28671875 0.20390625 0.0796875 0.06640625
25 0.7046875 0.63671875 0.04921875 0.04921875
15 0.4640625 0.63984375 0.065625 0.04609375
28 0.6140625 0.64140625 0.0875 0.07421875
0 0.53515625 0.546875 0.30703125 0.0984375
0 0.76015625 0.459375 0.06796875 0.06484375
13 0.534375 0.63984375 0.06484375 0.0484375
25 0.703125 0.44765625 0.05 0.0546875
0 0.7828125 0.6546875 0.12265625 0.06171875
18 0.70078125 0.18203125 0.03046875 0.04375
0 0.796875 0.196875 0.13046875 0.06484375
18 0.64765625 0.33125 0.04921875 0.028125