18 0.6234375 0.62890625 0.0109375 0.07421875
18 0.66015625 0.62890625 0.0109375 0.07421875
18 0.36171875 0.6328125 0.0109375 0.07421875
0 0.8296875 0.64921875 0.0328125 0.01953125
0 0.94296875 0.6515625 0.0328125 0.01953125
18 0.39921875 0.6328125 0.0109375 0.07421875
0 0.04765625 0.6515625 0.0328125 0.01953125
0 0.90546875 0.6515625 0.0328125 0.01953125
18 0.43515625 0.634375 0.0109375 0.07421875
0 0.0859375 0.6515625 0.0328125 0.01953125
18 0.4734375 0.63359375 0.0109375 0.07421875
0 0.271875 0.65078125 0.0328125 0.01953125
0 0.56875 0.6515625 0.0328125 0.01953125
18 0.51015625 0.6328125 0.0109375 0.07421875
0 0.7203125 0.65078125 0.0328125 0.01953125
0 0.42109375 0.65390625 0.0328125 0.01953125
18 0.5484375 0.63359375 0.0109375 0.07421875
18 0.06328125 0.634375 0.0109375 0.07421875
18 0.1 0.63125 0.0109375 0.07421875
18 0.13828125 0.63046875 0.0109375 0.07421875
0 0.60625 0.65078125 0.0328125 0.01953125
18 0.9578125 0.63125 0.0109375 0.07421875
18 0.175 0.6328125 0.0109375 0.07421875
18 0.325 0.63125 0.0109375 0.07421875
18 0.2125 0.634375 0.0109375 0.07421875
18 0.25 0.63359375 0.0109375 0.07421875
18 0.9203125 0.62890625 0.0109375 0.07421875
18 0.88359375 0.63046875 0.0109375 0.07421875
0 0.7546875 0.65078125 0.0328125 0.01953125
18 0.84609375 0.63125 0.0109375 0.07421875
18 0.80859375 0.63046875 0.0109375 0.07421875
0 0.01640625 0.52421875 0.0296875 0.01953125
18 0.771875 0.63125 0.0109375 0.07421875
18 0.28671875 0.63125 0.0109375 0.07421875
18 0.734375 0.6328125 0.0109375 0.07421875
0 0.53046875 0.6515625 0.0328125 0.01953125
18 0.696875 0.63125 0.0109375 0.07421875
0 0.38203125 0.65 0.0328125 0.01953125
0 0.4953125 0.65 0.0328125 0.01953125
0 0.79296875 0.6515625 0.0328125 0.01953125
0 0.86796875 0.6515625 0.0328125 0.01953125
0 0.68046875 0.65 0.0328125 0.01953125
0 0.3078125 0.65078125 0.0328125 0.01953125
0 0.34375 0.65078125 0.0328125 0.01953125
0 0.234375 0.6515625 0.0328125 0.01953125
0 0.12109375 0.65078125 0.0328125 0.01953125
0 0.15859375 0.65078125 0.0328125 0.01953125
0 0.6421875 0.65078125 0.0328125 0.01953125
0 0.19765625 0.65078125 0.0328125 0.01953125
0 0.45859375 0.65390625 0.0328125 0.01953125
18 0.5859375 0.63125 0.0109375 0.07421875