31 0.33828125 0.73984375 0.02265625 0.0390625
18 0.26796875 0.76953125 0.01171875 0.0265625
0 0.38515625 0.628125 0.05078125 0.02578125
28 0.25 0.65625 0.01875 0.025
18 0.26875 0.68984375 0.01171875 0.028125
6 0.27265625 0.7984375 0.0140625 0.01953125
0 0.33515625 0.66015625 0.02265625 0.0265625
0 0.24453125 0.68984375 0.034375 0.028125
6 0.353125 0.79765625 0.0140625 0.0203125
25 0.35625 0.6578125 0.015625 0.0265625
18 0.35 0.6890625 0.01171875 0.028125
0 0.29375 0.659375 0.0265625 0.028125
18 0.35 0.77109375 0.01171875 0.0265625
28 0.37421875 0.65625 0.01875 0.025
0 0.2609375 0.74453125 0.0203125 0.015625
0 0.31328125 0.609375 0.06640625 0.015625
0 0.37265625 0.68828125 0.03203125 0.0296875
31 0.2875 0.740625 0.02265625 0.0390625
0 0.23984375 0.6296875 0.05078125 0.02578125
0 0.3640625 0.7453125 0.021875 0.015625
25 0.26953125 0.6578125 0.015625 0.0265625