0 0.3671875 0.66875 0.025 0.09375
0 0.54375 0.4921875 0.025 0.059375
20 0.52890625 0.6265625 0.0765625 0.04375
0 0.54453125 0.67578125 0.025 0.059375
20 0.5265625 0.54765625 0.0765625 0.04375
6 0.628125 0.4203125 0.04375 0.046875
25 0.18828125 0.52890625 0.08125 0.053125
0 0.5953125 0.4234375 0.025 0.04375
0 0.59375 0.49765625 0.025 0.053125
0 0.5953125 0.66328125 0.025 0.053125
9 0.434375 0.52578125 0.115625 0.040625
18 0.621875 0.49453125 0.028125 0.04375
18 0.6203125 0.653125 0.0296875 0.046875
6 0.62890625 0.72578125 0.04375 0.046875
0 0.46796875 0.64375 0.059375 0.04375
0 0.596875 0.74609375 0.025 0.053125
2 0.31015625 0.57109375 0.05625 0.053125
0 0.4703125 0.565625 0.059375 0.04375
0 0.73359375 0.43046875 0.0328125 0.15
0 0.1953125 0.65390625 0.0328125 0.1765625
9 0.4390625 0.60859375 0.1234375 0.04375
0 0.17265625 0.3921875 0.071875 0.0859375
0 0.36640625 0.47578125 0.03125 0.09375
28 0.18671875 0.4703125 0.0421875 0.046875