28 0.47109375 0.5328125 0.015625 0.0078125
25 0.4703125 0.54140625 0.01875 0.009375
19 0.4703125 0.384375 0.015625 0.01875
19 0.48828125 0.384375 0.015625 0.01875
19 0.52265625 0.38515625 0.015625 0.0203125
18 0.5390625 0.3859375 0.009375 0.015625
18 0.5046875 0.3859375 0.009375 0.015625
0 0.56328125 0.50234375 0.034375 0.01875
0 0.51796875 0.36875 0.009375 0.0125
18 0.45390625 0.3859375 0.009375 0.0171875
18 0.4359375 0.38515625 0.009375 0.015625
18 0.41953125 0.38515625 0.009375 0.01875
18 0.40078125 0.3859375 0.009375 0.0171875
18 0.3484375 0.37890625 0.009375 0.01875
18 0.33203125 0.37890625 0.0109375 0.01875
0 0.2765625 0.34921875 0.00625 0.040625
18 0.3140625 0.37890625 0.009375 0.01875
18 0.29765625 0.378125 0.009375 0.0171875
18 0.28046875 0.378125 0.009375 0.01875
0 0.29296875 0.3484375 0.009375 0.040625
0 0.32734375 0.35078125 0.009375 0.040625
0 0.41640625 0.36796875 0.009375 0.0125
0 0.4328125 0.36796875 0.009375 0.0125
0 0.53515625 0.36875 0.009375 0.0125
5 0.53984375 0.503125 0.0140625 0.0125
0 0.6546875 0.51328125 0.015625 0.00625
6 0.65546875 0.565625 0.009375 0.00625
0 0.6546875 0.56015625 0.015625 0.00625
0 0.5015625 0.36875 0.009375 0.0125
0 0.46875 0.51484375 0.021875 0.025
18 0.63828125 0.5671875 0.0125 0.0046875
31 0.596875 0.5421875 0.0234375 0.01875
18 0.63828125 0.5203125 0.0109375 0.00625
18 0.5390625 0.521875 0.00625 0.00625
18 0.51171875 0.54296875 0.0140625 0.00625
0 0.528125 0.5203125 0.0125 0.0203125
0 0.51171875 0.5546875 0.0125 0.015625
0 0.640625 0.5265625 0.00625 0.00625
0 0.265625 0.6015625 0.0109375 0.021875
0 0.46640625 0.36875 0.009375 0.0125
0 0.45078125 0.36875 0.009375 0.0125
0 0.34453125 0.35078125 0.009375 0.0390625
0 0.484375 0.36875 0.009375 0.0125
28 0.3765625 0.35 0.015625 0.009375
0 0.640625 0.5734375 0.00625 0.009375
0 0.3984375 0.36875 0.009375 0.0125
0 0.59140625 0.5515625 0.00625 0.009375
6 0.65546875 0.51953125 0.009375 0.00625
0 0.3671875 0.3625 0.0140625 0.034375
0 0.3109375 0.34921875 0.00625 0.040625
0 0.47734375 0.55546875 0.0140625 0.015625