4 0.446875 0.1265625 0.01953125 0.0390625
0 0.39921875 0.415625 0.04921875 0.0296875
25 0.44921875 0.34765625 0.0296875 0.0390625
0 0.4 0.58359375 0.07421875 0.0390625
25 0.44296875 0.4171875 0.0296875 0.0390625
0 0.46953125 0.68125 0.04453125 0.0453125
0 0.51328125 0.43359375 0.10390625 0.01875
0 0.46796875 0.86171875 0.0890625 0.025
15 0.32109375 0.33828125 0.02265625 0.0234375
13 0.39296875 0.33828125 0.025 0.0265625
13 0.36953125 0.3390625 0.025 0.0265625
6 0.3609375 0.66875 0.02265625 0.0265625
18 0.5015625 0.6328125 0.0359375 0.0234375
18 0.4140625 0.63125 0.0359375 0.0234375
21 0.440625 0.5734375 0.02109375 0.0359375
0 0.4140625 0.68515625 0.034375 0.0453125
18 0.40078125 0.2765625 0.03828125 0.025
18 0.4 0.1890625 0.03828125 0.025
0 0.33046875 0.4703125 0.1265625 0.0328125
0 0.48671875 0.1359375 0.059375 0.0359375
0 0.36875 0.253125 0.0609375 0.05
0 0.40078125 0.15078125 0.0609375 0.05
13 0.34609375 0.3390625 0.025 0.0265625
0 0.540625 0.6171875 0.0578125 0.0421875
28 0.40234375 0.46484375 0.0375 0.04375
0 0.5125 0.48046875 0.10859375 0.0203125
0 0.51953125 0.3578125 0.10546875 0.021875
25 0.44140625 0.46328125 0.0296875 0.0390625