0 0.18046875 0.22734375 0.046875 0.0328125
18 0.21015625 0.51484375 0.084375 0.01875
18 0.209375 0.5828125 0.084375 0.01875
18 0.20546875 0.65078125 0.084375 0.01875
0 0.17890625 0.29453125 0.046875 0.0328125
0 0.17890625 0.7 0.046875 0.034375
0 0.18046875 0.5640625 0.046875 0.034375
0 0.18046875 0.9015625 0.046875 0.034375
0 0.18203125 0.36328125 0.046875 0.0328125
0 0.17890625 0.83359375 0.046875 0.034375
0 0.18203125 0.63125 0.046875 0.0375
18 0.20859375 0.44765625 0.084375 0.01875
0 0.1796875 0.76640625 0.046875 0.034375
18 0.2015625 0.1078125 0.090625 0.01875
18 0.203125 0.1765625 0.090625 0.01875
18 0.20078125 0.24453125 0.090625 0.01875
18 0.20234375 0.31328125 0.090625 0.01875
18 0.203125 0.37890625 0.090625 0.01875
18 0.20703125 0.91953125 0.084375 0.01875
18 0.20625 0.85234375 0.084375 0.01875
18 0.20703125 0.78515625 0.084375 0.01875
18 0.2078125 0.7171875 0.084375 0.01875
0 0.17890625 0.48828125 0.021875 0.05
0 0.17890625 0.1515625 0.021875 0.05
0 0.18046875 0.084375 0.021875 0.05
0 0.17890625 0.42265625 0.021875 0.05