18 0.296875 0.21875 0.115625 0.0109375
18 0.29140625 0.59765625 0.115625 0.0125
0 0.2625 0.16015625 0.03125 0.0375
0 0.2609375 0.496875 0.03125 0.0375
18 0.29375 0.63984375 0.115625 0.0125
0 0.375 0.0390625 0.028125 0.0125
18 0.29375 0.68203125 0.115625 0.0125
18 0.29375 0.303125 0.115625 0.0109375
0 0.2625 0.57890625 0.03125 0.0375
0 0.2625 0.11875 0.03125 0.0375
18 0.28984375 0.2609375 0.115625 0.0109375
18 0.29375 0.4296875 0.115625 0.0125
0 0.2640625 0.87421875 0.03125 0.0375
0 0.2625 0.24296875 0.03125 0.0375
0 0.2625 0.2859375 0.03125 0.0375
0 0.2625 0.70546875 0.03125 0.0375
0 0.2640625 0.6625 0.03125 0.0375
18 0.29375 0.38828125 0.11875 0.0125
0 0.26484375 0.4109375 0.03125 0.0375
0 0.2625 0.53671875 0.03125 0.0375
0 0.2625 0.8328125 0.03125 0.0375
0 0.2625 0.746875 0.03125 0.0375
0 0.2640625 0.78828125 0.03125 0.0375
18 0.2921875 0.89140625 0.115625 0.0125
0 0.2625 0.6203125 0.03125 0.0375
18 0.29140625 0.85 0.115625 0.0125
0 0.2640625 0.32734375 0.03125 0.0375
0 0.2609375 0.20078125 0.03125 0.0375
0 0.2640625 0.075 0.03125 0.0375
18 0.2921875 0.55546875 0.115625 0.0125
0 0.2625 0.36953125 0.03125 0.0375
18 0.2984375 0.471875 0.115625 0.0125
0 0.2640625 0.45390625 0.03125 0.0375
18 0.29140625 0.51328125 0.115625 0.0125
18 0.29375 0.80703125 0.115625 0.0125
18 0.28984375 0.09375 0.115625 0.0109375
18 0.29375 0.3453125 0.115625 0.0109375
18 0.2953125 0.1359375 0.115625 0.0109375
18 0.29375 0.765625 0.115625 0.0125
18 0.2953125 0.17734375 0.115625 0.0109375
18 0.2921875 0.72265625 0.115625 0.0125