0 0.390625 0.26328125 0.08125 0.09140625
5 0.43671875 0.84296875 0.0953125 0.08125
0 0.38359375 0.78984375 0.07578125 0.08984375
0 0.1484375 0.871875 0.17109375 0.2078125
4 0.2890625 0.39140625 0.11171875 0.034375
28 0.15 0.39140625 0.11328125 0.06640625
0 0.5390625 0.20390625 0.1171875 0.096875
0 0.5421875 0.85390625 0.11875 0.109375
0 0.29921875 0.33125 0.11015625 0.07578125
5 0.43515625 0.2140625 0.0890625 0.084375
0 0.2046875 0.57421875 0.08046875 0.13984375
0 0.684375 0.90625 0.10390625 0.1203125
18 0.415625 0.73359375 0.06640625 0.07890625
18 0.415625 0.3265625 0.06640625 0.07890625
25 0.15078125 0.6734375 0.09765625 0.053125
0 0.29765625 0.72734375 0.11171875 0.08125
0 0.45703125 0.53125 0.0359375 0.04921875
31 0.4921875 0.45078125 0.10703125 0.07109375
0 0.134375 0.24296875 0.1265625 0.21953125
4 0.28984375 0.66796875 0.1171875 0.0375
28 0.1515625 0.73515625 0.11328125 0.0671875
31 0.4953125 0.61015625 0.10078125 0.08671875