18 0.57421875 0.084375 0.02578125 0.01171875
0 0.571875 0.18515625 0.02578125 0.034375
18 0.575 0.80859375 0.02578125 0.01171875
0 0.56953125 0.70078125 0.02578125 0.034375
0 0.57109375 0.26484375 0.02578125 0.034375
18 0.57421875 0.678125 0.02578125 0.01171875
0 0.57265625 0.4234375 0.02578125 0.034375
0 0.575 0.97421875 0.02578125 0.034375
7 0.56875 0.3125 0.009375 0.01015625
18 0.5734375 0.61328125 0.02578125 0.01171875
0 0.57109375 0.765625 0.02578125 0.034375
0 0.6328125 0.53828125 0.01484375 0.0796875
18 0.575 0.32265625 0.03125 0.009375
0 0.57109375 0.83046875 0.02578125 0.034375
0 0.56953125 0.10859375 0.02578125 0.034375
0 0.5734375 0.89765625 0.02578125 0.034375
18 0.5734375 0.87265625 0.02578125 0.01171875
0 0.57109375 0.6328125 0.02578125 0.034375
0 0.57265625 0.34453125 0.0359375 0.034375
18 0.57578125 0.74296875 0.02578125 0.01171875
18 0.575 0.16328125 0.02578125 0.01171875
18 0.57578125 0.24296875 0.02578125 0.01171875
18 0.575 0.9546875 0.02578125 0.01171875
0 0.57265625 0.5046875 0.02578125 0.034375
18 0.57421875 0.4015625 0.02578125 0.01171875
18 0.57578125 0.48203125 0.02578125 0.01171875