0 0.5265625 0.859375 0.05 0.0140625
0 0.65234375 0.80078125 0.0125 0.0171875
0 0.53203125 0.4203125 0.040625 0.0125
0 0.7390625 0.70078125 0.0375 0.01875
0 0.53203125 0.26875 0.040625 0.0125
0 0.725 0.7734375 0.009375 0.01875
0 0.7421875 0.84453125 0.034375 0.01875
0 0.53203125 0.4640625 0.040625 0.0125
0 0.53125 0.37734375 0.040625 0.0125
0 0.53203125 0.31171875 0.040625 0.0125
18 0.559375 0.8328125 0.0171875 0.009375
18 0.559375 0.8984375 0.0171875 0.009375
18 0.5609375 0.87578125 0.01875 0.009375
18 0.56015625 0.8546875 0.01875 0.009375
18 0.5609375 0.8109375 0.01875 0.009375
18 0.7703125 0.81484375 0.0109375 0.00625
18 0.75078125 0.83125 0.0125 0.00625
18 0.75 0.73828125 0.0125 0.00625
0 0.5328125 0.703125 0.040625 0.0125
18 0.75 0.80546875 0.0125 0.00625
18 0.77109375 0.73203125 0.0125 0.00625
18 0.75078125 0.7125 0.015625 0.00625
18 0.559375 0.7421875 0.01875 0.009375
18 0.56015625 0.7203125 0.01875 0.009375
18 0.56015625 0.7 0.01875 0.009375
18 0.5609375 0.6765625 0.01875 0.009375
18 0.5609375 0.65546875 0.01875 0.009375
18 0.5609375 0.63359375 0.01875 0.009375
18 0.5609375 0.61171875 0.01875 0.009375
18 0.56015625 0.58984375 0.01875 0.009375
18 0.5609375 0.56953125 0.01875 0.009375
18 0.5609375 0.5453125 0.01875 0.009375
0 0.5328125 0.6375 0.040625 0.0125
18 0.56171875 0.52578125 0.01875 0.009375
18 0.56015625 0.503125 0.01875 0.009375
18 0.5609375 0.48125 0.01875 0.009375
18 0.56015625 0.46015625 0.01875 0.009375
18 0.5609375 0.4390625 0.01875 0.009375
18 0.56015625 0.41640625 0.01875 0.009375
18 0.5609375 0.39453125 0.01875 0.009375
18 0.56015625 0.37265625 0.01875 0.009375
18 0.56171875 0.3515625 0.01875 0.009375
18 0.56171875 0.33046875 0.01875 0.009375
18 0.5609375 0.30703125 0.01875 0.009375
18 0.5609375 0.2859375 0.01875 0.009375
18 0.56015625 0.265625 0.01875 0.009375
18 0.56015625 0.2421875 0.01875 0.009375
18 0.5609375 0.2203125 0.01875 0.009375
0 0.53359375 0.5515625 0.040625 0.0125
18 0.5609375 0.19921875 0.01875 0.009375
18 0.5609375 0.17890625 0.01875 0.009375
18 0.56015625 0.1546875 0.01875 0.009375
18 0.56015625 0.134375 0.01875 0.009375
18 0.56015625 0.11328125 0.01875 0.009375
18 0.56015625 0.09140625 0.01875 0.009375
0 0.53359375 0.13828125 0.040625 0.0125
6 0.78359375 0.73359375 0.009375 0.00625
0 0.77109375 0.6890625 0.01875 0.034375
0 0.75078125 0.81953125 0.0171875 0.01875
0 0.53203125 0.09453125 0.040625 0.0125
0 0.53203125 0.4859375 0.040625 0.0125
0 0.5328125 0.20390625 0.040625 0.0125
0 0.5328125 0.16015625 0.040625 0.0125
0 0.5328125 0.615625 0.0390625 0.0125
0 0.5328125 0.74609375 0.040625 0.0125
0 0.5265625 0.83671875 0.05 0.0125
0 0.53125 0.1171875 0.040625 0.0125
0 0.74765625 0.72734375 0.01875 0.0203125
0 0.65 0.7671875 0.009375 0.0125
0 0.53359375 0.52890625 0.040625 0.0125
0 0.53203125 0.50703125 0.040625 0.0125
0 0.53203125 0.246875 0.040625 0.0125
0 0.5328125 0.33359375 0.040625 0.0125
9 0.71328125 0.80546875 0.0125 0.00625
0 0.72109375 0.81640625 0.01875 0.015625
0 0.80703125 0.6109375 0.009375 0.0328125
9 0.71328125 0.73828125 0.0109375 0.00625
5 0.7703125 0.83359375 0.015625 0.009375
0 0.71953125 0.7265625 0.0171875 0.015625
0 0.53203125 0.22578125 0.040625 0.0125
25 0.65 0.7765625 0.01875 0.00625
0 0.53359375 0.39921875 0.0375 0.0125
0 0.76640625 0.79765625 0.009375 0.01875
0 0.5328125 0.59453125 0.0375 0.0125
0 0.53203125 0.4421875 0.040625 0.0125
0 0.534375 0.68125 0.040625 0.0125
0 0.5328125 0.18203125 0.040625 0.0125
5 0.76953125 0.7140625 0.015625 0.009375
0 0.53203125 0.81484375 0.0421875 0.0125
6 0.78359375 0.81328125 0.009375 0.00625
0 0.52734375 0.88125 0.05 0.0140625
0 0.52734375 0.903125 0.05 0.0125
0 0.765625 0.74921875 0.0109375 0.015625
0 0.5328125 0.66015625 0.040625 0.0125
0 0.53203125 0.57265625 0.040625 0.0125
2 0.7125 0.7734375 0.01875 0.0328125
0 0.5328125 0.28984375 0.040625 0.0125
0 0.775 0.85625 0.01875 0.034375
0 0.5328125 0.35546875 0.040625 0.0125
0 0.5328125 0.72421875 0.040625 0.0125
28 0.65 0.7859375 0.01875 0.0109375