1 0.54375 0.36875 0.01875 0.00625
28 0.55234375 0.32734375 0.015625 0.009375
0 0.371875 0.3578125 0.009375 0.009375
18 0.38203125 0.35703125 0.00625 0.00625
18 0.52265625 0.3578125 0.0109375 0.00625
18 0.52265625 0.334375 0.0109375 0.00625
25 0.5515625 0.334375 0.0140625 0.00625
10 0.5234375 0.3640625 0.00625 0.0046875
0 0.546875 0.34375 0.00625 0.0109375
10 0.52265625 0.33984375 0.00625 0.0046875
0 0.37265625 0.3703125 0.00625 0.00625
0 0.48984375 0.36953125 0.009375 0.00625
31 0.490625 0.35859375 0.009375 0.0109375
1 0.51953125 0.31953125 0.01875 0.00625
0 0.5203125 0.3703125 0.01875 0.009375
0 0.5765625 0.28984375 0.0046875 0.00625
0 0.51953125 0.32734375 0.0203125 0.0078125
2 0.51171875 0.35 0.009375 0.0109375
5 0.38046875 0.3703125 0.009375 0.0125