18 0.74765625 0.765625 0.0109375 0.06328125
0 0.53828125 0.678125 0.0328125 0.0453125
0 0.44921875 0.67890625 0.0328125 0.0453125
0 0.49375 0.67890625 0.0328125 0.0453125
0 0.58046875 0.6765625 0.0328125 0.0453125
9 0.46953125 0.68125 0.01953125 0.0453125
18 0.12265625 0.76953125 0.0109375 0.06328125
0 0.45703125 0.76953125 0.0328125 0.0859375
18 0.07890625 0.76953125 0.0109375 0.06328125
0 0.0390625 0.89765625 0.06171875 0.03125
0 0.92109375 0.759375 0.03359375 0.0875
18 0.34609375 0.7703125 0.0109375 0.06328125
0 0.23203125 0.75703125 0.0328125 0.0859375
18 0.3890625 0.7734375 0.0109375 0.06328125
9 0.5546875 0.6765625 0.01953125 0.0453125
0 0.10234375 0.7546875 0.0328125 0.0859375
0 0.72890625 0.73046875 0.03359375 0.071875
0 0.54453125 0.76015625 0.0328125 0.071875
0 0.14609375 0.759375 0.0328125 0.0859375
0 0.1890625 0.75703125 0.0328125 0.0859375
9 0.425 0.6859375 0.01953125 0.0453125
0 0.3171875 0.75703125 0.0328125 0.0859375
9 0.5125 0.68046875 0.01953125 0.0453125
18 0.89765625 0.7734375 0.0109375 0.06328125
18 0.846875 0.76953125 0.0109375 0.06328125
0 0.771875 0.73046875 0.03359375 0.071875
18 0.79609375 0.76953125 0.0109375 0.06328125
18 0.70625 0.76796875 0.0109375 0.06328125
0 0.36875 0.759375 0.0328125 0.0859375
0 0.27421875 0.7578125 0.0328125 0.0859375
0 0.41171875 0.75546875 0.0328125 0.0859375
18 0.65625 0.76953125 0.0109375 0.06328125
18 0.60703125 0.76484375 0.0109375 0.06328125
18 0.5625 0.76796875 0.0109375 0.06328125
0 0.821875 0.75234375 0.03359375 0.08359375
18 0.51796875 0.7671875 0.0109375 0.06328125
18 0.47578125 0.7671875 0.0109375 0.06328125
0 0.584375 0.7578125 0.0328125 0.071875
0 0.628125 0.75078125 0.03359375 0.08984375
0 0.68515625 0.75234375 0.03359375 0.08984375
18 0.43203125 0.7671875 0.0109375 0.06328125
0 0.503125 0.7578125 0.0328125 0.071875
18 0.2953125 0.765625 0.0109375 0.06328125
18 0.25234375 0.76796875 0.0109375 0.06328125
18 0.209375 0.76484375 0.0109375 0.06328125
0 0.871875 0.7546875 0.03359375 0.0875
18 0.165625 0.765625 0.0109375 0.06328125