18 0.165625 0.190625 0.0078125 0.090625
0 0.67421875 0.19296875 0.015625 0.0671875
0 0.20078125 0.1890625 0.015625 0.0671875
0 0.4640625 0.265625 0.015625 0.0671875
0 0.06875 0.19296875 0.0171875 0.0671875
0 0.22734375 0.26171875 0.015625 0.0671875
0 0.64765625 0.190625 0.015625 0.0671875
0 0.04296875 0.190625 0.0171875 0.0671875
0 0.56640625 0.26171875 0.015625 0.0671875
0 0.8046875 0.1890625 0.015625 0.0671875
0 0.7265625 0.19453125 0.015625 0.0671875
0 0.85703125 0.1890625 0.0171875 0.0671875
18 0.9515625 0.18671875 0.00625 0.090625
18 0.92578125 0.18515625 0.00625 0.090625
18 0.89921875 0.1828125 0.00625 0.090625
18 0.87265625 0.18515625 0.00625 0.090625
18 0.846875 0.18671875 0.00625 0.090625
18 0.82109375 0.18125 0.00625 0.090625
18 0.79375 0.18515625 0.00625 0.090625
18 0.7671875 0.18671875 0.00625 0.090625
18 0.7421875 0.190625 0.00625 0.090625
0 0.7 0.190625 0.015625 0.0671875
0 0.3859375 0.26796875 0.015625 0.0671875
7 0.33125 0.2109375 0.0125 0.059375
0 0.09609375 0.1890625 0.015625 0.0671875
0 0.41171875 0.26796875 0.015625 0.0671875
7 0.4890625 0.2125 0.0125 0.059375
7 0.253125 0.20703125 0.0125 0.059375
18 0.715625 0.1890625 0.00625 0.090625
18 0.68984375 0.18515625 0.00625 0.090625
18 0.66328125 0.1890625 0.00625 0.090625
7 0.30625 0.20859375 0.0125 0.059375
18 0.6375 0.190625 0.00625 0.090625
18 0.61015625 0.18671875 0.00625 0.090625
7 0.51484375 0.20859375 0.0125 0.059375
0 0.0171875 0.1890625 0.0171875 0.0671875
0 0.4375 0.26796875 0.015625 0.0671875
7 0.2265625 0.2125 0.0125 0.059375
7 0.38359375 0.2109375 0.0125 0.059375
0 0.62109375 0.1890625 0.015625 0.0671875
7 0.4625 0.20859375 0.0125 0.059375
7 0.41015625 0.2109375 0.0125 0.059375
0 0.121875 0.1890625 0.015625 0.0671875
0 0.48984375 0.26953125 0.015625 0.0671875
0 0.8828125 0.1890625 0.0171875 0.0671875
0 0.25390625 0.26171875 0.015625 0.0671875
0 0.14921875 0.19296875 0.015625 0.0671875
0 0.3578125 0.265625 0.015625 0.0671875
0 0.83046875 0.190625 0.015625 0.0671875
18 0.58515625 0.19296875 0.00625 0.090625
0 0.77890625 0.190625 0.015625 0.0671875
18 0.55859375 0.18515625 0.00625 0.090625
18 0.53203125 0.18515625 0.00625 0.090625
7 0.54140625 0.20859375 0.0125 0.059375
18 0.50546875 0.18671875 0.00625 0.090625
0 0.75234375 0.190625 0.015625 0.0671875
7 0.5671875 0.2125 0.0125 0.059375
7 0.4359375 0.2125 0.0125 0.059375
0 0.54140625 0.2640625 0.015625 0.0671875
18 0.19140625 0.18515625 0.0078125 0.090625
0 0.91015625 0.1890625 0.0171875 0.0671875
7 0.278125 0.2109375 0.0125 0.059375
0 0.93515625 0.1890625 0.0171875 0.0671875
0 0.59375 0.1890625 0.015625 0.0671875
18 0.4796875 0.1890625 0.00625 0.090625
18 0.453125 0.18515625 0.00625 0.090625
18 0.42734375 0.1828125 0.00625 0.090625
18 0.40078125 0.1828125 0.00625 0.090625
0 0.9609375 0.190625 0.0171875 0.0671875
0 0.17578125 0.1890625 0.015625 0.0671875
18 0.375 0.1828125 0.00625 0.090625
18 0.3484375 0.18671875 0.00625 0.090625
18 0.321875 0.18515625 0.00625 0.090625
18 0.296875 0.190625 0.00625 0.090625
18 0.2703125 0.1890625 0.00625 0.090625
0 0.28125 0.2640625 0.015625 0.0671875
18 0.24453125 0.18671875 0.00625 0.090625
0 0.33359375 0.26796875 0.015625 0.0671875
18 0.2171875 0.18515625 0.00625 0.090625
18 0.1390625 0.18515625 0.00625 0.090625
18 0.11171875 0.18671875 0.00625 0.090625
18 0.0859375 0.18515625 0.00625 0.090625
18 0.059375 0.18671875 0.00625 0.090625
0 0.30546875 0.26796875 0.015625 0.0671875
7 0.3578125 0.2109375 0.0125 0.059375
18 0.03359375 0.18671875 0.00625 0.090625
18 0.00625 0.18671875 0.00625 0.090625
0 0.5171875 0.26953125 0.015625 0.0671875