18 0.6484375 0.12109375 0.009375 0.009375
28 0.646875 0.196875 0.0125 0.021875
0 0.66875 0.08671875 0.03125 0.01875
13 0.61953125 0.328125 0.009375 0.015625
25 0.63046875 0.3046875 0.01875 0.01875
15 0.61015625 0.328125 0.009375 0.015625
0 0.64140625 0.1296875 0.00625 0.009375
0 0.61796875 0.13359375 0.0109375 0.009375
0 0.6125 0.20078125 0.0125 0.009375
18 0.6296875 0.346875 0.0109375 0.028125
31 0.63046875 0.1359375 0.009375 0.0125
0 0.61171875 0.30390625 0.009375 0.009375
0 0.64140625 0.21875 0.065625 0.01875
25 0.6296875 0.20078125 0.0203125 0.01875
0 0.64453125 0.33046875 0.0140625 0.01875
6 0.6578125 0.11875 0.00625 0.009375