0 0.7015625 0.91875 0.053125 0.0546875
18 0.6765625 0.07890625 0.09296875 0.02578125
0 0.69921875 0.2546875 0.0546875 0.0578125
18 0.67578125 0.878125 0.09140625 0.02578125
0 0.8953125 0.38515625 0.03671875 0.0578125
18 0.67734375 0.37890625 0.09765625 0.02578125
18 0.6765625 0.21484375 0.09609375 0.02578125
0 0.69921875 0.11796875 0.053125 0.0515625
0 0.7 0.759375 0.05078125 0.05625
18 0.675 0.5546875 0.09609375 0.02578125
18 0.678125 0.71796875 0.09140625 0.02578125
0 0.7 0.59609375 0.05234375 0.05
0 0.6984375 0.41875 0.05078125 0.0546875