28 0.42109375 0.628125 0.0265625 0.0125
18 0.54375 0.73203125 0.0125 0.021875
0 0.55234375 0.61875 0.009375 0.009375
0 0.48515625 0.62734375 0.028125 0.01875
28 0.421875 0.73203125 0.0265625 0.0125
18 0.54375 0.62578125 0.0125 0.025
0 0.4484375 0.7328125 0.01875 0.021875
0 0.4484375 0.6609375 0.01875 0.021875
5 0.53046875 0.59921875 0.0125 0.0125
0 0.4265625 0.6640625 0.009375 0.015625
31 0.48359375 0.70703125 0.01875 0.0125
0 0.50859375 0.60390625 0.0234375 0.034375
0 0.55234375 0.73671875 0.009375 0.009375
31 0.48359375 0.646875 0.01875 0.0125
25 0.421875 0.64375 0.0265625 0.0203125
0 0.42734375 0.69609375 0.009375 0.015625
0 0.484375 0.73515625 0.028125 0.01875
18 0.45234375 0.715625 0.01875 0.009375
6 0.54609375 0.60390625 0.0140625 0.009375
6 0.546875 0.75078125 0.0140625 0.009375
25 0.421875 0.71328125 0.0265625 0.0203125
18 0.453125 0.64453125 0.01875 0.009375
5 0.5296875 0.75625 0.0125 0.0125
0 0.509375 0.7515625 0.01875 0.034375