0 0.58515625 0.3984375 0.0109375 0.0171875
18 0.6046875 0.159375 0.05390625 0.01875
18 0.60234375 0.2703125 0.0546875 0.01796875
18 0.6015625 0.30859375 0.05078125 0.01875
18 0.6015625 0.69609375 0.05625 0.0203125
18 0.6 0.3453125 0.053125 0.0203125
18 0.6015625 0.121875 0.05078125 0.01796875
0 0.58515625 0.4359375 0.0109375 0.0171875
0 0.58515625 0.51015625 0.0109375 0.0171875
0 0.584375 0.65859375 0.0109375 0.0171875
0 0.5859375 0.2125 0.0109375 0.0171875
0 0.58515625 0.2875 0.0109375 0.0171875
0 0.58359375 0.80546875 0.0109375 0.0171875
0 0.58359375 0.7125 0.0109375 0.0171875
18 0.6015625 0.08515625 0.04765625 0.01796875
0 0.5859375 0.1359375 0.0109375 0.0171875
0 0.58515625 0.8875 0.0109375 0.0171875
18 0.60078125 0.78984375 0.053125 0.01796875
0 0.58515625 0.96171875 0.0109375 0.0171875
0 0.584375 0.62109375 0.0109375 0.0171875
18 0.603125 0.45703125 0.05703125 0.01796875
0 0.584375 0.471875 0.0109375 0.0171875
0 0.584375 0.54765625 0.0109375 0.0171875
18 0.6015625 0.23359375 0.05390625 0.01796875
18 0.603125 0.49375 0.05703125 0.01796875
18 0.603125 0.53046875 0.05703125 0.01953125
18 0.60390625 0.19609375 0.05234375 0.0171875
0 0.5859375 0.175 0.0109375 0.0171875
18 0.603125 0.56875 0.05703125 0.01875
9 0.45546875 0.7890625 0.03046875 0.01796875
18 0.603125 0.73828125 0.05546875 0.01875
0 0.58359375 0.584375 0.0109375 0.0171875
18 0.60234375 0.38203125 0.05546875 0.01796875
0 0.453125 0.77265625 0.0109375 0.01484375
18 0.603125 0.64296875 0.0578125 0.01875
0 0.58515625 0.1 0.0109375 0.0171875
0 0.71015625 0.51328125 0.04140625 0.0765625
0 0.58359375 0.75546875 0.0109375 0.0171875
0 0.584375 0.84921875 0.0109375 0.0171875
18 0.60078125 0.41875 0.0546875 0.0171875
18 0.603125 0.60546875 0.0578125 0.01953125
0 0.5859375 0.25 0.0109375 0.0171875
18 0.603125 0.9453125 0.05546875 0.01796875
0 0.58359375 0.32265625 0.0109375 0.0171875
18 0.603125 0.9078125 0.05546875 0.01796875
18 0.603125 0.87109375 0.05625 0.01796875
18 0.60390625 0.8328125 0.05546875 0.0171875
28 0.7109375 0.5625 0.04140625 0.02109375
0 0.58359375 0.36015625 0.0109375 0.0171875
0 0.584375 0.925 0.0109375 0.0171875