0 0.22734375 0.81953125 0.0328125 0.04609375
18 0.51484375 0.78984375 0.01875 0.08515625
18 0.5828125 0.790625 0.01875 0.08515625
18 0.65078125 0.79453125 0.01875 0.08515625
0 0.29453125 0.82109375 0.0328125 0.04609375
0 0.7 0.82109375 0.03515625 0.04609375
0 0.5640625 0.81953125 0.03515625 0.04609375
0 0.9015625 0.81953125 0.03515625 0.04609375
0 0.36328125 0.81796875 0.0328125 0.04609375
0 0.83359375 0.82109375 0.03515625 0.04609375
0 0.63125 0.81796875 0.03671875 0.04609375
18 0.44765625 0.79140625 0.01875 0.08515625
0 0.76640625 0.8203125 0.03515625 0.04609375
18 0.1078125 0.7984375 0.01875 0.090625
18 0.1765625 0.796875 0.01875 0.090625
18 0.24453125 0.79921875 0.01875 0.090625
18 0.31328125 0.79765625 0.01875 0.090625
18 0.37890625 0.796875 0.01875 0.090625
18 0.91953125 0.79296875 0.01875 0.08515625
18 0.85234375 0.79375 0.01875 0.08515625
18 0.78515625 0.79296875 0.01875 0.08515625
18 0.7171875 0.7921875 0.01875 0.08515625
0 0.48828125 0.82109375 0.05 0.02265625
0 0.1515625 0.82109375 0.05 0.02265625
0 0.084375 0.81953125 0.05 0.02265625
0 0.42265625 0.82109375 0.05 0.02265625