28 0.371875 0.42109375 0.0125 0.0265625
18 0.26796875 0.54375 0.02109375 0.01328125
0 0.38125 0.55234375 0.01015625 0.00859375
0 0.37265625 0.48515625 0.01875 0.02890625
28 0.26796875 0.421875 0.0125 0.0265625
18 0.37421875 0.54375 0.02421875 0.01328125
0 0.2671875 0.4484375 0.02109375 0.01953125
0 0.3390625 0.4484375 0.02109375 0.01796875
5 0.40078125 0.53046875 0.01328125 0.01328125
0 0.3359375 0.4265625 0.01484375 0.00859375
31 0.29296875 0.48359375 0.01171875 0.01875
0 0.39609375 0.50859375 0.034375 0.0234375
0 0.26328125 0.55234375 0.01015625 0.00859375
31 0.353125 0.48359375 0.01171875 0.01875
25 0.35625 0.421875 0.0203125 0.0265625
0 0.30390625 0.42734375 0.01484375 0.009375
0 0.26484375 0.484375 0.01796875 0.02890625
18 0.284375 0.45234375 0.00859375 0.01796875
6 0.39609375 0.54609375 0.00859375 0.0140625
6 0.24921875 0.546875 0.00859375 0.0140625
25 0.28671875 0.421875 0.0203125 0.0265625
18 0.35546875 0.453125 0.009375 0.01796875
5 0.24375 0.5296875 0.01328125 0.01328125
0 0.2484375 0.509375 0.03515625 0.01953125