18 0.25234375 0.234375 0.0109375 0.0625
0 0.46171875 0.321875 0.0328125 0.0453125
0 0.55078125 0.32109375 0.0328125 0.0453125
0 0.50625 0.32109375 0.0328125 0.0453125
0 0.41953125 0.3234375 0.0328125 0.0453125
9 0.53046875 0.31875 0.01875 0.0453125
18 0.87734375 0.23046875 0.0109375 0.0625
0 0.54296875 0.23046875 0.0328125 0.0859375
18 0.92109375 0.23046875 0.0109375 0.0625
0 0.9609375 0.10234375 0.0625 0.03125
0 0.07890625 0.240625 0.034375 0.0875
18 0.65390625 0.2296875 0.0109375 0.0625
0 0.76796875 0.24296875 0.0328125 0.0859375
18 0.6109375 0.2265625 0.0109375 0.0625
9 0.4453125 0.3234375 0.01875 0.0453125
0 0.89765625 0.2453125 0.0328125 0.0859375
0 0.27109375 0.26953125 0.034375 0.071875
0 0.45546875 0.23984375 0.0328125 0.071875
0 0.85390625 0.240625 0.0328125 0.0859375
0 0.8109375 0.24296875 0.0328125 0.0859375
9 0.575 0.3140625 0.01875 0.0453125
0 0.6828125 0.24296875 0.0328125 0.0859375
9 0.4875 0.31953125 0.01875 0.0453125
18 0.10234375 0.2265625 0.0109375 0.0625
18 0.153125 0.23046875 0.0109375 0.0625
0 0.228125 0.26953125 0.034375 0.071875
18 0.20390625 0.23046875 0.0109375 0.0625
18 0.29375 0.23203125 0.0109375 0.0625
0 0.63125 0.240625 0.0328125 0.0859375
0 0.72578125 0.2421875 0.0328125 0.0859375
0 0.58828125 0.24453125 0.0328125 0.0859375
18 0.34375 0.23046875 0.0109375 0.0625
18 0.39296875 0.23515625 0.0109375 0.0625
18 0.4375 0.23203125 0.0109375 0.0625
0 0.178125 0.24765625 0.034375 0.084375
18 0.48203125 0.2328125 0.0109375 0.0625
18 0.52421875 0.2328125 0.0109375 0.0625
0 0.415625 0.2421875 0.0328125 0.071875
0 0.371875 0.24921875 0.034375 0.090625
0 0.31484375 0.24765625 0.034375 0.090625
18 0.56796875 0.2328125 0.0109375 0.0625
0 0.496875 0.2421875 0.0328125 0.071875
18 0.7046875 0.234375 0.0109375 0.0625
18 0.74765625 0.23203125 0.0109375 0.0625
18 0.790625 0.23515625 0.0109375 0.0625
0 0.128125 0.2453125 0.034375 0.0875
18 0.834375 0.234375 0.0109375 0.0625