18 0.87890625 0.3921875 0.009375 0.0234375
0 0.84453125 0.38359375 0.021875 0.028125
0 0.1625 0.384375 0.021875 0.028125
0 0.29609375 0.43359375 0.009375 0.065625
0 0.20234375 0.4328125 0.009375 0.065625
0 0.37890625 0.43046875 0.0078125 0.065625
18 0.14453125 0.39375 0.009375 0.021875
18 0.19140625 0.39375 0.009375 0.021875
18 0.240625 0.39375 0.009375 0.021875
18 0.2859375 0.3953125 0.009375 0.021875
18 0.92734375 0.39140625 0.009375 0.0234375
18 0.82890625 0.39453125 0.009375 0.0234375
18 0.77578125 0.39375 0.009375 0.0234375
18 0.72578125 0.39453125 0.009375 0.0234375
18 0.68515625 0.39375 0.009375 0.0234375
18 0.63515625 0.39375 0.009375 0.0234375
0 0.10078125 0.43359375 0.009375 0.065625
18 0.5625 0.3921875 0.009375 0.0234375
18 0.51484375 0.39375 0.009375 0.0234375
0 0.58046875 0.384375 0.021875 0.028125
0 0.89453125 0.384375 0.021875 0.028125
18 0.4671875 0.39453125 0.009375 0.0234375
0 0.94140625 0.38359375 0.021875 0.028125
18 0.41796875 0.39453125 0.009375 0.0234375
18 0.36953125 0.3953125 0.009375 0.0234375
18 0.3296875 0.39296875 0.009375 0.0234375
18 0.090625 0.39375 0.009375 0.0234375
18 0.0421875 0.39609375 0.009375 0.0234375
0 0.65390625 0.38359375 0.021875 0.028125
0 0.15390625 0.42734375 0.009375 0.065625
0 0.38515625 0.384375 0.021875 0.028125
0 0.428125 0.42890625 0.0109375 0.065625
0 0.74140625 0.38359375 0.021875 0.028125
0 0.21171875 0.384375 0.021875 0.028125
0 0.109375 0.38359375 0.021875 0.028125
0 0.5359375 0.38671875 0.021875 0.028125
0 0.05234375 0.43203125 0.009375 0.065625
0 0.69375 0.43046875 0.009375 0.065625
0 0.06015625 0.38359375 0.021875 0.028125
0 0.78515625 0.4296875 0.009375 0.065625
0 0.6984375 0.38359375 0.021875 0.028125
0 0.7359375 0.43125 0.009375 0.065625
0 0.4390625 0.38671875 0.021875 0.028125
0 0.8390625 0.4296875 0.009375 0.065625
0 0.525 0.43046875 0.009375 0.065625
0 0.97109375 0.31015625 0.0390625 0.021875
0 0.33984375 0.4296875 0.009375 0.065625
0 0.3015625 0.3828125 0.021875 0.028125
0 0.4765625 0.4296875 0.009375 0.065625
0 0.4859375 0.3875 0.021875 0.028125
0 0.8890625 0.43125 0.009375 0.065625
0 0.34765625 0.384375 0.021875 0.028125
0 0.79375 0.38359375 0.021875 0.028125
0 0.2515625 0.43046875 0.009375 0.065625
0 0.9359375 0.4296875 0.0125 0.065625
0 0.259375 0.38359375 0.021875 0.028125
0 0.57265625 0.4296875 0.009375 0.065625
0 0.6453125 0.43359375 0.009375 0.065625