4 0.47578125 0.4828125 0.0203125 0.0375
0 0.63515625 0.65078125 0.059375 0.0703125
6 0.428125 0.41640625 0.025 0.025
0 0.84140625 0.703125 0.034375 0.03125
31 0.434375 0.5625 0.034375 0.1
0 0.57578125 0.66953125 0.059375 0.096875
0 0.540625 0.440625 0.059375 0.08125
0 0.43671875 0.4703125 0.059375 0.05625
12 0.5140625 0.50546875 0.0375 0.078125
28 0.5765625 0.60234375 0.03125 0.0234375
25 0.6328125 0.5671875 0.05 0.0484375
0 0.42578125 0.64296875 0.0171875 0.034375
14 0.63671875 0.60234375 0.034375 0.025
25 0.57578125 0.5671875 0.05 0.0484375
18 0.83046875 0.56328125 0.0703125 0.03125
0 0.7984375 0.521875 0.034375 0.0484375
0 0.63984375 0.51640625 0.034375 0.0484375
0 0.58203125 0.5171875 0.034375 0.0484375