4 0.43125 0.30859375 0.021875 0.065625
0 0.66875 0.31015625 0.025 0.0421875
0 0.61171875 0.30859375 0.025 0.0421875
0 0.55 0.30703125 0.025 0.0421875
4 0.31328125 0.3109375 0.021875 0.065625
0 0.29375 0.30859375 0.0265625 0.0421875
4 0.51796875 0.31015625 0.021875 0.065625
0 0.35078125 0.3078125 0.0265625 0.0421875
0 0.23359375 0.3078125 0.0265625 0.0421875
4 0.63359375 0.309375 0.021875 0.065625
4 0.69375 0.3078125 0.021875 0.065625
0 0.453125 0.2203125 0.1 0.025
4 0.25703125 0.30859375 0.021875 0.065625
0 0.40859375 0.30625 0.0265625 0.0421875
0 0.49296875 0.3078125 0.025 0.0421875
4 0.5765625 0.31015625 0.021875 0.065625
4 0.37265625 0.30859375 0.021875 0.065625