18 0.48671875 0.37109375 0.021875 0.0109375
18 0.48671875 0.34921875 0.021875 0.0109375
18 0.48671875 0.4 0.021875 0.0109375
18 0.48671875 0.421875 0.021875 0.0109375
18 0.48671875 0.3265625 0.021875 0.0109375
18 0.4859375 0.303125 0.021875 0.0109375
18 0.48671875 0.44296875 0.021875 0.0109375
0 0.5171875 0.340625 0.015625 0.01875
18 0.48671875 0.28125 0.021875 0.0109375
0 0.5171875 0.2734375 0.015625 0.01875
18 0.4859375 0.2609375 0.021875 0.0109375
18 0.48671875 0.240625 0.021875 0.0109375
18 0.48671875 0.46640625 0.021875 0.0109375
18 0.47890625 0.496875 0.021875 0.0109375
0 0.5171875 0.459375 0.015625 0.01875
0 0.5171875 0.41484375 0.015625 0.01875
0 0.5171875 0.23125 0.015625 0.01875
21 0.38671875 0.52890625 0.01875 0.0109375
0 0.47734375 0.52265625 0.0171875 0.015625
18 0.48671875 0.21796875 0.021875 0.0109375
28 0.4171875 0.559375 0.028125 0.021875
0 0.41875 0.4953125 0.0125 0.028125
0 0.3828125 0.49453125 0.0125 0.01875
0 0.5171875 0.29609375 0.015625 0.01875
0 0.51640625 0.43671875 0.015625 0.01875
0 0.41484375 0.58515625 0.03125 0.028125
6 0.503125 0.5 0.01875 0.015625
0 0.5171875 0.39140625 0.015625 0.01875
25 0.41875 0.53203125 0.01875 0.015625
0 0.5171875 0.3640625 0.015625 0.01875
0 0.5171875 0.20859375 0.015625 0.01875
0 0.5171875 0.31953125 0.015625 0.01875
0 0.5171875 0.25390625 0.015625 0.01875