0 0.609375 0.73671875 0.08125 0.090625
5 0.56328125 0.15703125 0.0953125 0.08125
0 0.61640625 0.21015625 0.075 0.090625
0 0.8515625 0.128125 0.171875 0.2078125
4 0.7109375 0.60859375 0.1125 0.034375
28 0.85 0.60859375 0.1125 0.0671875
0 0.4609375 0.79609375 0.1171875 0.096875
0 0.4578125 0.14609375 0.11875 0.109375
0 0.70078125 0.66875 0.109375 0.075
5 0.56484375 0.7859375 0.0890625 0.084375
0 0.7953125 0.42578125 0.08125 0.140625
0 0.315625 0.09375 0.103125 0.1203125
18 0.584375 0.26640625 0.065625 0.078125
18 0.584375 0.6734375 0.065625 0.078125
25 0.84921875 0.3265625 0.096875 0.053125
0 0.70234375 0.27265625 0.1125 0.08125
0 0.54296875 0.46875 0.0359375 0.05
31 0.5078125 0.54921875 0.10625 0.071875
0 0.865625 0.75703125 0.1265625 0.2203125
4 0.71015625 0.33203125 0.1171875 0.0375
28 0.8484375 0.26484375 0.1125 0.0671875
31 0.5046875 0.38984375 0.1 0.0875