18 0.496875 0.678125 0.015625 0.00625
0 0.49375 0.24296875 0.021875 0.0125
0 0.4953125 0.31015625 0.0171875 0.01875
0 0.4953125 0.02734375 0.01875 0.0203125
7 0.52265625 0.53203125 0.00625 0.00625
0 0.49609375 0.6640625 0.015625 0.0203125
0 0.52109375 0.5546875 0.021875 0.009375
7 0.52265625 0.2140625 0.00625 0.00625
0 0.52109375 0.4140625 0.0203125 0.009375
0 0.49609375 0.7 0.0171875 0.0203125
0 0.49375 0.27890625 0.021875 0.0125
9 0.5234375 0.43125 0.009375 0.003125
0 0.4328125 0.13515625 0.009375 0.0484375
0 0.52109375 0.4484375 0.021875 0.009375
9 0.52265625 0.36015625 0.009375 0.003125
7 0.52265625 0.46171875 0.00625 0.00625
0 0.49609375 0.38125 0.0171875 0.01875
9 0.5234375 0.57265625 0.009375 0.003125
0 0.49609375 0.20390625 0.01875 0.0203125
0 0.4953125 0.0984375 0.01875 0.021875
0 0.5203125 0.30703125 0.01875 0.009375
7 0.52265625 0.4265625 0.00625 0.00625
0 0.49609375 0.521875 0.0171875 0.0203125
0 0.5203125 0.20078125 0.01875 0.009375
0 0.49609375 0.94765625 0.0171875 0.0203125
28 0.41953125 0.13125 0.01875 0.015625
0 0.49609375 0.41640625 0.0171875 0.01875
7 0.52265625 0.3546875 0.00625 0.00625
7 0.52265625 0.3203125 0.00625 0.00625
0 0.3546875 0.12578125 0.0125 0.0234375
0 0.49375 0.775 0.0203125 0.0125
0 0.52109375 0.378125 0.021875 0.009375
0 0.5203125 0.3421875 0.01875 0.009375
0 0.43125 0.03828125 0.009375 0.01875
0 0.49609375 0.59375 0.015625 0.01875
0 0.49375 0.065625 0.021875 0.0125
0 0.49609375 0.62890625 0.0171875 0.0203125
0 0.52109375 0.51875 0.021875 0.009375
9 0.52265625 0.325 0.009375 0.003125
0 0.4953125 0.34609375 0.01875 0.01875
18 0.3578125 0.109375 0.009375 0.00625
18 0.49765625 0.0421875 0.015625 0.00625
18 0.49765625 0.11171875 0.015625 0.00625
18 0.49765625 0.21796875 0.015625 0.00625
18 0.49765625 0.32421875 0.015625 0.00625
18 0.49765625 0.359375 0.015625 0.00625
18 0.49765625 0.39453125 0.015625 0.00625
18 0.496875 0.43046875 0.015625 0.00625
18 0.49765625 0.465625 0.015625 0.00625
18 0.496875 0.50078125 0.015625 0.00625
18 0.49765625 0.53671875 0.015625 0.00625
18 0.49765625 0.60703125 0.015625 0.00625
18 0.49765625 0.571875 0.015625 0.00625
18 0.49765625 0.6421875 0.015625 0.00625
18 0.49765625 0.71328125 0.015625 0.00625
18 0.49765625 0.7484375 0.015625 0.00625
18 0.496875 0.81953125 0.015625 0.00625
19 0.49296875 0.07734375 0.01875 0.0125
19 0.49296875 0.1484375 0.01875 0.0125
19 0.49375 0.18359375 0.01875 0.0125
19 0.49296875 0.2546875 0.01875 0.0125
19 0.49296875 0.28984375 0.01875 0.0125
19 0.49296875 0.78515625 0.01875 0.0125
18 0.496875 0.96171875 0.0125 0.00625
0 0.49609375 0.73515625 0.015625 0.021875
0 0.49375 0.1375 0.021875 0.0125
0 0.49609375 0.4875 0.0171875 0.01875
9 0.52265625 0.46640625 0.009375 0.003125
9 0.52265625 0.21875 0.009375 0.003125
0 0.49375 0.171875 0.021875 0.0125
0 0.49609375 0.80546875 0.015625 0.0203125
0 0.49609375 0.55859375 0.0171875 0.01875
7 0.52265625 0.390625 0.00625 0.00625
0 0.49609375 0.4515625 0.0171875 0.01875
7 0.52265625 0.56796875 0.00625 0.00625
9 0.5234375 0.53671875 0.009375 0.003125
9 0.52265625 0.39609375 0.009375 0.003125