0 0.6765625 0.634375 0.05625 0.09375
0 0.49453125 0.540625 0.05 0.209375
0 0.296875 0.5203125 0.075 0.10625
13 0.24921875 0.31484375 0.04375 0.0578125
21 0.6640625 0.45625 0.05 0.221875
0 0.8296875 0.41953125 0.025 0.053125
25 0.38984375 0.4421875 0.0484375 0.034375
0 0.41484375 0.5265625 0.08125 0.121875
13 0.25 0.38359375 0.04375 0.0578125
28 0.37265625 0.38046875 0.059375 0.071875
8 0.55703125 0.69140625 0.04375 0.0375
0 0.521875 0.70078125 0.03125 0.115625
1 0.6640625 0.29921875 0.0875 0.06875
0 0.10078125 0.51328125 0.078125 0.06875
25 0.275 0.4421875 0.05 0.034375
0 0.3859375 0.2328125 0.1125 0.209375
13 0.24921875 0.2453125 0.04375 0.0578125
4 0.06484375 0.44296875 0.071875 0.0484375
15 0.29609375 0.38515625 0.04375 0.0609375
6 0.80859375 0.31171875 0.05 0.075
0 0.9484375 0.765625 0.0359375 0.309375
18 0.54609375 0.54296875 0.0359375 0.075
18 0.796875 0.425 0.0390625 0.078125