0 0.4640625 0.66953125 0.0109375 0.01328125
0 0.55234375 0.71953125 0.01015625 0.0078125
0 0.52578125 0.71484375 0.01015625 0.0125
0 0.6328125 0.66875 0.0109375 0.01328125
0 0.66640625 0.66875 0.0109375 0.01328125
0 0.5765625 0.73828125 0.00859375 0.00859375
0 0.51640625 0.7375 0.00859375 0.00859375
13 0.5265625 0.73359375 0.00390625 0.0046875
0 0.446875 0.66953125 0.0109375 0.01328125
0 0.48203125 0.66875 0.0109375 0.01328125
18 0.4703125 0.66796875 0.003125 0.00703125
18 0.45234375 0.6671875 0.003125 0.00703125
0 0.540625 0.709375 0.009375 0.0125
0 0.51953125 0.66875 0.0109375 0.01328125
13 0.565625 0.74375 0.00390625 0.0046875
15 0.565625 0.728125 0.003125 0.00546875
0 0.55625 0.66875 0.0109375 0.01328125
0 0.64921875 0.66875 0.0109375 0.01328125
6 0.5078125 0.72578125 0.00390625 0.00546875
18 0.51328125 0.725 0.00390625 0.00390625
6 0.584375 0.72578125 0.00390625 0.00546875
0 0.4671875 0.69375 0.0125 0.00703125
28 0.546875 0.69375 0.00625 0.009375
0 0.57890625 0.7171875 0.0109375 0.01171875
0 0.5640625 0.6953125 0.028125 0.0125
0 0.5140625 0.7171875 0.0109375 0.0125
21 0.56875 0.7359375 0.003125 0.00703125
0 0.61328125 0.66875 0.0109375 0.01328125
13 0.565625 0.73359375 0.00390625 0.0046875
0 0.5 0.66875 0.0109375 0.01328125
0 0.56796875 0.715625 0.01015625 0.0125
0 0.68671875 0.66875 0.0109375 0.01328125
0 0.57578125 0.66953125 0.0109375 0.01328125
13 0.565625 0.73828125 0.00390625 0.0046875
18 0.56328125 0.6671875 0.003125 0.00703125
18 0.52578125 0.6671875 0.003125 0.00703125
15 0.5265625 0.728125 0.003125 0.00546875
13 0.5265625 0.73828125 0.00390625 0.0046875
21 0.52265625 0.7359375 0.003125 0.00703125
18 0.54609375 0.7078125 0.00390625 0.00625
18 0.65546875 0.6671875 0.00390625 0.0078125
12 0.53203125 0.7171875 0.003125 0.00859375
18 0.6390625 0.6671875 0.00390625 0.0078125
18 0.57890625 0.725 0.00390625 0.00390625
19 0.48984375 0.66953125 0.00703125 0.01015625
19 0.50859375 0.66953125 0.00703125 0.01015625
19 0.675 0.66875 0.00703125 0.01015625
19 0.69453125 0.66953125 0.00703125 0.01015625
18 0.6203125 0.6671875 0.003125 0.00703125
18 0.5828125 0.6671875 0.003125 0.00703125
13 0.5265625 0.74375 0.00390625 0.0046875
31 0.546875 0.721875 0.0078125 0.00625
12 0.56015625 0.7171875 0.003125 0.00859375