13 0.63046875 0.4953125 0.01875 0.0296875
18 0.67109375 0.04609375 0.028125 0.03125
18 0.58125 0.13125 0.021875 0.0390625
18 0.53671875 0.90703125 0.0203125 0.0203125
0 0.7078125 0.6015625 0.140625 0.071875
31 0.578125 0.83125 0.021875 0.03125
13 0.61171875 0.49453125 0.01875 0.0296875
0 0.66953125 0.51953125 0.134375 0.021875
0 0.5109375 0.14609375 0.103125 0.071875
0 0.63359375 0.040625 0.04375 0.028125
30 0.5140625 0.75078125 0.04375 0.028125
0 0.85078125 0.65546875 0.0375 0.04375
13 0.6484375 0.4953125 0.01875 0.0296875
28 0.62109375 0.5828125 0.028125 0.034375
0 0.51953125 0.78046875 0.1234375 0.021875
0 0.5359375 0.93125 0.04375 0.03125
0 0.56328125 0.73671875 0.05 0.021875
25 0.584375 0.50703125 0.034375 0.059375
15 0.6671875 0.4953125 0.0203125 0.028125
25 0.584375 0.58359375 0.034375 0.05625
4 0.5609375 0.7515625 0.0203125 0.0171875
0 0.6609375 0.84296875 0.11875 0.0390625
6 0.5078125 0.91484375 0.0140625 0.0203125