18 0.6078125 0.87890625 0.0234375 0.009375
0 0.61640625 0.84453125 0.028125 0.02109375
0 0.615625 0.1625 0.028125 0.02109375
0 0.56640625 0.29609375 0.065625 0.009375
0 0.5671875 0.20234375 0.065625 0.009375
0 0.56953125 0.37890625 0.065625 0.0078125
18 0.60625 0.14453125 0.021875 0.009375
18 0.60625 0.19140625 0.021875 0.009375
18 0.60625 0.240625 0.021875 0.009375
18 0.6046875 0.2859375 0.021875 0.009375
18 0.60859375 0.92734375 0.0234375 0.009375
18 0.60546875 0.82890625 0.0234375 0.009375
18 0.60625 0.77578125 0.0234375 0.009375
18 0.60546875 0.72578125 0.0234375 0.009375
18 0.60625 0.68515625 0.0234375 0.009375
18 0.60625 0.63515625 0.0234375 0.009375
0 0.56640625 0.10078125 0.065625 0.009375
18 0.6078125 0.5625 0.0234375 0.009375
18 0.60625 0.51484375 0.0234375 0.009375
0 0.615625 0.58046875 0.028125 0.02109375
0 0.615625 0.89453125 0.028125 0.02109375
18 0.60546875 0.4671875 0.0234375 0.009375
0 0.61640625 0.94140625 0.028125 0.02109375
18 0.60546875 0.41796875 0.0234375 0.009375
18 0.6046875 0.36953125 0.0234375 0.009375
18 0.60703125 0.3296875 0.0234375 0.009375
18 0.60625 0.090625 0.0234375 0.009375
18 0.60390625 0.0421875 0.0234375 0.009375
0 0.61640625 0.65390625 0.028125 0.02109375
0 0.57265625 0.15390625 0.065625 0.009375
0 0.615625 0.38515625 0.028125 0.02109375
0 0.57109375 0.428125 0.065625 0.0109375
0 0.61640625 0.74140625 0.028125 0.02109375
0 0.615625 0.21171875 0.028125 0.02109375
0 0.61640625 0.109375 0.028125 0.02109375
0 0.61328125 0.5359375 0.028125 0.02109375
0 0.56796875 0.05234375 0.065625 0.00859375
0 0.56953125 0.69375 0.065625 0.009375
0 0.61640625 0.06015625 0.028125 0.02109375
0 0.5703125 0.78515625 0.065625 0.01015625
0 0.61640625 0.6984375 0.028125 0.02109375
0 0.56875 0.7359375 0.065625 0.009375
0 0.61328125 0.4390625 0.028125 0.02109375
0 0.5703125 0.8390625 0.065625 0.009375
0 0.56953125 0.525 0.065625 0.009375
0 0.68984375 0.97109375 0.02109375 0.0390625
0 0.5703125 0.33984375 0.065625 0.009375
0 0.6171875 0.3015625 0.028125 0.02109375
0 0.5703125 0.4765625 0.065625 0.009375
0 0.6125 0.4859375 0.028125 0.02109375
0 0.56875 0.8890625 0.065625 0.01015625
0 0.615625 0.34765625 0.028125 0.02109375
0 0.61640625 0.79375 0.028125 0.02109375
0 0.56953125 0.2515625 0.065625 0.009375
0 0.5703125 0.9359375 0.065625 0.01171875
0 0.61640625 0.259375 0.028125 0.02109375
0 0.5703125 0.57265625 0.065625 0.009375
0 0.56640625 0.6453125 0.065625 0.009375