31 0.3421875 0.8171875 0.01875 0.040625
0 0.3359375 0.73671875 0.0265625 0.03125
25 0.3609375 0.734375 0.0125 0.0328125
0 0.2734375 0.8171875 0.0125 0.01875
0 0.18515625 0.7328125 0.0375 0.040625
0 0.16484375 0.79296875 0.0640625 0.0140625
28 0.3796875 0.73359375 0.021875 0.0375
0 0.2015625 0.77109375 0.05625 0.01875
0 0.41171875 0.73359375 0.0375 0.040625
31 0.2609375 0.81796875 0.0171875 0.04375
0 0.328125 0.8171875 0.0125 0.01875
25 0.24140625 0.734375 0.0140625 0.0328125
0 0.2640625 0.734375 0.0265625 0.034375
0 0.39296875 0.77578125 0.05625 0.0140625
28 0.221875 0.7328125 0.021875 0.0390625
18 0.35703125 0.7765625 0.0125 0.025
18 0.2375 0.7765625 0.0125 0.0265625