18 0.3125 0.54453125 0.00625 0.01484375
0 0.55078125 0.44921875 0.01640625 0.0171875
0 0.29921875 0.5125 0.0171875 0.0140625
18 0.3484375 0.45 0.00625 0.01640625
0 0.4625 0.44921875 0.01640625 0.01640625
18 0.29921875 0.45 0.00625 0.01640625
18 0.27265625 0.45 0.00625 0.01640625
18 0.2484375 0.45 0.00625 0.01640625
18 0.225 0.45078125 0.00625 0.01640625
0 0.21171875 0.44921875 0.01640625 0.0171875
18 0.2 0.45078125 0.00625 0.01640625
25 0.46484375 0.51484375 0.0109375 0.01953125
18 0.46171875 0.5453125 0.00625 0.01484375
28 0.45078125 0.51484375 0.00859375 0.01796875
0 0.3109375 0.44921875 0.01640625 0.01640625
0 0.6015625 0.44921875 0.0171875 0.01640625
31 0.36171875 0.62421875 0.01171875 0.01640625
0 0.2375 0.45 0.01640625 0.01796875
0 0.359375 0.44921875 0.01640625 0.0171875
0 0.14140625 0.675 0.02421875 0.0125
0 0.41171875 0.44921875 0.01640625 0.0171875
25 0.315625 0.51484375 0.00859375 0.01875
0 0.26015625 0.44921875 0.01640625 0.01640625
0 0.3265625 0.546875 0.01953125 0.01484375
0 0.3359375 0.44921875 0.01640625 0.0171875
0 0.575 0.44921875 0.01875 0.01640625
0 0.48671875 0.44921875 0.01640625 0.01640625
31 0.41484375 0.6234375 0.01328125 0.015625
0 0.38984375 0.6171875 0.01640625 0.00859375
0 0.28515625 0.44921875 0.01640625 0.01640625
0 0.52890625 0.44921875 0.01640625 0.0171875
18 0.5890625 0.45 0.00625 0.0171875
18 0.61640625 0.45 0.00625 0.01640625
18 0.5625 0.45 0.00625 0.01640625
18 0.5390625 0.45 0.00625 0.01640625
18 0.5171875 0.44921875 0.00625 0.01640625
0 0.43359375 0.44921875 0.01640625 0.01640625
0 0.628125 0.44921875 0.01640625 0.01640625
28 0.3265625 0.51484375 0.0078125 0.01796875
18 0.49609375 0.45 0.00625 0.01640625
18 0.47421875 0.45 0.00625 0.01640625
0 0.47890625 0.51328125 0.01640625 0.0140625
0 0.4484375 0.54765625 0.01875 0.015625
18 0.45078125 0.44921875 0.00625 0.01640625
18 0.421875 0.45 0.00625 0.01640625
18 0.4 0.45 0.00625 0.01640625
0 0.5078125 0.44921875 0.01640625 0.0171875
18 0.3234375 0.45 0.00625 0.015625