18 0.87890625 0.6484375 0.009375 0.009375
28 0.803125 0.646875 0.021875 0.0125
0 0.91328125 0.66875 0.01875 0.03125
13 0.671875 0.61953125 0.015625 0.009375
25 0.6953125 0.63046875 0.01875 0.01875
15 0.671875 0.61015625 0.015625 0.009375
0 0.8703125 0.64140625 0.009375 0.00625
0 0.86640625 0.61796875 0.009375 0.0109375
0 0.79921875 0.6125 0.009375 0.0125
18 0.653125 0.6296875 0.028125 0.0109375
31 0.8640625 0.63046875 0.0125 0.009375
0 0.69609375 0.61171875 0.009375 0.009375
0 0.78125 0.64140625 0.01875 0.065625
25 0.79921875 0.6296875 0.01875 0.0203125
0 0.66953125 0.64453125 0.01875 0.0140625
6 0.88125 0.6578125 0.009375 0.00625