0 0.8265625 0.328125 0.1109375 0.05
18 0.7140625 0.34453125 0.04375 0.05625
0 0.8265625 0.1234375 0.1 0.05625
4 0.60234375 0.2859375 0.078125 0.0265625
0 0.521875 0.546875 0.275 0.08125
15 0.34140625 0.6078125 0.0625 0.046875
25 0.73515625 0.546875 0.11875 0.084375
31 0.7046875 0.1765625 0.0625 0.046875
0 0.45859375 0.31875 0.0890625 0.0234375
0 0.86015625 0.92421875 0.0796875 0.0375
0 0.71328125 0.6375 0.096875 0.034375
13 0.34296875 0.5140625 0.0625 0.0421875
0 0.51953125 0.45859375 0.275 0.0828125
25 0.7328125 0.4578125 0.121875 0.084375
15 0.33828125 0.446875 0.06875 0.065625
5 0.490625 0.28515625 0.078125 0.040625
0 0.603125 0.32109375 0.09375 0.021875
0 0.34140625 0.384375 0.278125 0.05625
13 0.40859375 0.515625 0.0625 0.0421875
13 0.2734375 0.51328125 0.0625 0.0421875