18 0.234375 0.44453125 0.0265625 0.0796875
0 0.86875 0.0296875 0.0453125 0.0375
0 0.6234375 0.41875 0.046875 0.01875
18 0.41171875 0.446875 0.025 0.0734375
0 0.44296875 0.41875 0.046875 0.0203125
0 0.26875 0.41796875 0.046875 0.01875
18 0.3234375 0.4453125 0.025 0.0765625
0 0.534375 0.41796875 0.046875 0.01875
18 0.6796875 0.44375 0.025 0.08125
18 0.59140625 0.4453125 0.025 0.08125
0 0.71171875 0.41796875 0.046875 0.0203125
18 0.5015625 0.44375 0.025 0.08125
0 0.35546875 0.4171875 0.046875 0.01875