6 0.52734375 0.83984375 0.0390625 0.009375
4 0.36171875 0.67265625 0.0421875 0.0140625
31 0.43984375 0.7296875 0.028125 0.0203125
31 0.4390625 0.784375 0.028125 0.0203125
0 0.31171875 0.8171875 0.0296875 0.025
0 0.534375 0.65078125 0.01875 0.03125
25 0.3046875 0.66953125 0.0375 0.01875
28 0.31875 0.875 0.046875 0.021875
0 0.41484375 0.78203125 0.0265625 0.028125
4 0.36171875 0.83984375 0.0421875 0.0140625
25 0.3046875 0.83671875 0.0375 0.0203125
18 0.48515625 0.84296875 0.03125 0.0125
0 0.365625 0.815625 0.0296875 0.028125
28 0.31875 0.60546875 0.046875 0.021875
0 0.49453125 0.653125 0.028125 0.028125
0 0.5328125 0.81796875 0.0140625 0.03125
0 0.3640625 0.64921875 0.03125 0.028125
0 0.4953125 0.81875 0.028125 0.034375
18 0.4859375 0.6765625 0.03125 0.0125
0 0.31171875 0.6515625 0.03125 0.0296875
0 0.4140625 0.7296875 0.025 0.028125
6 0.5265625 0.67265625 0.0390625 0.009375