0 0.303125 0.1671875 0.01875 0.06875
28 0.4359375 0.18046875 0.028125 0.01875
18 0.4203125 0.3234375 0.0265625 0.0125
4 0.48515625 0.165625 0.0390625 0.015625
18 0.41953125 0.3609375 0.0265625 0.0125
0 0.40546875 0.39296875 0.0546875 0.028125
18 0.4203125 0.4046875 0.0265625 0.0125
0 0.4609375 0.20078125 0.03125 0.0375
0 0.40546875 0.31015625 0.0546875 0.025
0 0.40703125 0.34921875 0.0546875 0.025
25 0.4359375 0.16484375 0.034375 0.015625
0 0.4859375 0.18671875 0.0234375 0.0265625
18 0.42109375 0.2828125 0.0265625 0.0125
0 0.525 0.18671875 0.0125 0.015625
0 0.40625 0.27265625 0.0546875 0.025
18 0.42109375 0.246875 0.0265625 0.0125
18 0.42265625 0.4578125 0.0265625 0.0125
0 0.40390625 0.2421875 0.0546875 0.015625
0 0.40625 0.44453125 0.0546875 0.028125
31 0.5421875 0.16953125 0.034375 0.015625