0 0.85703125 0.85078125 0.0765625 0.0640625
0 0.85234375 0.615625 0.05546875 0.05625
0 0.1921875 0.6328125 0.065625 0.0890625
0 0.109375 0.6328125 0.065625 0.0890625
0 0.7765625 0.61796875 0.05546875 0.05625
18 0.21875 0.6125 0.02265625 0.05390625
18 0.1375 0.6109375 0.02265625 0.05390625
0 0.6140625 0.6296875 0.05546875 0.08515625
18 0.8078125 0.6125 0.02265625 0.05390625
0 0.68984375 0.6203125 0.05546875 0.05625
0 0.55546875 0.7875 0.0828125 0.0328125
0 0.440625 0.61484375 0.05546875 0.05625
18 0.89140625 0.61171875 0.02265625 0.05390625
21 0.9 0.81875 0.02265625 0.05
18 0.30390625 0.61171875 0.02265625 0.05390625
18 0.38515625 0.6140625 0.02265625 0.05390625
18 0.471875 0.6109375 0.02265625 0.05390625
18 0.55390625 0.609375 0.02265625 0.05390625
0 0.525 0.615625 0.05546875 0.05625
18 0.64296875 0.6109375 0.02265625 0.05390625
18 0.72578125 0.61171875 0.02265625 0.05390625
0 0.35625 0.6203125 0.05546875 0.05625
0 0.275 0.6171875 0.05546875 0.05625