4 0.25625 0.36484375 0.12265625 0.0453125
0 0.1109375 0.8671875 0.16875 0.221875
0 0.11484375 0.153125 0.1734375 0.21640625
0 0.5203125 0.8484375 0.11796875 0.11328125
4 0.2578125 0.6515625 0.1203125 0.04140625
0 0.45703125 0.7296875 0.07890625 0.10625
18 0.3875 0.29453125 0.06640625 0.0796875
0 0.4578125 0.2890625 0.0765625 0.0953125
0 0.25703125 0.29765625 0.1140625 0.07734375
5 0.41328125 0.84140625 0.0953125 0.084375
18 0.3890625 0.7203125 0.06640625 0.07890625
0 0.43671875 0.50625 0.03515625 0.05078125
25 0.11015625 0.65859375 0.1015625 0.05390625
5 0.409375 0.16953125 0.09296875 0.08828125
31 0.46875 0.41953125 0.09296875 0.096875
31 0.46953125 0.5890625 0.11015625 0.0953125
0 0.5234375 0.1640625 0.1296875 0.103125
0 0.14765625 0.43984375 0.1265625 0.0796875
0 0.1515625 0.59296875 0.140625 0.075
28 0.11015625 0.30234375 0.1125 0.06796875
0 0.69609375 0.89140625 0.09765625 0.1765625
28 0.1078125 0.7234375 0.1140625 0.0640625
25 0.11171875 0.36796875 0.109375 0.05390625
0 0.25546875 0.71640625 0.1109375 0.08125