0 0.76171875 0.784375 0.2453125 0.05
31 0.546875 0.69453125 0.078125 0.0515625
18 0.6078125 0.80625 0.075 0.0375
15 0.39375 0.4515625 0.06875 0.0515625
0 0.59375 0.5640625 0.203125 0.053125
0 0.3421875 0.709375 0.190625 0.0484375
24 0.13515625 0.4359375 0.059375 0.075
0 0.59375 0.4609375 0.1984375 0.0515625
28 0.378125 0.55078125 0.1 0.090625
13 0.26328125 0.45078125 0.065625 0.046875
0 0.2328125 0.36796875 0.121875 0.0328125
13 0.33125 0.44921875 0.065625 0.046875
8 0.353125 0.36640625 0.090625 0.0328125
0 0.36640625 0.1828125 0.178125 0.0546875
25 0.475 0.54921875 0.053125 0.071875
0 0.83125 0.85234375 0.196875 0.03125
4 0.48671875 0.16875 0.06875 0.090625
0 0.1125 0.04296875 0.0734375 0.03125
6 0.6890625 0.85078125 0.0578125 0.04375
25 0.4703125 0.44921875 0.053125 0.0734375
0 0.196875 0.546875 0.246875 0.09375
13 0.2 0.44921875 0.065625 0.046875