18 0.35859375 0.6890625 0.01328125 0.1
18 0.29609375 0.68515625 0.01328125 0.10546875
0 0.31875 0.68515625 0.0328125 0.1390625
0 0.9359375 0.70703125 0.04921875 0.1
0 0.37890625 0.6890625 0.0328125 0.1390625
0 0.73203125 0.6890625 0.0328125 0.1390625
0 0.0171875 0.94453125 0.02421875 0.04140625
18 0.171875 0.6890625 0.01328125 0.10546875
18 0.41953125 0.69296875 0.01328125 0.1
18 0.7828125 0.6890625 0.01328125 0.10546875
0 0.253125 0.68671875 0.0328125 0.1390625
0 0.503125 0.6875 0.0328125 0.1390625
18 0.2328125 0.6890625 0.01328125 0.10546875
0 0.653125 0.68671875 0.0328125 0.1390625
18 0.90703125 0.6890625 0.01328125 0.10546875
0 0.4390625 0.6890625 0.0328125 0.1390625
18 0.62890625 0.68984375 0.01328125 0.10546875
0 0.8703125 0.6796875 0.0203125 0.11328125
19 0.846875 0.67734375 0.01875 0.1234375
18 0.71328125 0.6890625 0.01328125 0.10546875
0 0.8015625 0.6890625 0.0328125 0.1390625
0 0.19140625 0.68515625 0.0328125 0.1390625
18 0.4828125 0.696875 0.01328125 0.10546875