0 0.27578125 0.65546875 0.11953125 0.1125
18 0.39609375 0.54140625 0.06484375 0.0265625
6 0.6203125 0.4875 0.03671875 0.02578125
0 0.28515625 0.21796875 0.1109375 0.1171875
18 0.3984375 0.3265625 0.06484375 0.0265625
0 0.57578125 0.321875 0.02109375 0.0453125
0 0.41171875 0.58828125 0.0296875 0.065625
0 0.57890625 0.528125 0.02265625 0.04921875
0 0.46796875 0.40703125 0.04453125 0.0359375
0 0.46484375 0.44453125 0.04453125 0.03515625
0 0.17578125 0.0453125 0.02578125 0.04765625
31 0.51953125 0.4453125 0.06640625 0.03125
18 0.571875 0.49296875 0.0359375 0.01796875
0 0.62109375 0.52421875 0.025 0.04296875
6 0.61953125 0.3640625 0.03515625 0.028125
18 0.57265625 0.3703125 0.0359375 0.01796875
0 0.62109375 0.32734375 0.0203125 0.04375
28 0.27734375 0.30234375 0.06015625 0.0328125
25 0.278125 0.54609375 0.0546875 0.02421875
28 0.2765625 0.5765625 0.06171875 0.0328125
0 0.4125 0.27578125 0.03125 0.07265625
25 0.278125 0.3328125 0.05625 0.0203125
31 0.51796875 0.4046875 0.06640625 0.03359375