0 0.6015625 0.58515625 0.0171875 0.0109375
18 0.840625 0.6046875 0.01875 0.053125
18 0.7296875 0.60234375 0.01875 0.0546875
18 0.69140625 0.6015625 0.01875 0.05
18 0.30390625 0.6015625 0.0203125 0.05625
18 0.6546875 0.6 0.0203125 0.053125
18 0.878125 0.6015625 0.01875 0.0515625
0 0.5640625 0.58515625 0.0171875 0.0109375
0 0.48984375 0.58515625 0.0171875 0.0109375
0 0.34140625 0.584375 0.0171875 0.0109375
0 0.7875 0.5859375 0.0171875 0.0109375
0 0.7125 0.58515625 0.0171875 0.0109375
0 0.19453125 0.58359375 0.0171875 0.0109375
0 0.2875 0.58359375 0.0171875 0.0109375
18 0.91484375 0.6015625 0.01875 0.0484375
0 0.8640625 0.5859375 0.0171875 0.0109375
0 0.1125 0.58515625 0.0171875 0.0109375
18 0.21015625 0.60078125 0.01875 0.053125
0 0.03828125 0.58515625 0.0171875 0.0109375
0 0.37890625 0.584375 0.0171875 0.0109375
18 0.54296875 0.603125 0.01875 0.05625
0 0.528125 0.584375 0.0171875 0.0109375
0 0.45234375 0.584375 0.0171875 0.0109375
18 0.76640625 0.6015625 0.01875 0.053125
18 0.50625 0.603125 0.01875 0.05625
18 0.46953125 0.603125 0.01875 0.05625
18 0.80390625 0.60390625 0.0171875 0.053125
0 0.825 0.5859375 0.0171875 0.0109375
18 0.43125 0.603125 0.01875 0.05625
9 0.2109375 0.45546875 0.01875 0.03125
18 0.26171875 0.603125 0.01875 0.05625
0 0.415625 0.58359375 0.0171875 0.0109375
18 0.61796875 0.60234375 0.01875 0.05625
0 0.22734375 0.453125 0.015625 0.0109375
18 0.35703125 0.603125 0.01875 0.0578125
0 0.9 0.58515625 0.0171875 0.0109375
0 0.48671875 0.71015625 0.0765625 0.040625
0 0.24453125 0.58359375 0.0171875 0.0109375
0 0.15078125 0.584375 0.0171875 0.0109375
18 0.58125 0.60078125 0.0171875 0.0546875
18 0.39453125 0.603125 0.01875 0.0578125
0 0.75 0.5859375 0.0171875 0.0109375
18 0.0546875 0.603125 0.01875 0.0546875
0 0.67734375 0.58359375 0.0171875 0.0109375
18 0.0921875 0.603125 0.01875 0.0546875
18 0.12890625 0.603125 0.01875 0.05625
18 0.1671875 0.60390625 0.0171875 0.05625
28 0.4375 0.7109375 0.021875 0.040625
0 0.63984375 0.58359375 0.0171875 0.0109375
0 0.075 0.584375 0.0171875 0.0109375