18 0.37578125 0.54921875 0.0296875 0.075
0 0.50625 0.521875 0.028125 0.234375
18 0.69375 0.553125 0.0296875 0.075
0 0.20625 0.521875 0.028125 0.234375
18 0.83828125 0.5484375 0.0296875 0.075
0 0.771875 0.48671875 0.028125 0.296875
7 0.8078125 0.55390625 0.0296875 0.065625
0 0.66171875 0.5203125 0.028125 0.234375
0 0.06875 0.5203125 0.028125 0.2328125
18 0.096875 0.553125 0.0296875 0.075
0 0.34765625 0.5140625 0.028125 0.234375
18 0.2375 0.55078125 0.0296875 0.075
18 0.534375 0.55234375 0.0296875 0.075