18 0.45546875 0.3125 0.015625 0.00625
0 0.55078125 0.55078125 0.0171875 0.015625
0 0.4875 0.29921875 0.0140625 0.0171875
18 0.55 0.3484375 0.015625 0.00625
0 0.55078125 0.4625 0.015625 0.015625
18 0.55 0.29921875 0.015625 0.00625
18 0.55 0.27265625 0.015625 0.00625
18 0.55 0.2484375 0.015625 0.00625
18 0.54921875 0.225 0.015625 0.00625
0 0.55078125 0.21171875 0.0171875 0.015625
18 0.54921875 0.2 0.015625 0.00625
25 0.48515625 0.46484375 0.01875 0.0109375
18 0.4546875 0.46171875 0.015625 0.00625
28 0.48515625 0.45078125 0.01875 0.009375
0 0.55078125 0.3109375 0.015625 0.015625
0 0.55078125 0.6015625 0.015625 0.0171875
31 0.37578125 0.36171875 0.015625 0.0125
0 0.55 0.2375 0.01875 0.015625
0 0.55078125 0.359375 0.0171875 0.015625
0 0.325 0.14140625 0.0125 0.025
0 0.55078125 0.41171875 0.0171875 0.015625
25 0.48515625 0.315625 0.01875 0.009375
0 0.55078125 0.26015625 0.015625 0.015625
0 0.453125 0.3265625 0.015625 0.01875
0 0.55078125 0.3359375 0.0171875 0.015625
0 0.55078125 0.575 0.015625 0.01875
0 0.55078125 0.48671875 0.015625 0.015625
31 0.3765625 0.41484375 0.015625 0.0125
0 0.3828125 0.38984375 0.009375 0.015625
0 0.55078125 0.28515625 0.015625 0.015625
0 0.55078125 0.52890625 0.0171875 0.015625
18 0.55 0.5890625 0.0171875 0.00625
18 0.55 0.61640625 0.015625 0.00625
18 0.55 0.5625 0.015625 0.00625
18 0.55 0.5390625 0.015625 0.00625
18 0.55078125 0.5171875 0.015625 0.00625
0 0.55078125 0.43359375 0.015625 0.015625
0 0.55078125 0.628125 0.015625 0.015625
28 0.48515625 0.3265625 0.01875 0.0078125
18 0.55 0.49609375 0.015625 0.00625
18 0.55 0.47421875 0.015625 0.00625
0 0.48671875 0.47890625 0.0140625 0.015625
0 0.45234375 0.4484375 0.015625 0.01875
18 0.55078125 0.45078125 0.015625 0.00625
18 0.55 0.421875 0.015625 0.00625
18 0.55 0.4 0.015625 0.00625
0 0.55078125 0.5078125 0.0171875 0.015625
18 0.55 0.3234375 0.015625 0.00625