18 0.6875 0.45546875 0.00625 0.015625
0 0.44921875 0.55078125 0.015625 0.0171875
0 0.70078125 0.4875 0.0171875 0.0140625
18 0.6515625 0.55 0.00625 0.015625
0 0.5375 0.55078125 0.015625 0.015625
18 0.70078125 0.55 0.00625 0.015625
18 0.72734375 0.55 0.00625 0.015625
18 0.7515625 0.55 0.00625 0.015625
18 0.775 0.54921875 0.00625 0.015625
0 0.78828125 0.55078125 0.015625 0.0171875
18 0.8 0.54921875 0.00625 0.015625
25 0.53515625 0.48515625 0.0109375 0.01875
18 0.53828125 0.4546875 0.00625 0.015625
28 0.54921875 0.48515625 0.009375 0.01875
0 0.6890625 0.55078125 0.015625 0.015625
0 0.3984375 0.55078125 0.0171875 0.015625
31 0.63828125 0.37578125 0.0125 0.015625
0 0.7625 0.55 0.015625 0.01875
0 0.640625 0.55078125 0.015625 0.0171875
0 0.85859375 0.325 0.025 0.0125
0 0.58828125 0.55078125 0.015625 0.0171875
25 0.684375 0.48515625 0.009375 0.01875
0 0.73984375 0.55078125 0.015625 0.015625
0 0.6734375 0.453125 0.01875 0.015625
0 0.6640625 0.55078125 0.015625 0.0171875
0 0.425 0.55078125 0.01875 0.015625
0 0.51328125 0.55078125 0.015625 0.015625
31 0.58515625 0.3765625 0.0125 0.015625
0 0.61015625 0.3828125 0.015625 0.009375
0 0.71484375 0.55078125 0.015625 0.015625
0 0.47109375 0.55078125 0.015625 0.0171875
18 0.4109375 0.55 0.00625 0.0171875
18 0.38359375 0.55 0.00625 0.015625
18 0.4375 0.55 0.00625 0.015625
18 0.4609375 0.55 0.00625 0.015625
18 0.4828125 0.55078125 0.00625 0.015625
0 0.56640625 0.55078125 0.015625 0.015625
0 0.371875 0.55078125 0.015625 0.015625
28 0.6734375 0.48515625 0.0078125 0.01875
18 0.50390625 0.55 0.00625 0.015625
18 0.52578125 0.55 0.00625 0.015625
0 0.52109375 0.48671875 0.015625 0.0140625
0 0.5515625 0.45234375 0.01875 0.015625
18 0.54921875 0.55078125 0.00625 0.015625
18 0.578125 0.55 0.00625 0.015625
18 0.6 0.55 0.00625 0.015625
0 0.4921875 0.55078125 0.015625 0.0171875
18 0.6765625 0.55 0.00625 0.015625