1 0.36875 0.45625 0.00703125 0.01953125
28 0.32734375 0.44765625 0.00859375 0.01484375
0 0.3578125 0.628125 0.009375 0.01015625
18 0.35703125 0.61796875 0.00703125 0.00703125
18 0.3578125 0.47734375 0.00546875 0.0109375
18 0.334375 0.47734375 0.00546875 0.0109375
25 0.334375 0.4484375 0.00546875 0.0140625
10 0.3640625 0.4765625 0.0046875 0.00703125
0 0.34375 0.453125 0.0109375 0.00546875
10 0.33984375 0.47734375 0.0046875 0.00703125
0 0.3703125 0.62734375 0.00703125 0.00546875
0 0.36953125 0.51015625 0.00703125 0.009375
31 0.35859375 0.509375 0.0109375 0.009375
1 0.31953125 0.48046875 0.00703125 0.01953125
0 0.3703125 0.4796875 0.00859375 0.01953125
0 0.28984375 0.4234375 0.00546875 0.0046875
0 0.32734375 0.48046875 0.0078125 0.0203125
2 0.35 0.48828125 0.0109375 0.009375
5 0.3703125 0.61953125 0.01171875 0.01015625