4 0.4828125 0.52421875 0.03828125 0.0203125
0 0.65078125 0.36484375 0.0703125 0.05859375
6 0.41640625 0.571875 0.025 0.02578125
0 0.703125 0.15859375 0.03046875 0.03515625
31 0.5625 0.565625 0.09921875 0.03359375
0 0.66953125 0.42421875 0.09609375 0.05859375
0 0.440625 0.459375 0.08046875 0.05859375
0 0.4703125 0.56328125 0.05546875 0.05859375
12 0.50546875 0.4859375 0.07890625 0.03671875
28 0.60234375 0.4234375 0.0234375 0.03203125
25 0.5671875 0.3671875 0.0484375 0.05078125
0 0.64296875 0.57421875 0.03359375 0.0171875
14 0.60234375 0.36328125 0.025 0.03515625
25 0.5671875 0.42421875 0.0484375 0.05078125
18 0.56328125 0.16953125 0.03046875 0.0703125
0 0.521875 0.2015625 0.0484375 0.03515625
0 0.51640625 0.36015625 0.0484375 0.03515625
0 0.5171875 0.41796875 0.0484375 0.03515625