18 0.17109375 0.38515625 0.025 0.05
18 0.334375 0.38515625 0.025 0.05
18 0.4203125 0.38515625 0.025 0.05
18 0.575 0.3859375 0.025 0.05
18 0.659375 0.384375 0.025 0.05
18 0.740625 0.3828125 0.025 0.05
18 0.82421875 0.38359375 0.025 0.05
0 0.709375 0.4140625 0.0375 0.078125
18 0.9046875 0.38515625 0.025 0.05
0 0.90078125 0.059375 0.159375 0.034375
0 0.21953125 0.41484375 0.040625 0.075
0 0.0546875 0.41328125 0.0375 0.08125
0 0.63046875 0.41484375 0.0390625 0.078125
0 0.79296875 0.415625 0.0375 0.08125
0 0.3 0.4125 0.0375 0.08125
0 0.875 0.41484375 0.04375 0.075
0 0.54296875 0.4140625 0.034375 0.075
0 0.38828125 0.41484375 0.0375 0.075
0 0.13828125 0.4140625 0.0375 0.075
18 0.08828125 0.38515625 0.025 0.05
18 0.25546875 0.38359375 0.025 0.05