18 0.75078125 0.48828125 0.0078125 0.02734375
18 0.5640625 0.48671875 0.0078125 0.0234375
0 0.69921875 0.55078125 0.0234375 0.02265625
18 0.684375 0.5984375 0.00625 0.0109375
0 0.66015625 0.48984375 0.01484375 0.0140625
18 0.58984375 0.4859375 0.0078125 0.0234375
18 0.6546875 0.58125 0.0078125 0.009375
0 0.60390625 0.4890625 0.01484375 0.0140625
18 0.63125 0.5984375 0.00625 0.0109375
14 0.69765625 0.5328125 0.0078125 0.0140625
0 0.61484375 0.5390625 0.0171875 0.01640625
0 0.5765625 0.521875 0.015625 0.01484375
18 0.67109375 0.48828125 0.0078125 0.02734375
0 0.578125 0.4890625 0.01484375 0.0140625
18 0.778125 0.48515625 0.0078125 0.0234375
18 0.6421875 0.48671875 0.0078125 0.02734375
0 0.61484375 0.59765625 0.01796875 0.0140625
0 0.71328125 0.48984375 0.01484375 0.0140625
25 0.6328125 0.5328125 0.0140625 0.0171875
18 0.72421875 0.48671875 0.0078125 0.02734375
0 0.76640625 0.4890625 0.01484375 0.0140625
0 0.6859375 0.48984375 0.01484375 0.0140625
0 0.73984375 0.4890625 0.01484375 0.0140625
25 0.6859375 0.53359375 0.0140625 0.0171875
14 0.64453125 0.534375 0.0078125 0.0140625
2 0.65625 0.59609375 0.01875 0.0109375
0 0.64921875 0.57109375 0.0171875 0.01484375
0 0.63046875 0.48984375 0.01484375 0.0140625
0 0.55234375 0.4890625 0.01484375 0.0140625
0 0.6671875 0.5390625 0.01640625 0.015625
18 0.615625 0.48828125 0.0078125 0.02734375
0 0.6453125 0.55078125 0.021875 0.0203125
18 0.69765625 0.48671875 0.0078125 0.0234375
0 0.6875 0.5984375 0.0171875 0.0140625