18 0.096875 0.18359375 0.009375 0.0046875
0 0.15625 0.1515625 0.015625 0.0375
28 0.15546875 0.1765625 0.0125 0.009375
0 0.12578125 0.178125 0.0140625 0.009375
0 0.125 0.25078125 0.0140625 0.0109375
25 0.1546875 0.18828125 0.015625 0.0109375
0 0.05546875 0.15859375 0.00625 0.0203125
28 0.1546875 0.2546875 0.0125 0.009375
0 0.12109375 0.20390625 0.009375 0.009375
0 0.10078125 0.178125 0.009375 0.0109375
18 0.1234375 0.18671875 0.009375 0.0046875
25 0.15546875 0.24375 0.015625 0.0109375
0 0.12109375 0.22734375 0.009375 0.0125
18 0.096875 0.246875 0.009375 0.0046875
31 0.1109375 0.20390625 0.009375 0.00625
31 0.1109375 0.228125 0.009375 0.00625
0 0.15625 0.2796875 0.015625 0.0375
0 0.1 0.2546875 0.009375 0.009375
18 0.12265625 0.2421875 0.009375 0.0046875
0 0.0828125 0.25546875 0.0078125 0.0109375
0 0.0828125 0.178125 0.00625 0.0109375
6 0.0875 0.2484375 0.00625 0.0046875
6 0.0875 0.184375 0.00625 0.0046875