7 0.48828125 0.5296875 0.05390625 0.015625
0 0.5 0.8203125 0.0390625 0.028125
0 0.49921875 0.6828125 0.03671875 0.028125
0 0.49765625 0.27265625 0.040625 0.028125
22 0.48828125 0.04296875 0.02734375 0.0109375
0 0.49921875 0.75078125 0.03984375 0.028125
0 0.49921875 0.8875 0.0390625 0.028125
0 0.33046875 0.03984375 0.01796875 0.01796875
0 0.49921875 0.41015625 0.03984375 0.02734375
0 0.49921875 0.0609375 0.04140625 0.028125
0 0.49921875 0.13515625 0.0375 0.028125
0 0.49921875 0.478125 0.040625 0.028125
18 0.50625 0.45703125 0.05703125 0.01015625
0 0.4984375 0.615625 0.0390625 0.028125
18 0.50390625 0.9359375 0.05078125 0.009375
18 0.50234375 0.86640625 0.05 0.009375
0 0.50078125 0.3421875 0.04140625 0.03515625
18 0.5046875 0.59296875 0.0546875 0.01015625
18 0.503125 0.11484375 0.05 0.009375
0 0.4984375 0.95625 0.0359375 0.028125
18 0.50546875 0.3890625 0.05546875 0.0109375
18 0.50625 0.7296875 0.05390625 0.0109375
18 0.50234375 0.2515625 0.0515625 0.01015625
19 0.50078125 0.315625 0.05859375 0.0203125
18 0.5046875 0.6609375 0.0546875 0.01015625
7 0.4875 0.18828125 0.05390625 0.015625
18 0.50546875 0.7984375 0.0578125 0.00859375