18 0.3859375 0.11484375 0.0171875 0.03046875
25 0.646875 0.1640625 0.0125 0.03046875
0 0.62578125 0.1234375 0.03671875 0.02578125
0 0.47109375 0.13359375 0.03671875 0.0453125
6 0.44765625 0.17109375 0.0078125 0.034375
18 0.65 0.12421875 0.0125 0.02890625
18 0.44921875 0.11484375 0.0171875 0.03046875
28 0.6234375 0.1671875 0.028125 0.03828125
0 0.66640625 0.171875 0.021875 0.015625
0 0.7 0.0984375 0.0875 0.02578125
0 0.4125 0.134375 0.03671875 0.0453125
6 0.384375 0.1703125 0.0078125 0.034375
0 0.58203125 0.165625 0.05 0.0453125
31 0.64609375 0.08359375 0.01796875 0.02421875