0 0.89921875 0.3828125 0.025 0.025
0 0.10234375 0.38203125 0.025 0.025
18 0.95703125 0.38515625 0.0125 0.025
18 0.915625 0.38515625 0.0125 0.025
18 0.8734375 0.3859375 0.0125 0.025
18 0.83125 0.3859375 0.0125 0.025
18 0.78984375 0.3859375 0.0125 0.025
18 0.74765625 0.3859375 0.0125 0.025
18 0.70625 0.38515625 0.0125 0.025
18 0.6640625 0.384375 0.0125 0.025
18 0.621875 0.3859375 0.0125 0.025
18 0.58125 0.3859375 0.0125 0.025
18 0.5390625 0.3859375 0.0125 0.025
18 0.496875 0.3859375 0.0125 0.025
18 0.45546875 0.38515625 0.0125 0.025
18 0.41328125 0.38515625 0.0125 0.025
18 0.37109375 0.3859375 0.0125 0.025
18 0.3296875 0.38515625 0.0125 0.025
18 0.28828125 0.38515625 0.0125 0.025
18 0.2453125 0.3859375 0.0125 0.025
18 0.20390625 0.38515625 0.0125 0.025
18 0.16328125 0.384375 0.0125 0.025
18 0.12109375 0.38515625 0.0125 0.025
18 0.0796875 0.3859375 0.0125 0.025
18 0.03671875 0.3859375 0.0125 0.025
0 0.64765625 0.38203125 0.025 0.025
0 0.35234375 0.38203125 0.025 0.025
0 0.31015625 0.38125 0.025 0.0265625
0 0.26953125 0.38203125 0.025 0.025
0 0.14375 0.38203125 0.025 0.025
0 0.56171875 0.38203125 0.025 0.025
0 0.478125 0.38203125 0.025 0.025
0 0.60625 0.38203125 0.025 0.025
0 0.06015625 0.38203125 0.025 0.0234375
0 0.9859375 0.3453125 0.01875 0.01875
0 0.771875 0.38203125 0.025 0.025
0 0.85625 0.3828125 0.025 0.025
0 0.4359375 0.38125 0.025 0.025
0 0.1859375 0.38203125 0.025 0.025
0 0.01796875 0.38203125 0.025 0.025
0 0.93984375 0.38359375 0.025 0.025
0 0.68828125 0.38203125 0.025 0.0265625
0 0.39453125 0.38203125 0.025 0.025
0 0.73046875 0.38203125 0.025 0.025
0 0.81640625 0.38203125 0.025 0.025
0 0.5203125 0.38203125 0.025 0.025
0 0.22734375 0.38203125 0.025 0.025