18 0.503125 0.321875 0.015625 0.00625
0 0.50625 0.75703125 0.021875 0.0125
0 0.5046875 0.68984375 0.0171875 0.01875
0 0.5046875 0.97265625 0.01875 0.0203125
7 0.47734375 0.46796875 0.00625 0.00625
0 0.50390625 0.3359375 0.015625 0.0203125
0 0.47890625 0.4453125 0.021875 0.009375
7 0.47734375 0.7859375 0.00625 0.00625
0 0.47890625 0.5859375 0.0203125 0.009375
0 0.50390625 0.3 0.0171875 0.0203125
0 0.50625 0.72109375 0.021875 0.0125
9 0.4765625 0.56875 0.009375 0.003125
0 0.5671875 0.86484375 0.009375 0.0484375
0 0.47890625 0.5515625 0.021875 0.009375
9 0.47734375 0.63984375 0.009375 0.003125
7 0.47734375 0.53828125 0.00625 0.00625
0 0.50390625 0.61875 0.0171875 0.01875
9 0.4765625 0.42734375 0.009375 0.003125
0 0.50390625 0.79609375 0.01875 0.0203125
0 0.5046875 0.9015625 0.01875 0.021875
0 0.4796875 0.69296875 0.01875 0.009375
7 0.47734375 0.5734375 0.00625 0.00625
0 0.50390625 0.478125 0.0171875 0.0203125
0 0.4796875 0.79921875 0.01875 0.009375
0 0.50390625 0.05234375 0.0171875 0.0203125
28 0.58046875 0.86875 0.01875 0.015625
0 0.50390625 0.58359375 0.0171875 0.01875
7 0.47734375 0.6453125 0.00625 0.00625
7 0.47734375 0.6796875 0.00625 0.00625
0 0.6453125 0.87421875 0.0125 0.0234375
0 0.50625 0.225 0.0203125 0.0125
0 0.47890625 0.621875 0.021875 0.009375
0 0.4796875 0.6578125 0.01875 0.009375
0 0.56875 0.96171875 0.009375 0.01875
0 0.50390625 0.40625 0.015625 0.01875
0 0.50625 0.934375 0.021875 0.0125
0 0.50390625 0.37109375 0.0171875 0.0203125
0 0.47890625 0.48125 0.021875 0.009375
9 0.47734375 0.675 0.009375 0.003125
0 0.5046875 0.65390625 0.01875 0.01875
18 0.6421875 0.890625 0.009375 0.00625
18 0.50234375 0.9578125 0.015625 0.00625
18 0.50234375 0.88828125 0.015625 0.00625
18 0.50234375 0.78203125 0.015625 0.00625
18 0.50234375 0.67578125 0.015625 0.00625
18 0.50234375 0.640625 0.015625 0.00625
18 0.50234375 0.60546875 0.015625 0.00625
18 0.503125 0.56953125 0.015625 0.00625
18 0.50234375 0.534375 0.015625 0.00625
18 0.503125 0.49921875 0.015625 0.00625
18 0.50234375 0.46328125 0.015625 0.00625
18 0.50234375 0.39296875 0.015625 0.00625
18 0.50234375 0.428125 0.015625 0.00625
18 0.50234375 0.3578125 0.015625 0.00625
18 0.50234375 0.28671875 0.015625 0.00625
18 0.50234375 0.2515625 0.015625 0.00625
18 0.503125 0.18046875 0.015625 0.00625
19 0.50703125 0.92265625 0.01875 0.0125
19 0.50703125 0.8515625 0.01875 0.0125
19 0.50625 0.81640625 0.01875 0.0125
19 0.50703125 0.7453125 0.01875 0.0125
19 0.50703125 0.71015625 0.01875 0.0125
19 0.50703125 0.21484375 0.01875 0.0125
18 0.503125 0.03828125 0.0125 0.00625
0 0.50390625 0.26484375 0.015625 0.021875
0 0.50625 0.8625 0.021875 0.0125
0 0.50390625 0.5125 0.0171875 0.01875
9 0.47734375 0.53359375 0.009375 0.003125
9 0.47734375 0.78125 0.009375 0.003125
0 0.50625 0.828125 0.021875 0.0125
0 0.50390625 0.19453125 0.015625 0.0203125
0 0.50390625 0.44140625 0.0171875 0.01875
7 0.47734375 0.609375 0.00625 0.00625
0 0.50390625 0.5484375 0.0171875 0.01875
7 0.47734375 0.43203125 0.00625 0.00625
9 0.4765625 0.46328125 0.009375 0.003125
9 0.47734375 0.60390625 0.009375 0.003125