0 0.5625 0.590625 0.03125 0.03125
28 0.5390625 0.59140625 0.01875 0.0265625
25 0.52578125 0.590625 0.009375 0.01875
18 0.771875 0.53515625 0.00625 0.0171875
0 0.49296875 0.53046875 0.009375 0.01875
18 0.540625 0.534375 0.00625 0.0171875
18 0.5546875 0.70078125 0.00625 0.0171875
0 0.48203125 0.640625 0.0140625 0.009375
18 0.81328125 0.534375 0.00625 0.0171875
18 0.7328125 0.534375 0.00625 0.0171875
18 0.49375 0.70078125 0.00625 0.0171875
18 0.42421875 0.534375 0.00625 0.0171875
0 0.3390625 0.53203125 0.009375 0.01875
18 0.5015625 0.534375 0.00625 0.0171875
9 0.55390625 0.6296875 0.00625 0.01875
0 0.378125 0.53203125 0.009375 0.01875
0 0.56953125 0.5328125 0.009375 0.01875
0 0.725 0.53125 0.009375 0.01875
0 0.54453125 0.6953125 0.0125 0.0171875
0 0.484375 0.69609375 0.0140625 0.01875
0 0.60859375 0.53203125 0.009375 0.01875
18 0.65546875 0.53515625 0.00625 0.0171875
18 0.46015625 0.53515625 0.00625 0.0171875
2 0.525 0.61953125 0.0125 0.0125
0 0.8046875 0.53203125 0.009375 0.01875
9 0.49375 0.63046875 0.00625 0.01875
0 0.68671875 0.53203125 0.009375 0.01875
0 0.45078125 0.5328125 0.009375 0.01875
0 0.565625 0.640625 0.0125 0.009375
0 0.34765625 0.70390625 0.046875 0.01875
0 0.41328125 0.53203125 0.009375 0.01875
0 0.64609375 0.5328125 0.009375 0.01875
0 0.76328125 0.53203125 0.009375 0.01875
18 0.61640625 0.53515625 0.00625 0.0171875
0 0.5328125 0.5328125 0.009375 0.01875
18 0.578125 0.534375 0.00625 0.0171875
18 0.3859375 0.534375 0.00625 0.0171875
18 0.346875 0.53515625 0.00625 0.0171875
18 0.69375 0.53515625 0.00625 0.0171875