0 0.665625 0.83046875 0.0625 0.109375
15 0.38671875 0.34765625 0.0453125 0.0671875
13 0.48203125 0.41640625 0.040625 0.0625
25 0.38671875 0.840625 0.04375 0.1203125
25 0.4515625 0.73828125 0.08125 0.125
0 0.33515625 0.84765625 0.0578125 0.1796875
13 0.48515625 0.2765625 0.040625 0.0625
0 0.0734375 0.86171875 0.03125 0.071875
25 0.5359375 0.7375 0.08125 0.1203125
13 0.48203125 0.34765625 0.040625 0.0625
31 0.82109375 0.71171875 0.05 0.05625
0 0.6765625 0.4625 0.021875 0.090625
5 0.709375 0.4953125 0.0421875 0.078125
0 0.67734375 0.60859375 0.0234375 0.096875
0 0.45078125 0.528125 0.08125 0.2765625
4 0.71015625 0.609375 0.028125 0.08125
0 0.87265625 0.8328125 0.053125 0.1
0 0.60859375 0.34765625 0.05 0.275
0 0.3578125 0.715625 0.03125 0.096875
0 0.53671875 0.53046875 0.0828125 0.28125
15 0.55 0.34453125 0.065625 0.0671875
18 0.6546875 0.72109375 0.0578125 0.05