18 0.3765625 0.37109375 0.0109375 0.075
18 0.33984375 0.37109375 0.0109375 0.075
18 0.63828125 0.3671875 0.0109375 0.075
0 0.1703125 0.35078125 0.0328125 0.01875
0 0.05703125 0.3484375 0.0328125 0.01875
18 0.60078125 0.3671875 0.0109375 0.075
0 0.95234375 0.3484375 0.0328125 0.01875
0 0.09453125 0.3484375 0.0328125 0.01875
18 0.56484375 0.365625 0.0109375 0.075
0 0.9140625 0.3484375 0.0328125 0.01875
18 0.5265625 0.36640625 0.0109375 0.075
0 0.728125 0.34921875 0.0328125 0.01875
0 0.43125 0.3484375 0.0328125 0.01875
18 0.48984375 0.3671875 0.0109375 0.075
0 0.2796875 0.34921875 0.0328125 0.01875
0 0.57890625 0.34609375 0.0328125 0.01875
18 0.4515625 0.36640625 0.0109375 0.075
18 0.93671875 0.365625 0.0109375 0.075
18 0.9 0.36875 0.0109375 0.075
18 0.86171875 0.36953125 0.0109375 0.075
0 0.39375 0.34921875 0.0328125 0.01875
18 0.0421875 0.36875 0.0109375 0.075
18 0.825 0.3671875 0.0109375 0.075
18 0.675 0.36875 0.0109375 0.075
18 0.7875 0.365625 0.0109375 0.075
18 0.75 0.36640625 0.0109375 0.075
18 0.0796875 0.37109375 0.0109375 0.075
18 0.11640625 0.36953125 0.0109375 0.075
0 0.2453125 0.34921875 0.0328125 0.01875
18 0.15390625 0.36875 0.0109375 0.075
18 0.19140625 0.36953125 0.0109375 0.075
0 0.98359375 0.47578125 0.0296875 0.01875
18 0.228125 0.36875 0.0109375 0.075
18 0.71328125 0.36875 0.0109375 0.075
18 0.265625 0.3671875 0.0109375 0.075
0 0.46953125 0.3484375 0.0328125 0.01875
18 0.303125 0.36875 0.0109375 0.075
0 0.61796875 0.35 0.0328125 0.01875
0 0.5046875 0.35 0.0328125 0.01875
0 0.20703125 0.3484375 0.0328125 0.01875
0 0.13203125 0.3484375 0.0328125 0.0203125
0 0.31953125 0.35 0.0328125 0.01875
0 0.6921875 0.34921875 0.0328125 0.01875
0 0.65625 0.34921875 0.0328125 0.01875
0 0.765625 0.3484375 0.0328125 0.01875
0 0.87890625 0.34921875 0.0328125 0.0203125
0 0.84140625 0.34921875 0.0328125 0.01875
0 0.3578125 0.34921875 0.0328125 0.01875
0 0.80234375 0.34921875 0.0328125 0.01875
0 0.54140625 0.34609375 0.0328125 0.01875
18 0.4140625 0.36875 0.0109375 0.075