18 0.534375 0.3796875 0.0234375 0.05
21 0.21484375 0.56171875 0.021875 0.053125
21 0.3734375 0.56328125 0.021875 0.053125
21 0.5328125 0.5640625 0.021875 0.053125
21 0.72890625 0.56484375 0.021875 0.046875
19 0.73671875 0.365625 0.046875 0.090625
18 0.375 0.38046875 0.0234375 0.05
18 0.21328125 0.38125 0.0234375 0.05
18 0.72734375 0.2015625 0.021875 0.046875
18 0.878125 0.20078125 0.021875 0.046875
28 0.73203125 0.47265625 0.034375 0.04375
0 0.6765625 0.21015625 0.078125 0.046875
0 0.31875 0.38671875 0.0828125 0.06875
0 0.478125 0.38671875 0.084375 0.0671875
0 0.3234375 0.59296875 0.0734375 0.0484375
0 0.15546875 0.48515625 0.0890625 0.1234375
28 0.53828125 0.47421875 0.034375 0.046875
28 0.37890625 0.4734375 0.0328125 0.046875
0 0.66171875 0.48671875 0.10625 0.1
0 0.678125 0.36875 0.075 0.05
0 0.15703125 0.3875 0.084375 0.0703125
0 0.47421875 0.48359375 0.090625 0.1234375
0 0.09375 0.81796875 0.128125 0.04375
28 0.21796875 0.4734375 0.0328125 0.046875
0 0.1609375 0.59453125 0.0765625 0.0453125
0 0.68203125 0.59453125 0.0625 0.046875
0 0.3140625 0.48515625 0.0859375 0.121875
0 0.82578125 0.21015625 0.078125 0.046875
0 0.484375 0.59453125 0.075 0.05