4 0.5171875 0.47578125 0.0375 0.0203125
0 0.34921875 0.63515625 0.0703125 0.059375
6 0.58359375 0.428125 0.025 0.025
0 0.296875 0.84140625 0.03125 0.034375
31 0.4375 0.434375 0.1 0.034375
0 0.33046875 0.57578125 0.096875 0.059375
0 0.559375 0.540625 0.08125 0.059375
0 0.5296875 0.43671875 0.05625 0.059375
12 0.49453125 0.5140625 0.078125 0.0375
28 0.39765625 0.5765625 0.0234375 0.03125
25 0.4328125 0.6328125 0.0484375 0.05
0 0.35703125 0.42578125 0.034375 0.0171875
14 0.39765625 0.63671875 0.025 0.034375
25 0.4328125 0.57578125 0.0484375 0.05
18 0.43671875 0.83046875 0.03125 0.0703125
0 0.478125 0.7984375 0.0484375 0.034375
0 0.48359375 0.63984375 0.0484375 0.034375
0 0.4828125 0.58203125 0.0484375 0.034375