18 0.6390625 0.75390625 0.05078125 0.01796875
0 0.66953125 0.90390625 0.04609375 0.05546875
0 0.67109375 0.1703125 0.04296875 0.04140625
7 0.6375 0.8671875 0.04765625 0.02109375
0 0.671875 0.07890625 0.04453125 0.04140625
0 0.6703125 0.78359375 0.03984375 0.0421875
0 0.66953125 0.56875 0.04375 0.0484375
18 0.6375 0.4265625 0.05078125 0.01796875
18 0.63828125 0.22734375 0.05078125 0.01796875
0 0.6703125 0.68359375 0.0421875 0.04296875
0 0.671875 0.353125 0.04296875 0.04453125
0 0.67109375 0.45390625 0.0453125 0.0390625
0 0.671875 0.25234375 0.0375 0.0375
18 0.63515625 0.04921875 0.05078125 0.01796875
18 0.64140625 0.325 0.0484375 0.01875
18 0.63984375 0.6515625 0.05078125 0.01796875
18 0.640625 0.53671875 0.05078125 0.01796875
18 0.63828125 0.859375 0.04375 0.0171875
18 0.63828125 0.13828125 0.05078125 0.01796875