0 0.43046875 0.4640625 0.0484375 0.0390625
0 0.57890625 0.4671875 0.05 0.0453125
18 0.63359375 0.56171875 0.034375 0.08125
18 0.3953125 0.56015625 0.034375 0.08125
5 0.859375 0.4109375 0.05 0.078125
25 0.39296875 0.709375 0.0421875 0.071875
0 0.15546875 0.57265625 0.084375 0.0703125
0 0.31875 0.57421875 0.1265625 0.1125
0 0.50859375 0.94140625 0.05 0.034375
0 0.71171875 0.75390625 0.09375 0.221875
0 0.6984375 0.575 0.1234375 0.1140625
28 0.43359375 0.71015625 0.040625 0.0734375
0 0.31796875 0.75234375 0.0875 0.215625
5 0.15390625 0.4109375 0.046875 0.08125
0 0.8671875 0.55078125 0.0875 0.075
31 0.41875 0.40859375 0.06875 0.078125
31 0.58984375 0.403125 0.08125 0.075
28 0.6671875 0.71015625 0.0375 0.071875
25 0.628125 0.70625 0.040625 0.078125