18 0.47578125 0.796875 0.04296875 0.015625
18 0.475 0.71484375 0.04453125 0.01484375
0 0.5046875 0.52265625 0.04453125 0.046875
18 0.2671875 0.6828125 0.01953125 0.01875
0 0.4984375 0.60625 0.03125 0.0453125
0 0.5046875 0.7703125 0.04375 0.0453125
0 0.340625 0.68046875 0.03515625 0.040625
0 0.5015625 0.93671875 0.0390625 0.0453125
0 0.23125 0.67734375 0.02109375 0.04375
0 0.496875 0.68828125 0.0296875 0.0453125
0 0.39921875 0.6765625 0.01328125 0.0359375
25 0.396875 0.70234375 0.01484375 0.01328125
0 0.4984375 0.44140625 0.03203125 0.0453125
0 0.50390625 0.853125 0.04375 0.0453125
0 0.21796875 0.9359375 0.01796875 0.11328125
0 0.26015625 0.65625 0.021875 0.03671875
0 0.2171875 0.8046875 0.01796875 0.125
18 0.47578125 0.4671875 0.04375 0.01484375
21 0.2234375 0.70546875 0.03671875 0.01328125
18 0.475 0.54921875 0.04453125 0.0140625
18 0.47578125 0.63203125 0.0453125 0.0140625
18 0.33515625 0.70625 0.0375 0.0140625
18 0.4765625 0.9625 0.04296875 0.01484375
18 0.475 0.8796875 0.04453125 0.01484375