18 0.4421875 0.78671875 0.02578125 0.01875
18 0.42890625 0.2984375 0.03046875 0.02421875
0 0.3890625 0.85703125 0.084375 0.03515625
0 0.4296875 0.328125 0.028125 0.03515625
0 0.55546875 0.49453125 0.0296875 0.03359375
28 0.446875 0.603125 0.03359375 0.04453125
0 0.52265625 0.75 0.03359375 0.0171875
25 0.49140625 0.34453125 0.05390625 0.03671875
18 0.5234375 0.43203125 0.03203125 0.0203125
15 0.546875 0.31484375 0.02578125 0.0296875
0 0.54375 0.3625 0.03203125 0.01875
0 0.4359375 0.55546875 0.1265625 0.05546875
18 0.52421875 0.5078125 0.03203125 0.0203125
0 0.55625 0.41953125 0.028125 0.03203125
0 0.46171875 0.77109375 0.01953125 0.0203125
25 0.49296875 0.6015625 0.05390625 0.03671875
0 0.546875 0.6078125 0.034375 0.0171875
31 0.490625 0.759375 0.02265625 0.02578125
6 0.41796875 0.79140625 0.015625 0.01640625
0 0.46328125 0.26640625 0.03359375 0.03359375
18 0.49375 0.25703125 0.0265625 0.05234375
13 0.52265625 0.3140625 0.02578125 0.028125