28 0.634375 0.6359375 0.034375 0.0734375
0 0.71484375 0.54296875 0.065625 0.053125
0 0.90546875 0.63125 0.084375 0.028125
4 0.6703125 0.53984375 0.021875 0.0625
0 0.72578125 0.63984375 0.06875 0.05625
28 0.17578125 0.63515625 0.0359375 0.0734375
25 0.6765625 0.6375 0.034375 0.0609375
0 0.265625 0.6421875 0.071875 0.05
0 0.44140625 0.54375 0.025 0.021875
0 0.16875 0.54453125 0.0625 0.0515625
0 0.496875 0.5078125 0.0375 0.021875
0 0.390625 0.50859375 0.0375 0.021875
31 0.4640625 0.48828125 0.03125 0.04375
25 0.215625 0.6375 0.0328125 0.065625
31 0.41875 0.490625 0.028125 0.0375
0 0.1015625 0.64375 0.1 0.05
0 0.565625 0.64296875 0.1015625 0.059375
4 0.21171875 0.54296875 0.021875 0.0625