18 0.475 0.72734375 0.0359375 0.015625
0 0.83203125 0.58515625 0.2953125 0.0265625
13 0.48984375 0.14453125 0.04609375 0.0296875
25 0.67421875 0.62265625 0.0671875 0.0515625
0 0.58515625 0.6875 0.08046875 0.0359375
0 0.59375 0.34609375 0.046875 0.0328125
0 0.05703125 0.590625 0.02734375 0.0765625
13 0.5875 0.1453125 0.04609375 0.0296875
0 0.575 0.634375 0.11484375 0.02109375
0 0.525 0.75234375 0.10703125 0.04140625
4 0.67578125 0.35625 0.034375 0.053125
25 0.659375 0.15859375 0.09609375 0.05234375
31 0.653125 0.6703125 0.0421875 0.0328125
15 0.48671875 0.175 0.04453125 0.0296875
13 0.53671875 0.1453125 0.04609375 0.0296875
6 0.4328125 0.746875 0.0265625 0.01875
28 0.79296875 0.6203125 0.08125 0.0453125
0 0.39609375 0.16875 0.1203125 0.021875