31 0.21171875 0.64921875 0.0125 0.021875
18 0.19609375 0.60078125 0.009375 0.015625
18 0.196875 0.66796875 0.009375 0.015625
0 0.25546875 0.68203125 0.0125 0.009375
0 0.25703125 0.66953125 0.015625 0.009375
0 0.2046875 0.63359375 0.0078125 0.009375
0 0.20625 0.60546875 0.00625 0.0078125
0 0.1828125 0.68125 0.0125 0.009375
0 0.23125 0.60625 0.00625 0.0078125
31 0.23125 0.64921875 0.0125 0.021875
6 0.2453125 0.68359375 0.00625 0.009375
6 0.1984375 0.6828125 0.00625 0.009375
28 0.19921875 0.58125 0.009375 0.015625
0 0.28125 0.53046875 0.040625 0.040625
28 0.24609375 0.5796875 0.009375 0.015625
0 0.1765625 0.5421875 0.040625 0.040625
0 0.2375 0.634375 0.0078125 0.009375
0 0.1828125 0.66953125 0.015625 0.009375
0 0.22109375 0.57109375 0.034375 0.0078125
18 0.24375 0.66796875 0.009375 0.015625
18 0.24375 0.60078125 0.009375 0.015625