0 0.2125 0.11875 0.1515625 0.11484375
31 0.5390625 0.70078125 0.0734375 0.07421875
0 0.54375 0.6203125 0.03515625 0.05234375
6 0.715625 0.63359375 0.06875 0.05
0 0.27890625 0.59765625 0.034375 0.11015625
4 0.38984375 0.2890625 0.084375 0.0296875
25 0.26015625 0.67421875 0.06171875 0.04140625
0 0.775 0.85859375 0.034375 0.1125
25 0.259375 0.2796875 0.0625 0.04140625
31 0.5359375 0.30625 0.0734375 0.08125
6 0.7171875 0.24296875 0.0671875 0.0453125
4 0.38984375 0.68203125 0.08671875 0.028125
0 0.5703125 0.23046875 0.0328125 0.046875
18 0.64375 0.29375 0.03984375 0.0453125
18 0.64609375 0.68359375 0.03984375 0.0453125
0 0.275 0.3515625 0.02890625 0.1046875
0 0.40625 0.6234375 0.06953125 0.09140625
0 0.40625 0.221875 0.07265625 0.0890625
28 0.26171875 0.215625 0.13359375 0.0765625
28 0.26328125 0.76875 0.14453125 0.07890625
0 0.25859375 0.86953125 0.15 0.1265625