1 0.44296875 0.690625 0.00703125 0.01640625
25 0.421875 0.6125 0.0140625 0.01953125
18 0.421875 0.56015625 0.00546875 0.0140625
0 0.43828125 0.55234375 0.01484375 0.01328125
31 0.4234375 0.690625 0.02890625 0.0140625
0 0.403125 0.61796875 0.02109375 0.01796875
6 0.465625 0.69296875 0.00703125 0.01015625
18 0.44375 0.66796875 0.009375 0.01015625
0 0.38046875 0.540625 0.01015625 0.01328125
0 0.39453125 0.696875 0.00703125 0.00625
0 0.45390625 0.6703125 0.0109375 0.0140625
0 0.4 0.56171875 0.01796875 0.0171875
1 0.4265625 0.55859375 0.00625 0.01640625
0 0.4484375 0.61328125 0.0234375 0.02265625
14 0.4328125 0.6125 0.0078125 0.01484375
0 0.4546875 0.69375 0.015625 0.0140625