0 0.8296875 0.2078125 0.0328125 0.0265625
18 0.8578125 0.36328125 0.01171875 0.0265625
0 0.22734375 0.18203125 0.09453125 0.0265625
18 0.3203125 0.1796875 0.01171875 0.05859375
0 0.24921875 0.40703125 0.0328125 0.03046875
18 0.553125 0.365625 0.01171875 0.0265625
0 0.18984375 0.40703125 0.0328125 0.03046875
18 0.409375 0.36640625 0.01171875 0.0265625
0 0.3453125 0.40703125 0.0328125 0.03046875
18 0.596875 0.36640625 0.01171875 0.0265625
0 0.3 0.19375 0.034375 0.028125
0 0.39375 0.40859375 0.0328125 0.03046875
0 0.6265625 0.40703125 0.0328125 0.03046875
0 0.29765625 0.40859375 0.0328125 0.03046875
18 0.265625 0.365625 0.01171875 0.0265625
0 0.93515625 0.40546875 0.0328125 0.03046875
18 0.64453125 0.3640625 0.01171875 0.0265625
18 0.3125 0.3671875 0.01171875 0.0265625
0 0.53828125 0.40859375 0.0328125 0.03046875
18 0.71640625 0.365625 0.01171875 0.0265625
0 0.8421875 0.40859375 0.0328125 0.03046875
18 0.5046875 0.36484375 0.01171875 0.0265625
18 0.76328125 0.3671875 0.01171875 0.0265625
2 0.79609375 0.22734375 0.0828125 0.09296875
0 0.69921875 0.40625 0.0328125 0.03046875
0 0.74765625 0.40859375 0.0328125 0.03046875
0 0.79453125 0.40859375 0.0328125 0.03046875
18 0.81171875 0.36640625 0.01171875 0.0265625
18 0.45859375 0.3671875 0.01171875 0.0265625
0 0.4875 0.409375 0.0328125 0.03046875
0 0.76171875 0.20625 0.034375 0.0265625
0 0.4421875 0.40859375 0.0328125 0.03046875
18 0.90625 0.36484375 0.01171875 0.0265625
18 0.20625 0.36484375 0.01171875 0.0265625
0 0.890625 0.40859375 0.0328125 0.03046875
18 0.3609375 0.3671875 0.01171875 0.0265625
18 0.9515625 0.36640625 0.01171875 0.0265625
0 0.58203125 0.4078125 0.0328125 0.03046875