0 0.540625 0.35078125 0.0515625 0.05
0 0.41015625 0.18828125 0.109375 0.0234375
0 0.490625 0.56796875 0.165625 0.028125
25 0.59296875 0.49921875 0.034375 0.0375
28 0.64921875 0.49921875 0.059375 0.084375
0 0.4171875 0.7703125 0.0953125 0.0703125
4 0.58984375 0.72890625 0.01875 0.05
18 0.4296875 0.77265625 0.03125 0.0234375
0 0.5328125 0.73125 0.090625 0.05
18 0.43203125 0.60703125 0.0375 0.028125
31 0.6125 0.36328125 0.04375 0.05625
0 0.50234375 0.515625 0.1390625 0.075
0 0.42890625 0.60703125 0.0765625 0.065625