4 0.36484375 0.74375 0.0453125 0.121875
0 0.8671875 0.8890625 0.221875 0.16875
0 0.153125 0.88515625 0.215625 0.1734375
0 0.8484375 0.4796875 0.1125 0.11875
4 0.6515625 0.7421875 0.040625 0.1203125
0 0.7296875 0.54296875 0.10625 0.078125
18 0.29453125 0.6125 0.0796875 0.065625
0 0.2890625 0.5421875 0.0953125 0.0765625
0 0.29765625 0.74296875 0.078125 0.1140625
5 0.84140625 0.58671875 0.084375 0.0953125
18 0.7203125 0.6109375 0.078125 0.065625
0 0.50625 0.56328125 0.05 0.034375
25 0.65859375 0.88984375 0.053125 0.1015625
5 0.16953125 0.590625 0.0875 0.09375
31 0.41953125 0.53125 0.096875 0.09375
31 0.5890625 0.53046875 0.0953125 0.109375
0 0.1640625 0.4765625 0.103125 0.1296875
0 0.43984375 0.85234375 0.0796875 0.1265625
0 0.59296875 0.8484375 0.075 0.140625
28 0.30234375 0.88984375 0.06875 0.1125
0 0.89140625 0.30390625 0.1765625 0.096875
28 0.7234375 0.8921875 0.0640625 0.1140625
25 0.36796875 0.88828125 0.053125 0.109375
0 0.71640625 0.74453125 0.08125 0.1109375