28 0.30234375 0.3484375 0.02265625 0.04296875
0 0.40234375 0.08984375 0.03515625 0.02578125
0 0.45703125 0.12421875 0.03671875 0.02890625
0 0.253125 0.06328125 0.01484375 0.01484375
0 0.4546875 0.1609375 0.02578125 0.028125
5 0.59375 0.12109375 0.025 0.04765625
0 0.4765625 0.2734375 0.03359375 0.0265625
18 0.41953125 0.28515625 0.0140625 0.0390625
28 0.43046875 0.16171875 0.02265625 0.04296875
0 0.3328125 0.27421875 0.03359375 0.0265625
18 0.3484375 0.2828125 0.0140625 0.0390625
18 0.49453125 0.2859375 0.0140625 0.0390625
0 0.27265625 0.27734375 0.03359375 0.0265625
21 0.428125 0.075 0.01328125 0.03046875
0 0.40234375 0.2734375 0.03359375 0.0265625
0 0.2671875 0.34765625 0.0265625 0.02890625
18 0.290625 0.2890625 0.0140625 0.0390625
18 0.42734375 0.11640625 0.0140625 0.0390625
0 0.57890625 0.14609375 0.01875 0.015625