0 0.66953125 0.5359375 0.0125 0.0109375
0 0.71953125 0.44765625 0.0078125 0.009375
0 0.71484375 0.47421875 0.0125 0.009375
0 0.66875 0.3671875 0.0125 0.0109375
0 0.66875 0.33359375 0.0125 0.0109375
0 0.73828125 0.4234375 0.009375 0.009375
0 0.7375 0.48359375 0.009375 0.009375
13 0.73359375 0.4734375 0.0046875 0.003125
0 0.66953125 0.553125 0.0125 0.0109375
0 0.66875 0.51796875 0.0125 0.0109375
18 0.66796875 0.5296875 0.00625 0.003125
18 0.6671875 0.54765625 0.00625 0.003125
0 0.709375 0.459375 0.0125 0.009375
0 0.66875 0.48046875 0.0125 0.0109375
13 0.74375 0.434375 0.0046875 0.003125
15 0.728125 0.434375 0.00625 0.003125
0 0.66875 0.44375 0.0125 0.0109375
0 0.66875 0.35078125 0.0125 0.0109375
6 0.72578125 0.4921875 0.00625 0.003125
18 0.725 0.48671875 0.003125 0.003125
6 0.72578125 0.415625 0.00625 0.003125
0 0.69375 0.5328125 0.00625 0.0125
28 0.69375 0.453125 0.009375 0.00625
0 0.7171875 0.42109375 0.0125 0.0109375
0 0.6953125 0.4359375 0.0125 0.028125
0 0.7171875 0.4859375 0.0125 0.0109375
21 0.7359375 0.43125 0.00625 0.003125
0 0.66875 0.38671875 0.0125 0.0109375
13 0.73359375 0.434375 0.0046875 0.003125
0 0.66875 0.5 0.0125 0.0109375
0 0.715625 0.43203125 0.0125 0.009375
0 0.66875 0.31328125 0.0125 0.0109375
0 0.66953125 0.42421875 0.0125 0.0109375
13 0.73828125 0.434375 0.0046875 0.003125
18 0.6671875 0.43671875 0.00625 0.003125
18 0.6671875 0.47421875 0.00625 0.003125
15 0.728125 0.4734375 0.00625 0.003125
13 0.73828125 0.4734375 0.0046875 0.003125
21 0.7359375 0.47734375 0.00625 0.003125
18 0.7078125 0.45390625 0.00625 0.003125
18 0.6671875 0.34453125 0.0078125 0.003125
12 0.7171875 0.46796875 0.009375 0.003125
18 0.6671875 0.3609375 0.0078125 0.003125
18 0.725 0.42109375 0.003125 0.003125
19 0.66953125 0.51015625 0.009375 0.00625
19 0.66953125 0.49140625 0.009375 0.00625
19 0.66875 0.325 0.009375 0.00625
19 0.66953125 0.30546875 0.009375 0.00625
18 0.6671875 0.3796875 0.00625 0.003125
18 0.6671875 0.4171875 0.00625 0.003125
13 0.74375 0.4734375 0.0046875 0.003125
31 0.721875 0.453125 0.00625 0.0078125
12 0.7171875 0.43984375 0.009375 0.003125