0 0.1734375 0.671875 0.1109375 0.05
18 0.2859375 0.65546875 0.04375 0.05625
0 0.1734375 0.8765625 0.1 0.05625
4 0.39765625 0.7140625 0.078125 0.0265625
0 0.478125 0.453125 0.275 0.08125
15 0.65859375 0.3921875 0.0625 0.046875
25 0.26484375 0.453125 0.11875 0.084375
31 0.2953125 0.8234375 0.0625 0.046875
0 0.54140625 0.68125 0.0890625 0.0234375
0 0.13984375 0.07578125 0.0796875 0.0375
0 0.28671875 0.3625 0.096875 0.034375
13 0.65703125 0.4859375 0.0625 0.0421875
0 0.48046875 0.54140625 0.275 0.0828125
25 0.2671875 0.5421875 0.121875 0.084375
15 0.66171875 0.553125 0.06875 0.065625
5 0.509375 0.71484375 0.078125 0.040625
0 0.396875 0.67890625 0.09375 0.021875
0 0.65859375 0.615625 0.278125 0.05625
13 0.59140625 0.484375 0.0625 0.0421875
13 0.7265625 0.48671875 0.0625 0.0421875