0 0.5125 0.4171875 0.0296875 0.0421875
18 0.50078125 0.36796875 0.034375 0.0265625
0 0.48125 0.73984375 0.01796875 0.02109375
0 0.3765625 0.1578125 0.0375 0.03984375
25 0.425 0.546875 0.05078125 0.0453125
18 0.41015625 0.1484375 0.0265625 0.06015625
28 0.4734375 0.546875 0.03203125 0.05234375
6 0.49140625 0.76171875 0.01796875 0.01953125
0 0.37109375 0.54921875 0.03515625 0.0234375
0 0.3703125 0.26953125 0.03359375 0.02109375
31 0.40390625 0.72265625 0.03046875 0.03125
0 0.51171875 0.334375 0.0296875 0.0421875
0 0.3734375 0.7140625 0.0296875 0.01953125
25 0.425 0.24921875 0.05078125 0.0453125
0 0.4984375 0.22734375 0.0296875 0.0421875
18 0.46484375 0.7578125 0.0265625 0.021875
0 0.54140625 0.49140625 0.1296875 0.0640625
18 0.49921875 0.45546875 0.034375 0.0265625