4 0.30859375 0.56875 0.065625 0.021875
0 0.31015625 0.33125 0.0421875 0.025
0 0.30859375 0.38828125 0.0421875 0.025
0 0.30703125 0.45 0.0421875 0.025
4 0.3109375 0.68671875 0.065625 0.021875
0 0.30859375 0.70625 0.0421875 0.025
4 0.31015625 0.48203125 0.065625 0.021875
0 0.3078125 0.64921875 0.0421875 0.025
0 0.3078125 0.76640625 0.0421875 0.025
4 0.309375 0.36640625 0.065625 0.021875
4 0.3078125 0.30625 0.065625 0.021875
0 0.2203125 0.546875 0.025 0.1
4 0.30859375 0.74296875 0.065625 0.021875
0 0.30625 0.59140625 0.0421875 0.025
0 0.3078125 0.50703125 0.0421875 0.025
4 0.31015625 0.4234375 0.065625 0.021875
4 0.30859375 0.62734375 0.065625 0.021875