19 0.48359375 0.12109375 0.01484375 0.07265625
28 0.08828125 0.096875 0.00625 0.0265625
18 0.21640625 0.115625 0.00625 0.06015625
0 0.30859375 0.12109375 0.01015625 0.03671875
0 0.2078125 0.1203125 0.01015625 0.03671875
18 0.64921875 0.11484375 0.00625 0.0625
0 0.47421875 0.13515625 0.01640625 0.0703125
0 0.071875 0.03671875 0.0078125 0.01796875
11 0.54140625 0.17265625 0.00859375 0.0296875
0 0.44140625 0.134375 0.01640625 0.06796875
18 0.18359375 0.1125 0.00625 0.0625
0 0.840625 0.1203125 0.01015625 0.03671875
0 0.175 0.11875 0.01015625 0.03671875
0 0.8734375 0.121875 0.01015625 0.03671875
0 0.60703125 0.1203125 0.01015625 0.03671875
0 0.740625 0.11796875 0.01015625 0.03671875
0 0.80703125 0.1203125 0.01015625 0.03671875
18 0.08515625 0.25 0.00546875 0.03125
0 0.0953125 0.25390625 0.01328125 0.015625
0 0.5078125 0.115625 0.01015625 0.0296875
18 0.7828125 0.1140625 0.00625 0.0625
18 0.8828125 0.11484375 0.00625 0.06015625
0 0.27421875 0.1203125 0.01015625 0.03671875
0 0.53671875 0.11953125 0.01015625 0.03671875
0 0.640625 0.1203125 0.01015625 0.03671875
0 0.53984375 0.19609375 0.0078125 0.01484375
18 0.08515625 0.15703125 0.00546875 0.04296875
0 0.77421875 0.12109375 0.01015625 0.03671875
0 0.37421875 0.1203125 0.01015625 0.03671875
18 0.8484375 0.11484375 0.00625 0.06015625
18 0.815625 0.11640625 0.00625 0.06015625
0 0.09375 0.16171875 0.01171875 0.02578125
0 0.67421875 0.12109375 0.01015625 0.03671875
18 0.6828125 0.11640625 0.00625 0.06015625
0 0.70703125 0.12109375 0.01015625 0.03671875
18 0.51640625 0.11796875 0.00625 0.0625
18 0.61640625 0.1171875 0.00625 0.06015625
0 0.24140625 0.12109375 0.01015625 0.03671875
18 0.715625 0.115625 0.00625 0.0625
18 0.3171875 0.11328125 0.00625 0.06015625
18 0.74921875 0.1140625 0.00625 0.0625
18 0.28359375 0.1171875 0.00625 0.06015625
18 0.24921875 0.11640625 0.00625 0.06015625
18 0.54921875 0.1140625 0.00625 0.0625
19 0.45078125 0.12265625 0.01484375 0.07265625
0 0.09140625 0.1234375 0.0125 0.0265625
18 0.3828125 0.115625 0.00625 0.0625