4 0.78671875 0.49375 0.08125 0.01875
4 0.7859375 0.44296875 0.08125 0.01875
0 0.78671875 0.425 0.0515625 0.021875
0 0.78671875 0.47578125 0.0515625 0.021875
0 0.7890625 0.52734375 0.0515625 0.021875
0 0.7875 0.37734375 0.0515625 0.021875
4 0.78671875 0.3953125 0.08125 0.01875
4 0.78671875 0.59375 0.08125 0.01875
4 0.7859375 0.6421875 0.08125 0.01875
0 0.7890625 0.67578125 0.0515625 0.021875
0 0.78828125 0.62265625 0.0515625 0.021875
4 0.78671875 0.8109375 0.08125 0.01875
4 0.78671875 0.54296875 0.08125 0.01875
4 0.78515625 0.759375 0.08125 0.01875
0 0.9 0.74296875 0.028125 0.0875
0 0.78671875 0.575 0.0515625 0.021875
4 0.7875 0.6921875 0.08125 0.01875
0 0.7890625 0.73984375 0.0515625 0.021875
0 0.78671875 0.78984375 0.0515625 0.021875