28 0.71875 0.53828125 0.015625 0.02265625
18 0.7703125 0.56953125 0.00859375 0.0171875
9 0.7703125 0.50234375 0.00859375 0.01953125
9 0.7203125 0.50078125 0.00859375 0.01953125
0 0.775 0.4609375 0.0125 0.02578125
0 0.74453125 0.4609375 0.0125 0.02578125
18 0.7203125 0.56796875 0.00859375 0.0171875
18 0.8765625 0.46015625 0.00625 0.015625
18 0.84609375 0.459375 0.00625 0.015625
0 0.70390625 0.57578125 0.0203125 0.01796875
18 0.815625 0.459375 0.00625 0.015625
0 0.9328125 0.453125 0.03984375 0.0109375
0 0.6828125 0.46015625 0.0125 0.02578125
18 0.78515625 0.45859375 0.00625 0.015625
18 0.7546875 0.45859375 0.00625 0.015625
18 0.72421875 0.459375 0.00625 0.015625
18 0.69296875 0.459375 0.00625 0.015625
18 0.6625 0.45859375 0.00625 0.015625
0 0.65234375 0.46015625 0.0125 0.02578125
2 0.74453125 0.51796875 0.0171875 0.01484375
0 0.8359375 0.4609375 0.0125 0.02578125
0 0.78515625 0.5765625 0.0203125 0.01796875
0 0.7125 0.46015625 0.0125 0.02578125
0 0.86640625 0.4609375 0.0125 0.02578125
0 0.8046875 0.46015625 0.0125 0.02578125
0 0.6984375 0.50625 0.0296875 0.02109375
0 0.7875 0.50703125 0.028125 0.01953125
28 0.76796875 0.5390625 0.015625 0.02265625
0 0.80078125 0.5390625 0.04609375 0.025
0 0.6875 0.5390625 0.04609375 0.025