0 0.34375 0.13671875 0.0734375 0.009375
0 0.6703125 0.71171875 0.040625 0.034375
0 0.34296875 0.16796875 0.0734375 0.009375
0 0.34375 0.259375 0.0734375 0.009375
0 0.71328125 0.64765625 0.025 0.05
0 0.3484375 0.353125 0.0734375 0.009375
0 0.3421875 0.41171875 0.0734375 0.009375
0 0.51015625 0.46171875 0.0140625 0.021875
0 0.34296875 0.23046875 0.0734375 0.009375
0 0.66796875 0.66015625 0.0484375 0.025
31 0.684375 0.7765625 0.025 0.0125
0 0.5015625 0.80546875 0.015625 0.025
0 0.66328125 0.7609375 0.0125 0.0125
0 0.34921875 0.765625 0.075 0.009375
25 0.521875 0.78828125 0.028125 0.009375
0 0.3484375 0.85390625 0.075 0.01875
0 0.4953125 0.49609375 0.015625 0.025
0 0.346875 0.82734375 0.075 0.009375
0 0.34765625 0.58203125 0.0734375 0.009375
0 0.34375 0.3828125 0.0734375 0.009375
0 0.3484375 0.6140625 0.0734375 0.009375
0 0.34453125 0.32109375 0.0734375 0.009375
6 0.73203125 0.78828125 0.0125 0.009375
0 0.51875 0.771875 0.015625 0.021875
0 0.6203125 0.709375 0.0375 0.0328125
0 0.34375 0.290625 0.0734375 0.009375
0 0.7140625 0.8734375 0.028125 0.0484375
0 0.6203125 0.8078125 0.0375 0.0328125
6 0.7328125 0.73359375 0.0140625 0.009375
28 0.5171875 0.49140625 0.025 0.015625
18 0.3953125 0.84609375 0.028125 0.0140625
0 0.3484375 0.70625 0.075 0.009375
0 0.3484375 0.6453125 0.0734375 0.009375
18 0.39609375 0.81640625 0.028125 0.0140625
18 0.3953125 0.78671875 0.028125 0.0140625
18 0.39609375 0.75546875 0.028125 0.0140625
18 0.3953125 0.725 0.028125 0.0140625
18 0.39453125 0.6953125 0.028125 0.0140625
18 0.39453125 0.66484375 0.028125 0.0140625
0 0.34375 0.44375 0.0734375 0.009375
18 0.39609375 0.63359375 0.028125 0.0140625
18 0.3953125 0.60234375 0.028125 0.0140625
18 0.3953125 0.57109375 0.028125 0.0140625
18 0.39609375 0.5390625 0.028125 0.0140625
18 0.38984375 0.46328125 0.028125 0.0140625
18 0.390625 0.4328125 0.028125 0.0140625
18 0.390625 0.40234375 0.028125 0.0140625
18 0.390625 0.3703125 0.028125 0.0140625
18 0.38984375 0.33984375 0.028125 0.0140625
18 0.390625 0.309375 0.028125 0.0140625
18 0.390625 0.27890625 0.028125 0.0140625
18 0.390625 0.24765625 0.028125 0.0140625
18 0.390625 0.21875 0.028125 0.0140625
18 0.390625 0.18671875 0.028125 0.0140625
18 0.39140625 0.15546875 0.028125 0.0140625
18 0.390625 0.1265625 0.028125 0.0140625
18 0.38984375 0.09453125 0.028125 0.0140625
0 0.6640625 0.85546875 0.0484375 0.025
0 0.34296875 0.10625 0.0734375 0.0125
18 0.58671875 0.73125 0.01875 0.009375
18 0.58671875 0.78515625 0.01875 0.009375
21 0.7109375 0.7359375 0.0203125 0.009375
21 0.71171875 0.78984375 0.0203125 0.009375
18 0.6453125 0.8390625 0.021875 0.0125
18 0.646875 0.67890625 0.021875 0.0125
31 0.684375 0.74609375 0.028125 0.0140625
5 0.68984375 0.6796875 0.021875 0.0125
0 0.34921875 0.55 0.0734375 0.009375
0 0.3484375 0.7359375 0.075 0.009375
0 0.3421875 0.475 0.0734375 0.0078125
0 0.6765625 0.8046875 0.0390625 0.034375
5 0.68984375 0.84140625 0.021875 0.0125
28 0.5234375 0.80234375 0.025 0.015625
0 0.34375 0.19921875 0.0734375 0.009375
0 0.346875 0.67578125 0.0734375 0.009375
0 0.34765625 0.79609375 0.075 0.009375
25 0.5140625 0.478125 0.0265625 0.009375