1 0.69375 0.69296875 0.0171875 0.00625
1 0.559375 0.6796875 0.015625 0.00625
31 0.69140625 0.671875 0.015625 0.028125
0 0.61953125 0.6875 0.01875 0.0203125
0 0.69765625 0.6453125 0.00625 0.00625
6 0.69296875 0.71484375 0.009375 0.00625
0 0.6703125 0.70390625 0.0109375 0.009375
0 0.53984375 0.63046875 0.0125 0.009375
0 0.5625 0.6609375 0.015625 0.01875
25 0.6125 0.67109375 0.01875 0.015625
0 0.61328125 0.64375 0.0234375 0.0234375
18 0.66875 0.69453125 0.009375 0.009375
18 0.54609375 0.67109375 0.040625 0.0078125
14 0.6125 0.65859375 0.0140625 0.00625
0 0.553125 0.6890625 0.015625 0.015625
0 0.6875 0.70078125 0.0125 0.015625