0 0.46953125 0.65703125 0.0796875 0.021875
0 0.47265625 0.596875 0.109375 0.01796875
4 0.4171875 0.5234375 0.01015625 0.02734375
4 0.47734375 0.52421875 0.01015625 0.02734375
18 0.3 0.71875 0.01015625 0.02109375
18 0.44453125 0.7171875 0.01015625 0.021875
0 0.340625 0.525 0.02265625 0.03203125
0 0.271875 0.52421875 0.02265625 0.03203125
0 0.19296875 0.525 0.05625 0.03125
28 0.29921875 0.33671875 0.0171875 0.0328125
0 0.25625 0.33671875 0.0125 0.15703125
28 0.240625 0.3359375 0.01796875 0.03125
28 0.40546875 0.60859375 0.01875 0.03359375
8 0.28984375 0.28359375 0.03125 0.01875
0 0.509375 0.525 0.02265625 0.03203125
4 0.28828125 0.5234375 0.01015625 0.02734375
8 0.2265625 0.284375 0.03125 0.01875
4 0.375 0.65078125 0.01015625 0.02734375
6 0.446875 0.73828125 0.009375 0.01328125
0 0.46015625 0.525 0.02265625 0.03203125
0 0.278125 0.7140625 0.03046875 0.0171875
4 0.35703125 0.5234375 0.01015625 0.02734375
6 0.30234375 0.7375 0.00859375 0.01328125
4 0.5265625 0.5234375 0.01015625 0.02734375
0 0.4703125 0.73984375 0.025 0.0171875
0 0.396875 0.6484375 0.0203125 0.03203125
0 0.40546875 0.671875 0.02890625 0.01328125
0 0.40078125 0.52578125 0.02265625 0.03203125
0 0.28125 0.7328125 0.02421875 0.015625
0 0.3140625 0.33515625 0.0109375 0.1546875
0 0.46640625 0.71875 0.03125 0.01796875
4 0.22421875 0.52265625 0.01015625 0.02734375
31 0.375 0.678125 0.03359375 0.0125