18 0.61953125 0.8640625 0.04453125 0.02265625
18 0.61796875 0.72734375 0.04453125 0.02265625
0 0.60859375 0.55703125 0.07265625 0.046875
18 0.6203125 0.796875 0.04453125 0.02265625
18 0.61328125 0.34609375 0.04453125 0.02265625
18 0.6171875 0.275 0.04453125 0.02265625
18 0.62109375 0.20703125 0.04453125 0.02265625
0 0.6140625 0.83046875 0.0765625 0.04453125
0 0.6078125 0.03671875 0.07265625 0.046875
0 0.61328125 0.2421875 0.07265625 0.046875
0 0.61328125 0.1734375 0.07265625 0.046875
18 0.61875 0.140625 0.04453125 0.02265625
0 0.6125 0.31171875 0.07265625 0.046875
0 0.77734375 0.4625 0.028125 0.26875
0 0.615625 0.69375 0.07265625 0.046875
18 0.61640625 0.66171875 0.04453125 0.02265625
0 0.61171875 0.76171875 0.07265625 0.046875
0 0.61171875 0.6265625 0.07265625 0.046875
0 0.61015625 0.10703125 0.07265625 0.046875
18 0.61953125 0.59296875 0.04453125 0.02265625
18 0.61953125 0.071875 0.04453125 0.02265625