25 0.6296875 0.3140625 0.05859375 0.0390625
18 0.746875 0.428125 0.01796875 0.01796875
0 0.10625 0.475 0.02265625 0.06875
0 0.81796875 0.6609375 0.090625 0.01484375
0 0.31171875 0.3453125 0.04140625 0.04765625
0 0.7765625 0.39921875 0.0421875 0.059375
28 0.6234375 0.24765625 0.05390625 0.0484375
4 0.30390625 0.3140625 0.05703125 0.015625
0 0.3 0.44296875 0.06640625 0.07734375
28 0.29765625 0.50625 0.0296875 0.0203125
13 0.078125 0.42109375 0.03671875 0.025
28 0.40234375 0.34296875 0.0265625 0.0203125
28 0.50859375 0.34296875 0.03046875 0.021875
31 0.68203125 0.325 0.034375 0.025
25 0.0921875 0.32265625 0.05625 0.05625
15 0.11484375 0.421875 0.03515625 0.02890625
13 0.0796875 0.3640625 0.03671875 0.025
0 0.7015625 0.365625 0.04375 0.04765625
0 0.6421875 0.371875 0.0265625 0.06640625
0 0.584375 0.221875 0.02578125 0.171875
0 0.54921875 0.44375 0.01953125 0.14375
6 0.76875 0.45390625 0.01953125 0.015625
13 0.07890625 0.39296875 0.03671875 0.025
0 0.19140625 0.403125 0.021875 0.1546875
0 0.44296875 0.44453125 0.02421875 0.14765625