18 0.1546875 0.68671875 0.071875 0.021875
0 0.16953125 0.484375 0.053125 0.05
0 0.16953125 0.26484375 0.053125 0.05
0 0.18125 0.83046875 0.0796875 0.04375
0 0.0328125 0.81875 0.0296875 0.0609375
18 0.15625 0.22890625 0.071875 0.0203125
0 0.57265625 0.40859375 0.05625 0.0203125
0 0.5828125 0.19140625 0.071875 0.01875
0 0.21015625 0.721875 0.08125 0.05
0 0.1671875 0.3703125 0.053125 0.0484375
18 0.1546875 0.33828125 0.071875 0.0203125
18 0.15546875 0.44609375 0.0703125 0.0203125
18 0.15546875 0.79609375 0.06875 0.01875
0 0.57109375 0.3 0.05625 0.021875