0 0.44296875 0.43828125 0.03125 0.040625
18 0.359375 0.640625 0.075 0.03125
0 0.1984375 0.76953125 0.159375 0.2375
18 0.3625 0.39453125 0.075 0.03125
25 0.1875 0.3859375 0.06875 0.028125
0 0.40546875 0.71875 0.1015625 0.0796875
0 0.196875 0.17890625 0.165625 0.2421875
25 0.1890625 0.634375 0.071875 0.0265625
31 0.521875 0.425 0.1171875 0.084375
0 0.62734375 0.51171875 0.034375 0.175
28 0.1875 0.3390625 0.1 0.05625
0 0.43984375 0.57890625 0.03125 0.040625
0 0.17109375 0.46171875 0.08125 0.0828125
0 0.3125 0.57890625 0.08125 0.0828125
0 0.40546875 0.3484375 0.1109375 0.06875
28 0.18515625 0.5890625 0.09375 0.053125
31 0.51875 0.5921875 0.115625 0.1