0 0.47578125 0.70546875 0.0296875 0.01875
28 0.60625 0.753125 0.046875 0.025
18 0.48515625 0.50625 0.05625 0.0125
6 0.72578125 0.696875 0.015625 0.0125
18 0.4859375 0.56796875 0.05625 0.0125
18 0.4875 0.6296875 0.05625 0.0125
0 0.584375 0.79453125 0.028125 0.04375
18 0.4859375 0.690625 0.05625 0.0125
0 0.47578125 0.64375 0.0296875 0.01875
0 0.79140625 0.8109375 0.0265625 0.059375
0 0.475 0.765625 0.0296875 0.01875
0 0.66796875 0.6890625 0.0265625 0.021875
18 0.70390625 0.740625 0.0203125 0.0109375
6 0.72578125 0.74375 0.015625 0.0125
0 0.6671875 0.74296875 0.025 0.01875
18 0.70625 0.7 0.0203125 0.0109375
0 0.4765625 0.51953125 0.0296875 0.01875
18 0.659375 0.71953125 0.0203125 0.021875
18 0.48515625 0.81328125 0.05625 0.0125
0 0.609375 0.70703125 0.015625 0.028125
0 0.475 0.82890625 0.0296875 0.01875
18 0.48515625 0.75234375 0.05625 0.0125
25 0.60234375 0.7265625 0.0390625 0.0125
0 0.47578125 0.58203125 0.0296875 0.01875