0 0.7375 0.390625 0.05 0.05390625
0 0.7375 0.6515625 0.04453125 0.05390625
0 0.7375 0.85625 0.04765625 0.05390625
0 0.73671875 0.74921875 0.04140625 0.05390625
0 0.7375 0.23515625 0.04609375 0.05390625
0 0.7375 0.1265625 0.04609375 0.05390625
18 0.753125 0.09375 0.03203125 0.01484375
18 0.7515625 0.2015625 0.03203125 0.01484375
18 0.75390625 0.3578125 0.03203125 0.01484375
18 0.7546875 0.6171875 0.03203125 0.01484375
18 0.753125 0.71640625 0.03203125 0.01484375
18 0.753125 0.8234375 0.03203125 0.01484375
0 0.63984375 0.04765625 0.02421875 0.0390625