28 0.353125 0.71640625 0.0375 0.0578125
18 0.46171875 0.65546875 0.025 0.04375
0 0.0890625 0.5953125 0.096875 0.09375
21 0.3421875 0.79140625 0.028125 0.0734375
21 0.22421875 0.790625 0.028125 0.0734375
18 0.5875 0.790625 0.028125 0.0734375
0 0.29921875 0.79609375 0.059375 0.046875
0 0.415625 0.65 0.034375 0.053125
18 0.6953125 0.71328125 0.021875 0.15625
18 0.80703125 0.71328125 0.021875 0.1515625
0 0.1828125 0.8015625 0.05625 0.05
18 0.34140625 0.65625 0.021875 0.04375
0 0.17578125 0.65078125 0.0328125 0.05
0 0.78046875 0.7421875 0.034375 0.053125
0 0.29140625 0.65078125 0.028125 0.046875
0 0.18203125 0.72421875 0.075 0.053125
0 0.3 0.7234375 0.078125 0.05
28 0.47265625 0.71640625 0.0375 0.0578125
0 0.54140625 0.72265625 0.075 0.053125
21 0.4640625 0.7890625 0.028125 0.0734375
28 0.6 0.71484375 0.0375 0.0578125
0 0.66953125 0.74140625 0.034375 0.053125
0 0.09375 0.52265625 0.08125 0.028125
0 0.54296875 0.7953125 0.0328125 0.053125
0 0.42265625 0.72109375 0.075 0.046875
0 0.4203125 0.7953125 0.059375 0.05
0 0.89140625 0.7390625 0.034375 0.053125
18 0.22265625 0.6578125 0.021875 0.04375
18 0.921875 0.71171875 0.0234375 0.1578125