9 0.5484375 0.44375 0.0453125 0.05703125
0 0.353125 0.30078125 0.16796875 0.0375
28 0.5484375 0.28984375 0.07421875 0.0703125
18 0.54453125 0.53359375 0.04140625 0.04296875
0 0.74140625 0.6421875 0.17421875 0.0390625
0 0.2078125 0.63984375 0.1703125 0.040625
6 0.3265625 0.6765625 0.0453125 0.0328125
18 0.38828125 0.53671875 0.04140625 0.04296875
0 0.65078125 0.4421875 0.1375 0.02421875
2 0.478125 0.39765625 0.08671875 0.02890625
6 0.62734375 0.6765625 0.04765625 0.0296875
0 0.73828125 0.6765625 0.1671875 0.025
9 0.396875 0.44375 0.046875 0.0578125
0 0.30234375 0.44140625 0.13515625 0.0203125
0 0.66484375 0.5421875 0.1625 0.04296875
0 0.2828125 0.53984375 0.165625 0.03828125
18 0.61640625 0.63515625 0.04140625 0.0390625
18 0.31484375 0.634375 0.03671875 0.0390625
0 0.678125 0.30390625 0.1875 0.09609375
0 0.2109375 0.6765625 0.1625 0.0234375
25 0.46875 0.2921875 0.04375 0.05546875