18 0.54921875 0.62421875 0.075 0.0296875
0 0.521875 0.49375 0.23359375 0.02890625
18 0.553125 0.30625 0.075 0.0296875
0 0.521875 0.79375 0.23359375 0.02890625
18 0.5484375 0.16171875 0.075 0.0296875
0 0.48671875 0.228125 0.296875 0.02890625
7 0.55390625 0.1921875 0.06484375 0.0296875
0 0.5203125 0.33828125 0.23359375 0.02890625
0 0.5203125 0.93125 0.23359375 0.02890625
18 0.553125 0.903125 0.075 0.0296875
0 0.5140625 0.65234375 0.23359375 0.02890625
18 0.55078125 0.7625 0.075 0.0296875
18 0.55234375 0.465625 0.075 0.0296875