18 0.35625 0.82578125 0.0171875 0.00625
18 0.3515625 0.93515625 0.0171875 0.00625
0 0.42265625 0.7203125 0.021875 0.01875
18 0.35078125 0.8625 0.0171875 0.00625
18 0.35078125 0.66875 0.0171875 0.00625
18 0.35078125 0.58671875 0.0171875 0.00625
0 0.32890625 0.64453125 0.0125 0.0125
28 0.396875 0.7890625 0.01875 0.0125
28 0.396875 0.71796875 0.01875 0.0125
0 0.4234375 0.790625 0.0203125 0.015625
18 0.35546875 0.7390625 0.0171875 0.00625
18 0.2890625 0.73671875 0.009375 0.0109375
18 0.25546875 0.7375 0.009375 0.0109375
18 0.234375 0.73671875 0.009375 0.0109375
18 0.2890625 0.825 0.009375 0.0109375
18 0.35 0.95 0.015625 0.00625
18 0.35 0.9203125 0.015625 0.00625
18 0.34921875 0.90625 0.015625 0.00625
18 0.34921875 0.89140625 0.015625 0.00625
18 0.34921875 0.8765625 0.015625 0.00625
18 0.35078125 0.653125 0.015625 0.00625
18 0.35078125 0.640625 0.015625 0.00625
18 0.35 0.62734375 0.015625 0.00625
18 0.35 0.61328125 0.015625 0.00625
18 0.35 0.6 0.015625 0.00625
21 0.41796875 0.80703125 0.0125 0.00625
21 0.41796875 0.75625 0.0125 0.00625
0 0.32890625 0.6046875 0.0125 0.0125
0 0.32890625 0.88125 0.0125 0.0125
0 0.24921875 0.72421875 0.0125 0.0125
0 0.32890625 0.671875 0.0125 0.0125
0 0.3296875 0.9390625 0.0125 0.0125
6 0.3390625 0.82421875 0.0125 0.009375
0 0.39453125 0.8265625 0.009375 0.01875
0 0.41953125 0.7453125 0.009375 0.0109375
0 0.2796875 0.80625 0.009375 0.0125
0 0.3953125 0.73984375 0.009375 0.01875
0 0.32890625 0.61875 0.0125 0.0125
0 0.32890625 0.89609375 0.0125 0.0125
0 0.3296875 0.95390625 0.0125 0.0125
0 0.32890625 0.6328125 0.0125 0.0125
0 0.32890625 0.65859375 0.0125 0.0125
0 0.2796875 0.75546875 0.009375 0.0125
0 0.41875 0.825 0.009375 0.0109375
0 0.32890625 0.590625 0.0125 0.0125
0 0.2765625 0.72890625 0.0125 0.0125
0 0.35546875 0.74921875 0.0109375 0.009375
31 0.290625 0.79296875 0.0375 0.0125
31 0.2921875 0.7671875 0.0375 0.0125
25 0.3953125 0.80546875 0.0125 0.009375
0 0.27734375 0.8265625 0.0125 0.0125
6 0.3390625 0.73828125 0.0125 0.009375
0 0.35546875 0.8109375 0.0109375 0.009375
0 0.32890625 0.86640625 0.0125 0.0125
0 0.3296875 0.91015625 0.0125 0.0125
0 0.32890625 0.925 0.0125 0.0125
25 0.39609375 0.7546875 0.0125 0.009375
0 0.22890625 0.725 0.0125 0.0125