28 0.57890625 0.371875 0.0265625 0.0125
18 0.45625 0.26796875 0.0125 0.021875
0 0.44765625 0.38125 0.009375 0.009375
0 0.51484375 0.37265625 0.028125 0.01875
28 0.578125 0.26796875 0.0265625 0.0125
18 0.45625 0.37421875 0.0125 0.025
0 0.5515625 0.2671875 0.01875 0.021875
0 0.5515625 0.3390625 0.01875 0.021875
5 0.46953125 0.40078125 0.0125 0.0125
0 0.5734375 0.3359375 0.009375 0.015625
31 0.51640625 0.29296875 0.01875 0.0125
0 0.49140625 0.39609375 0.0234375 0.034375
0 0.44765625 0.26328125 0.009375 0.009375
31 0.51640625 0.353125 0.01875 0.0125
25 0.578125 0.35625 0.0265625 0.0203125
0 0.57265625 0.30390625 0.009375 0.015625
0 0.515625 0.26484375 0.028125 0.01875
18 0.54765625 0.284375 0.01875 0.009375
6 0.45390625 0.39609375 0.0140625 0.009375
6 0.453125 0.24921875 0.0140625 0.009375
25 0.578125 0.28671875 0.0265625 0.0203125
18 0.546875 0.35546875 0.01875 0.009375
5 0.4703125 0.24375 0.0125 0.0125
0 0.490625 0.2484375 0.01875 0.034375