0 0.459375 0.64921875 0.0515625 0.05
0 0.58984375 0.81171875 0.109375 0.0234375
0 0.509375 0.43203125 0.165625 0.028125
25 0.40703125 0.50078125 0.034375 0.0375
28 0.35078125 0.50078125 0.059375 0.084375
0 0.5828125 0.2296875 0.096875 0.0703125
4 0.41015625 0.27109375 0.01875 0.05
18 0.5703125 0.22734375 0.03125 0.0234375
0 0.4671875 0.26875 0.090625 0.05
18 0.56796875 0.39296875 0.0375 0.028125
31 0.3875 0.63671875 0.04375 0.05625
0 0.49765625 0.484375 0.1390625 0.075
0 0.57109375 0.39296875 0.0765625 0.065625