0 0.5921875 0.646875 0.05 0.07421875
28 0.43828125 0.49453125 0.02578125 0.06640625
16 0.68203125 0.64921875 0.02109375 0.2140625
16 0.58984375 0.353125 0.0828125 0.03203125
16 0.49140625 0.653125 0.02109375 0.2140625
0 0.578125 0.31328125 0.028125 0.03984375
0 0.7453125 0.61875 0.0453125 0.15078125
25 0.68046875 0.49453125 0.025 0.0875
0 0.43203125 0.61875 0.040625 0.1453125
0 0.57578125 0.84375 0.053125 0.10078125
2 0.5890625 0.6359375 0.11640625 0.209375
0 0.62265625 0.49453125 0.040625 0.07421875
0 0.53046875 0.4890625 0.03671875 0.0765625
25 0.49765625 0.49453125 0.025 0.0875
28 0.734375 0.49375 0.02578125 0.06640625