0 0.29453125 0.47578125 0.01875 0.0296875
28 0.246875 0.60625 0.025 0.046875
18 0.49375 0.48515625 0.0125 0.05625
6 0.303125 0.72578125 0.0125 0.015625
18 0.43203125 0.4859375 0.0125 0.05625
18 0.3703125 0.4875 0.0125 0.05625
0 0.20546875 0.584375 0.04375 0.028125
18 0.309375 0.4859375 0.0125 0.05625
0 0.35625 0.47578125 0.01875 0.0296875
0 0.1890625 0.79140625 0.059375 0.0265625
0 0.234375 0.475 0.01875 0.0296875
0 0.3109375 0.66796875 0.021875 0.0265625
18 0.259375 0.70390625 0.0109375 0.0203125
6 0.25625 0.72578125 0.0125 0.015625
0 0.25703125 0.6671875 0.01875 0.025
18 0.3 0.70625 0.0109375 0.0203125
0 0.48046875 0.4765625 0.01875 0.0296875
18 0.28046875 0.659375 0.021875 0.0203125
18 0.18671875 0.48515625 0.0125 0.05625
0 0.29296875 0.609375 0.028125 0.015625
0 0.17109375 0.475 0.01875 0.0296875
18 0.24765625 0.48515625 0.0125 0.05625
25 0.2734375 0.60234375 0.0125 0.0390625
0 0.41796875 0.47578125 0.01875 0.0296875