18 0.578125 0.40859375 0.03203125 0.01640625
18 0.5765625 0.09765625 0.03203125 0.01640625
0 0.5859375 0.31953125 0.040625 0.0375
18 0.57890625 0.81796875 0.03203125 0.01640625
18 0.578125 0.521875 0.03203125 0.01640625
0 0.58359375 0.23046875 0.0390625 0.03828125
0 0.5828125 0.1265625 0.0375 0.0375
0 0.2921875 0.97578125 0.0234375 0.021875
0 0.58359375 0.85078125 0.04140625 0.05078125
0 0.52421875 0.76953125 0.01875 0.02734375
0 0.58671875 0.7 0.0390625 0.03984375
11 0.571875 0.77265625 0.07421875 0.0390625
0 0.58359375 0.55234375 0.0375 0.0390625
0 0.5828125 0.43671875 0.0390625 0.03828125
18 0.575 0.66953125 0.03203125 0.01640625
18 0.5796875 0.19921875 0.03203125 0.01640625
18 0.578125 0.28984375 0.03203125 0.01640625