0 0.10390625 0.3203125 0.04375 0.1453125
31 0.52265625 0.41953125 0.0359375 0.040625
25 0.840625 0.64296875 0.053125 0.05625
13 0.840625 0.840625 0.0390625 0.053125
0 0.51640625 0.51875 0.040625 0.134375
0 0.89609375 0.76953125 0.03125 0.05625
4 0.103125 0.41953125 0.0625 0.040625
0 0.5359375 0.14375 0.0203125 0.0703125
0 0.5484375 0.35546875 0.04375 0.075
28 0.334375 0.36171875 0.0640625 0.0671875
24 0.9 0.7015625 0.05625 0.0765625
13 0.84140625 0.70703125 0.0390625 0.053125
13 0.84140625 0.77265625 0.0390625 0.053125
25 0.334375 0.4296875 0.053125 0.053125
0 0.80234375 0.909375 0.040625 0.0625
0 0.8046875 0.76953125 0.0375 0.0625
15 0.84140625 0.9078125 0.0390625 0.05625
0 0.28828125 0.19296875 0.040625 0.14375
0 0.4296875 0.68046875 0.0171875 0.059375
0 0.35703125 0.5453125 0.0640625 0.165625
23 0.5359375 0.14609375 0.0515625 0.096875
0 0.49140625 0.18671875 0.01875 0.0515625
6 0.52421875 0.72265625 0.0328125 0.0421875
0 0.8640625 0.53046875 0.0625 0.1625
0 0.8046875 0.703125 0.0375 0.06875
30 0.471875 0.51875 0.040625 0.125
0 0.34453125 0.16640625 0.0640625 0.309375
18 0.41015625 0.63515625 0.028125 0.053125
18 0.47265625 0.23828125 0.028125 0.059375
18 0.22734375 0.23984375 0.0328125 0.059375
25 0.2390625 0.1046875 0.0390625 0.078125
0 0.80625 0.8421875 0.040625 0.0625
0 0.9640625 0.8859375 0.028125 0.1796875
0 0.1765625 0.1046875 0.046875 0.159375