18 0.25859375 0.70390625 0.015625 0.00625
0 0.25859375 0.6125 0.0125 0.0125
18 0.2578125 0.23046875 0.015625 0.00625
18 0.25703125 0.54140625 0.015625 0.00625
18 0.2578125 0.41875 0.015625 0.00625
18 0.25859375 0.44609375 0.015625 0.00625
0 0.25859375 0.35625 0.0125 0.0125
18 0.2578125 0.284375 0.015625 0.00625
0 0.259375 0.559375 0.0125 0.0125
0 0.259375 0.221875 0.0125 0.0125
18 0.25703125 0.25703125 0.015625 0.00625
0 0.26015625 0.6953125 0.0125 0.0125
18 0.2578125 0.33828125 0.015625 0.00625
0 0.25859375 0.53359375 0.0125 0.0125
0 0.259375 0.3296875 0.0125 0.0125
0 0.2234375 0.496875 0.009375 0.0140625
0 0.259375 0.4359375 0.0125 0.0125
0 0.25859375 0.38359375 0.0125 0.0125
0 0.259375 0.27421875 0.0125 0.0125
18 0.25859375 0.3109375 0.015625 0.00625
0 0.259375 0.3015625 0.0125 0.0125
0 0.25859375 0.5859375 0.0125 0.0125
18 0.25703125 0.36484375 0.015625 0.00625
0 0.25859375 0.64140625 0.0125 0.0125
0 0.26015625 0.66796875 0.0125 0.0125
0 0.259375 0.41015625 0.0125 0.0125
0 0.259375 0.2484375 0.0125 0.0125
18 0.25859375 0.39296875 0.015625 0.00625
18 0.25703125 0.56875 0.015625 0.00625
18 0.2578125 0.59609375 0.015625 0.00625
18 0.25703125 0.62265625 0.015625 0.00625
18 0.2578125 0.65 0.015625 0.00625
18 0.2578125 0.67734375 0.015625 0.00625