18 0.12109375 0.4578125 0.009375 0.009375
25 0.30390625 0.44296875 0.01875 0.0203125
0 0.0859375 0.5 0.01875 0.0328125
0 0.12890625 0.46328125 0.009375 0.0078125
15 0.328125 0.43046875 0.015625 0.009375
0 0.13515625 0.42578125 0.0078125 0.009375
25 0.2015625 0.44375 0.0171875 0.01875
13 0.328125 0.421875 0.015625 0.009375
6 0.11875 0.46796875 0.009375 0.00625
18 0.3375 0.43828125 0.028125 0.0109375
0 0.2015625 0.42265625 0.009375 0.009375
0 0.33125 0.4515625 0.015625 0.0140625
0 0.303125 0.42265625 0.009375 0.0109375
31 0.1359375 0.434375 0.0140625 0.009375
0 0.21875 0.484375 0.01875 0.065625
28 0.196875 0.4609375 0.021875 0.0125