18 0.315625 0.396875 0.0140625 0.028125
18 0.346875 0.39609375 0.0140625 0.028125
0 0.19296875 0.59609375 0.03125 0.034375
18 0.37734375 0.39609375 0.0140625 0.028125
0 0.1265625 0.69765625 0.0484375 0.028125
31 0.2546875 0.68515625 0.0140625 0.0265625
18 0.40625 0.39609375 0.0140625 0.028125
18 0.21484375 0.5859375 0.009375 0.015625
31 0.22421875 0.684375 0.015625 0.028125
18 0.26875 0.58671875 0.009375 0.0171875
0 0.353125 0.696875 0.046875 0.028125
18 0.1609375 0.64609375 0.009375 0.01875
0 0.31640625 0.49609375 0.025 0.015625
28 0.1984375 0.5234375 0.0140625 0.025
18 0.321875 0.64765625 0.009375 0.01875
0 0.17734375 0.36875 0.01875 0.03125
21 0.21015625 0.71171875 0.00625 0.01875
21 0.26484375 0.7109375 0.00625 0.01875
0 0.35 0.5171875 0.01875 0.015625
18 0.15234375 0.3953125 0.0140625 0.028125
18 0.1828125 0.39609375 0.0140625 0.028125
0 0.14453125 0.65078125 0.0265625 0.0515625
5 0.15859375 0.68984375 0.0140625 0.0203125
6 0.265625 0.7328125 0.009375 0.0140625
0 0.3375 0.64765625 0.0265625 0.05
5 0.3203125 0.68984375 0.0125 0.021875
25 0.21171875 0.5203125 0.009375 0.025
0 0.22734375 0.51875 0.01875 0.0171875
0 0.3390625 0.3671875 0.01875 0.03125
0 0.36953125 0.35390625 0.01875 0.05625
0 0.20703125 0.3671875 0.01875 0.034375
0 0.14609375 0.3546875 0.01875 0.0609375
0 0.2875 0.65625 0.0375 0.0375
0 0.28984375 0.59921875 0.03125 0.0359375
0 0.30703125 0.3671875 0.01875 0.034375
0 0.19453125 0.5015625 0.025 0.015625
0 0.40078125 0.35234375 0.01875 0.05625
6 0.2109375 0.73203125 0.0125 0.0125
0 0.19453125 0.6578125 0.034375 0.040625
18 0.21328125 0.39609375 0.0140625 0.028125
25 0.33359375 0.51328125 0.009375 0.025
28 0.3203125 0.51640625 0.0140625 0.025
0 0.23984375 0.6625 0.0125 0.009375