18 0.396875 0.684375 0.028125 0.0140625
18 0.39609375 0.653125 0.028125 0.0140625
0 0.59609375 0.80703125 0.03515625 0.03125
18 0.39609375 0.62265625 0.028125 0.0140625
0 0.69765625 0.8734375 0.028125 0.0484375
31 0.68515625 0.7453125 0.0265625 0.0140625
18 0.39609375 0.59375 0.028125 0.0140625
18 0.5859375 0.78515625 0.01484375 0.009375
31 0.684375 0.77578125 0.02734375 0.01484375
18 0.58671875 0.73125 0.0171875 0.00859375
0 0.696875 0.646875 0.02734375 0.04765625
18 0.64609375 0.8390625 0.01953125 0.009375
0 0.49609375 0.68359375 0.015625 0.02578125
28 0.5234375 0.8015625 0.025 0.0140625
18 0.64765625 0.678125 0.01953125 0.009375
0 0.36875 0.82265625 0.03046875 0.01875
21 0.71171875 0.78984375 0.01953125 0.00703125
21 0.7109375 0.73515625 0.01953125 0.00703125
0 0.5171875 0.65 0.01484375 0.01953125
18 0.3953125 0.84765625 0.028125 0.0140625
18 0.39609375 0.8171875 0.028125 0.0140625
0 0.65078125 0.85546875 0.05078125 0.0265625
5 0.68984375 0.84140625 0.0203125 0.0140625
6 0.7328125 0.734375 0.0140625 0.01015625
0 0.64765625 0.6625 0.04921875 0.0265625
5 0.68984375 0.6796875 0.02109375 0.0125
25 0.5203125 0.78828125 0.025 0.00859375
0 0.51875 0.77265625 0.0171875 0.01796875
0 0.3671875 0.6609375 0.03125 0.01875
0 0.35390625 0.63046875 0.05625 0.01796875
0 0.3671875 0.79296875 0.034375 0.01796875
0 0.3546875 0.85390625 0.0609375 0.01796875
0 0.65625 0.7125 0.03671875 0.03671875
0 0.59921875 0.71015625 0.0359375 0.03203125
0 0.3671875 0.69296875 0.03515625 0.01796875
0 0.5015625 0.80546875 0.01484375 0.02421875
0 0.35234375 0.59921875 0.05546875 0.01875
6 0.73203125 0.7890625 0.01328125 0.01171875
0 0.6578125 0.80546875 0.03984375 0.034375
18 0.39609375 0.78671875 0.028125 0.0140625
25 0.51328125 0.66640625 0.02421875 0.00859375
28 0.51640625 0.6796875 0.02578125 0.0140625
0 0.6625 0.76015625 0.01015625 0.01328125