0 0.6515625 0.625 0.040625 0.171875
0 0.78203125 0.1859375 0.115625 0.084375
0 0.85546875 0.6390625 0.040625 0.171875
4 0.57421875 0.58359375 0.01875 0.20625
0 0.434375 0.625 0.040625 0.171875
4 0.24140625 0.58359375 0.01875 0.20625
4 0.7734375 0.58359375 0.01875 0.20625
4 0.68046875 0.58046875 0.01875 0.2
21 0.50859375 0.10859375 0.0171875 0.121875
0 0.48671875 0.103125 0.03125 0.065625
4 0.3515625 0.58046875 0.01875 0.2
0 0.32578125 0.625 0.040625 0.171875
4 0.884375 0.5890625 0.01875 0.2
4 0.46328125 0.575 0.01875 0.20625
4 0.1328125 0.58359375 0.01875 0.20625
0 0.10390625 0.628125 0.040625 0.171875
0 0.7515625 0.63046875 0.040625 0.171875
0 0.546875 0.628125 0.040625 0.171875
0 0.21484375 0.625 0.040625 0.171875