18 0.18359375 0.903125 0.0046875 0.01015625
0 0.1515625 0.84375 0.03828125 0.01484375
28 0.1765625 0.84453125 0.00859375 0.01171875
0 0.178125 0.87421875 0.01015625 0.0140625
0 0.25078125 0.875 0.0109375 0.0140625
25 0.18828125 0.8453125 0.0109375 0.015625
0 0.15859375 0.94453125 0.0203125 0.00625
28 0.2546875 0.8453125 0.00859375 0.01171875
0 0.20390625 0.87890625 0.01015625 0.01015625
0 0.178125 0.89921875 0.0109375 0.01015625
18 0.18671875 0.8765625 0.0046875 0.01015625
25 0.24375 0.84453125 0.0109375 0.015625
0 0.22734375 0.87890625 0.01171875 0.01015625
18 0.246875 0.903125 0.0046875 0.01015625
31 0.20390625 0.8890625 0.00703125 0.01015625
31 0.228125 0.8890625 0.00703125 0.01015625
0 0.2796875 0.84375 0.0375 0.015625
0 0.2546875 0.9 0.01015625 0.01015625
18 0.2421875 0.87734375 0.0046875 0.01015625
0 0.25546875 0.9171875 0.0109375 0.0078125
0 0.178125 0.9171875 0.0109375 0.00625
6 0.2484375 0.9125 0.0046875 0.00703125
6 0.184375 0.9125 0.0046875 0.00703125