18 0.82890625 0.61484375 0.025 0.05
18 0.665625 0.61484375 0.025 0.05
18 0.5796875 0.61484375 0.025 0.05
18 0.425 0.6140625 0.025 0.05
18 0.340625 0.615625 0.025 0.05
18 0.259375 0.6171875 0.025 0.05
18 0.17578125 0.61640625 0.025 0.05
0 0.290625 0.5859375 0.0375 0.078125
18 0.0953125 0.61484375 0.025 0.05
0 0.09921875 0.940625 0.159375 0.034375
0 0.78046875 0.58515625 0.040625 0.075
0 0.9453125 0.58671875 0.0375 0.08125
0 0.36953125 0.58515625 0.0390625 0.078125
0 0.20703125 0.584375 0.0375 0.08125
0 0.7 0.5875 0.0375 0.08125
0 0.125 0.58515625 0.04375 0.075
0 0.45703125 0.5859375 0.034375 0.075
0 0.61171875 0.58515625 0.0375 0.075
0 0.86171875 0.5859375 0.0375 0.0765625
18 0.91171875 0.61484375 0.025 0.0515625
18 0.74453125 0.61640625 0.025 0.05