0 0.17265625 0.31796875 0.0375 0.05625
0 0.85546875 0.32890625 0.0375 0.0375
0 0.69921875 0.32734375 0.0375 0.040625
18 0.22578125 0.3390625 0.01875 0.0421875
18 0.0640625 0.3390625 0.0203125 0.040625
18 0.35078125 0.3390625 0.0203125 0.040625
18 0.66953125 0.33984375 0.0203125 0.040625
0 0.95390625 0.1765625 0.03125 0.028125
0 0.5390625 0.32734375 0.0375 0.0375
18 0.14375 0.3390625 0.01875 0.0421875
0 0.09296875 0.32890625 0.0375 0.0390625
18 0.5109375 0.33984375 0.0203125 0.040625
0 0.3796875 0.328125 0.040625 0.034375
0 0.25390625 0.3171875 0.0375 0.05625
18 0.82890625 0.33828125 0.0203125 0.040625