18 0.44453125 0.765625 0.0796875 0.0265625
0 0.0296875 0.13125 0.0375 0.0453125
0 0.41875 0.3765625 0.01796875 0.046875
18 0.446875 0.58828125 0.0734375 0.02421875
0 0.41875 0.55703125 0.0203125 0.046875
0 0.41796875 0.73125 0.01953125 0.046875
18 0.4453125 0.6765625 0.0765625 0.02421875
0 0.41796875 0.465625 0.01875 0.046875
18 0.44375 0.3203125 0.08125 0.02421875
18 0.4453125 0.40859375 0.08125 0.02421875
0 0.41796875 0.28828125 0.0203125 0.046875
18 0.44375 0.4984375 0.08203125 0.02421875
0 0.4171875 0.64453125 0.01875 0.046875