0 0.290625 0.6375 0.05 0.0375
0 0.2921875 0.75859375 0.05 0.0375
0 0.378125 0.90234375 0.028125 0.040625
18 0.33125 0.2328125 0.053125 0.015625
18 0.33125 0.171875 0.053125 0.015625
0 0.2921875 0.09296875 0.05 0.0375
0 0.2921875 0.27421875 0.05 0.0375
0 0.290625 0.5765625 0.05 0.0375
0 0.28984375 0.45546875 0.05 0.0375
0 0.28984375 0.51484375 0.05 0.0375
0 0.290625 0.39609375 0.05 0.0375
18 0.33515625 0.53359375 0.053125 0.015625
18 0.3328125 0.4734375 0.053125 0.015625
18 0.33359375 0.41171875 0.053125 0.015625
0 0.29296875 0.69609375 0.05 0.0375
0 0.290625 0.33671875 0.05 0.0375
18 0.33515625 0.83515625 0.053125 0.0171875
18 0.33359375 0.353125 0.053125 0.015625
18 0.33359375 0.29296875 0.053125 0.015625
0 0.2921875 0.2140625 0.05 0.0375
18 0.3328125 0.775 0.053125 0.015625
18 0.33359375 0.59296875 0.053125 0.015625
18 0.33359375 0.71640625 0.053125 0.015625
18 0.3328125 0.1109375 0.053125 0.015625
18 0.33125 0.6546875 0.053125 0.015625
0 0.2921875 0.81796875 0.05 0.0359375
0 0.290625 0.153125 0.05 0.0375