18 0.421875 0.59140625 0.03125 0.015625
18 0.4234375 0.90234375 0.03125 0.015625
0 0.4140625 0.68046875 0.040625 0.0375
18 0.42109375 0.18203125 0.03125 0.015625
18 0.421875 0.478125 0.03125 0.015625
0 0.41640625 0.76953125 0.0390625 0.0375
0 0.4171875 0.8734375 0.0375 0.0375
0 0.7078125 0.02421875 0.0234375 0.021875
0 0.41640625 0.14921875 0.0421875 0.05
0 0.47578125 0.23046875 0.01875 0.028125
0 0.41328125 0.3 0.0390625 0.040625
11 0.428125 0.22734375 0.075 0.0390625
0 0.41640625 0.44765625 0.0375 0.0390625
0 0.4171875 0.56328125 0.0390625 0.0375
18 0.425 0.33046875 0.03125 0.015625
18 0.4203125 0.80078125 0.03125 0.015625
18 0.421875 0.71015625 0.03125 0.015625