0 0.13984375 0.35234375 0.08203125 0.0203125
5 0.1390625 0.53125 0.01328125 0.03125
0 0.25078125 0.74453125 0.015625 0.009375
28 0.225 0.5421875 0.01640625 0.0265625
18 0.2234375 0.5875 0.01015625 0.021875
0 0.29609375 0.54140625 0.0390625 0.0546875
0 0.34140625 0.54453125 0.034375 0.0140625
5 0.36484375 0.53203125 0.01328125 0.0328125
0 0.19609375 0.5421875 0.0390625 0.0546875
18 0.24375 0.4828125 0.01171875 0.021875
21 0.2234375 0.73984375 0.01171875 0.021875
21 0.265625 0.73984375 0.01171875 0.021875
18 0.26484375 0.5875 0.01015625 0.021875
0 0.28515625 0.5921875 0.028125 0.01015625
0 0.22265625 0.48671875 0.03359375 0.0125
0 0.11640625 0.54375 0.03359375 0.009375
28 0.26640625 0.5421875 0.01640625 0.0265625
0 0.2046875 0.59296875 0.02734375 0.009375
0 0.2078125 0.74453125 0.01640625 0.009375