0 0.7390625 0.815625 0.0203125 0.0125
31 0.8109375 0.8140625 0.0234375 0.009375
6 0.87421875 0.86015625 0.009375 0.00625
0 0.7390625 0.846875 0.01875 0.0125
18 0.85625 0.86171875 0.015625 0.00625
18 0.85625 0.80234375 0.015625 0.0078125
0 0.85703125 0.91796875 0.0234375 0.04375
0 0.771875 0.7921875 0.01875 0.009375
0 0.79375 0.82890625 0.009375 0.009375
6 0.87421875 0.8 0.009375 0.0078125
25 0.7390625 0.79921875 0.021875 0.0109375
28 0.73984375 0.8703125 0.0171875 0.0125
0 0.7421875 0.90859375 0.01875 0.059375
0 0.771875 0.87265625 0.01875 0.009375
31 0.8109375 0.84375 0.021875 0.009375
18 0.7671875 0.8609375 0.021875 0.00625
18 0.7671875 0.80234375 0.021875 0.00625
0 0.7421875 0.74921875 0.021875 0.059375
25 0.7390625 0.8578125 0.0234375 0.0109375
28 0.740625 0.78671875 0.01875 0.0125