18 0.528125 0.73203125 0.0125 0.00625
18 0.3296875 0.615625 0.028125 0.0125
28 0.45859375 0.665625 0.025 0.0140625
0 0.30859375 0.74609375 0.0265625 0.021875
0 0.309375 0.63984375 0.0265625 0.021875
0 0.4859375 0.7 0.028125 0.0328125
25 0.459375 0.68046875 0.025 0.009375
6 0.559375 0.73125 0.0125 0.009375
18 0.53828125 0.70546875 0.0125 0.00625
18 0.33046875 0.6515625 0.028125 0.0125
18 0.3296875 0.7578125 0.028125 0.0125
0 0.459375 0.62109375 0.028125 0.065625
0 0.31015625 0.675 0.0265625 0.021875
0 0.5359375 0.56796875 0.08125 0.009375
18 0.3296875 0.72265625 0.028125 0.0125
0 0.309375 0.603125 0.0265625 0.021875
31 0.5125 0.6796875 0.025 0.021875
4 0.48671875 0.6796875 0.021875 0.009375
6 0.55859375 0.70390625 0.0125 0.009375
0 0.4546875 0.6953125 0.0265625 0.021875
0 0.3109375 0.71015625 0.0265625 0.021875
18 0.3296875 0.6875 0.028125 0.0125
0 0.51171875 0.64921875 0.028125 0.040625