28 0.6296875 0.4765625 0.0546875 0.0421875
25 0.57734375 0.475 0.04375 0.040625
0 0.31640625 0.81171875 0.0875 0.0640625
0 0.41640625 0.28984375 0.1125 0.0390625
0 0.7609375 0.403125 0.203125 0.0578125
20 0.4265625 0.253125 0.05 0.025
0 0.71328125 0.2984375 0.1390625 0.0546875
25 0.57734375 0.403125 0.0453125 0.0390625
0 0.4828125 0.38828125 0.1375 0.034375
0 0.20234375 0.62109375 0.1703125 0.0375
20 0.4859375 0.59609375 0.05 0.021875
28 0.63125 0.40625 0.053125 0.040625
0 0.3125 0.7140625 0.0984375 0.0625
0 0.44296875 0.6203125 0.21875 0.01875
6 0.32890625 0.2484375 0.053125 0.0375
0 0.48359375 0.46640625 0.1375 0.034375
31 0.571875 0.3046875 0.065625 0.034375
18 0.42734375 0.81796875 0.0546875 0.025
18 0.42890625 0.7234375 0.0546875 0.025
0 0.0625 0.190625 0.053125 0.021875
5 0.25546875 0.590625 0.065625 0.03125