0 0.2796875 0.69921875 0.05390625 0.04140625
0 0.2953125 0.24453125 0.04921875 0.021875
28 0.6390625 0.40625 0.06875 0.07265625
25 0.57109375 0.4015625 0.05625 0.05546875
24 0.49296875 0.79921875 0.075 0.0546875
0 0.4328125 0.41328125 0.17109375 0.07265625
6 0.1875 0.33515625 0.04609375 0.03046875
0 0.35078125 0.7 0.05859375 0.040625
0 0.82734375 0.4140625 0.3078125 0.0640625
4 0.5625 0.190625 0.04609375 0.0640625
30 0.46640625 0.2859375 0.12109375 0.0375
0 0.6625 0.19140625 0.13828125 0.04609375
0 0.11171875 0.8671875 0.153125 0.028125
0 0.49140625 0.7 0.053125 0.04140625
13 0.490625 0.7390625 0.05234375 0.03984375
0 0.628125 0.5328125 0.0546875 0.0390625
18 0.34921875 0.22421875 0.05390625 0.02890625
0 0.66484375 0.7625 0.16015625 0.06875
13 0.41953125 0.7390625 0.05234375 0.03984375
15 0.27734375 0.7375 0.05703125 0.0375
0 0.41796875 0.79453125 0.053125 0.02421875
25 0.5390625 0.78203125 0.05703125 0.0546875
0 0.41953125 0.69921875 0.0578125 0.0359375
31 0.56484375 0.49140625 0.04375 0.0546875
13 0.35 0.73828125 0.05234375 0.03984375
0 0.46484375 0.328125 0.11171875 0.040625