18 0.6234375 0.8359375 0.046875 0.046875
0 0.21953125 0.63046875 0.140625 0.025
18 0.53984375 0.76484375 0.046875 0.046875
9 0.55 0.62734375 0.05625 0.075
0 0.70625 0.6265625 0.1625 0.0265625
9 0.32421875 0.6265625 0.05625 0.075
6 0.2421875 0.8875 0.028125 0.0234375
0 0.73046875 0.84765625 0.159375 0.0703125
0 0.415625 0.85546875 0.15625 0.0671875
18 0.24921875 0.8359375 0.046875 0.046875
0 0.35 0.615625 0.059375 0.03125
18 0.32421875 0.7671875 0.046875 0.046875
2 0.4421875 0.57890625 0.084375 0.03125
28 0.44375 0.4625 0.078125 0.071875
0 0.22578125 0.76875 0.153125 0.065625
0 0.6703125 0.7703125 0.16875 0.06875
6 0.6328125 0.8875 0.0328125 0.021875
0 0.5703125 0.6171875 0.053125 0.03125
0 0.67890625 0.4609375 0.334375 0.065625