31 0.1828125 0.3421875 0.040625 0.01875
0 0.26328125 0.3359375 0.03125 0.0265625
25 0.265625 0.3609375 0.0328125 0.0125
0 0.1828125 0.2734375 0.01875 0.0125
0 0.2671875 0.18515625 0.040625 0.0375
0 0.20703125 0.16484375 0.0140625 0.0640625
28 0.26640625 0.3796875 0.0375 0.021875
0 0.22890625 0.2015625 0.01875 0.05625
0 0.26640625 0.41171875 0.040625 0.0375
31 0.18203125 0.2609375 0.04375 0.0171875
0 0.1828125 0.328125 0.01875 0.0125
25 0.265625 0.24140625 0.0328125 0.0140625
0 0.265625 0.2640625 0.034375 0.0265625
0 0.22421875 0.39296875 0.0140625 0.05625
28 0.2671875 0.221875 0.0390625 0.021875
18 0.2234375 0.35703125 0.025 0.0125
18 0.2234375 0.2375 0.0265625 0.0125