12 0.3203125 0.28046875 0.0515625 0.1515625
31 0.2109375 0.3921875 0.040625 0.190625
25 0.64140625 0.4 0.0578125 0.0875
0 0.8625 0.6578125 0.05625 0.090625
14 0.640625 0.465625 0.0453125 0.04375
4 0.26875 0.23671875 0.028125 0.071875
18 0.84609375 0.390625 0.096875 0.04375
25 0.52578125 0.40234375 0.0578125 0.0875
0 0.21875 0.2171875 0.078125 0.109375
0 0.6375 0.55625 0.078125 0.1328125
6 0.203125 0.1140625 0.0296875 0.040625
0 0.36015625 0.15859375 0.08125 0.1546875
0 0.20390625 0.59765625 0.084375 0.1796875
0 0.49453125 0.303125 0.0515625 0.096875
0 0.80546875 0.296875 0.053125 0.1015625
0 0.64765625 0.30390625 0.046875 0.09375