28 0.4671875 0.47109375 0.0078125 0.015625
25 0.45859375 0.4703125 0.009375 0.01875
19 0.615625 0.4703125 0.01875 0.015625
19 0.615625 0.48828125 0.01875 0.015625
19 0.61484375 0.52265625 0.0203125 0.015625
18 0.6140625 0.5390625 0.015625 0.009375
18 0.6140625 0.5046875 0.015625 0.009375
0 0.49765625 0.56328125 0.01875 0.034375
0 0.63125 0.51796875 0.0125 0.009375
18 0.6140625 0.45390625 0.0171875 0.009375
18 0.61484375 0.4359375 0.015625 0.009375
18 0.61484375 0.41953125 0.01875 0.009375
18 0.6140625 0.40078125 0.0171875 0.009375
18 0.62109375 0.3484375 0.01875 0.009375
18 0.62109375 0.33203125 0.01875 0.0109375
0 0.65078125 0.2765625 0.040625 0.00625
18 0.62109375 0.3140625 0.01875 0.009375
18 0.621875 0.29765625 0.0171875 0.009375
18 0.621875 0.28046875 0.01875 0.009375
0 0.6515625 0.29296875 0.040625 0.009375
0 0.64921875 0.32734375 0.040625 0.009375
0 0.63203125 0.41640625 0.0125 0.009375
0 0.63203125 0.4328125 0.0125 0.009375
0 0.63125 0.53515625 0.0125 0.009375
5 0.496875 0.53984375 0.0125 0.0140625
0 0.48671875 0.6546875 0.00625 0.015625
6 0.434375 0.65546875 0.00625 0.009375
0 0.43984375 0.6546875 0.00625 0.015625
0 0.63125 0.5015625 0.0125 0.009375
0 0.48515625 0.46875 0.025 0.021875
18 0.4328125 0.63828125 0.0046875 0.0125
31 0.4578125 0.596875 0.01875 0.0234375
18 0.4796875 0.63828125 0.00625 0.0109375
18 0.478125 0.5390625 0.00625 0.00625
18 0.45703125 0.51171875 0.00625 0.0140625
0 0.4796875 0.528125 0.0203125 0.0125
0 0.4453125 0.51171875 0.015625 0.0125
0 0.4734375 0.640625 0.00625 0.00625
0 0.3984375 0.265625 0.021875 0.0109375
0 0.63125 0.46640625 0.0125 0.009375
0 0.63125 0.45078125 0.0125 0.009375
0 0.64921875 0.34453125 0.0390625 0.009375
0 0.63125 0.484375 0.0125 0.009375
28 0.65 0.3765625 0.009375 0.015625
0 0.4265625 0.640625 0.009375 0.00625
0 0.63125 0.3984375 0.0125 0.009375
0 0.4484375 0.59140625 0.009375 0.00625
6 0.48046875 0.65546875 0.00625 0.009375
0 0.6375 0.3671875 0.034375 0.0140625
0 0.65078125 0.3109375 0.040625 0.00625
0 0.44453125 0.47734375 0.015625 0.0140625