0 0.5140625 0.115625 0.165625 0.09375
25 0.65625 0.5171875 0.1078125 0.0953125
18 0.52265625 0.378125 0.0765625 0.0265625
0 0.51953125 0.8078125 0.15 0.0625
18 0.51796875 0.2703125 0.0828125 0.03125
4 0.6375 0.11953125 0.05 0.0765625
0 0.84765625 0.3953125 0.1625 0.075
28 0.78359375 0.50390625 0.0953125 0.084375
0 0.4578125 0.51796875 0.184375 0.0703125
0 0.51171875 0.29609375 0.13125 0.03125
6 0.38359375 0.384375 0.0625 0.04375
0 0.43828125 0.25625 0.078125 0.034375
0 0.4859375 0.35078125 0.128125 0.0546875
0 0.44140625 0.959375 0.275 0.0328125
31 0.671875 0.77578125 0.078125 0.0546875