0 0.75 0.67578125 0.059375 0.0421875
18 0.73671875 0.36796875 0.096875 0.040625
18 0.73515625 0.8109375 0.096875 0.0390625
0 0.890625 0.4953125 0.0421875 0.1421875
0 0.74921875 0.321875 0.059375 0.0421875
0 0.7515625 0.5015625 0.059375 0.0421875
18 0.73046875 0.546875 0.096875 0.040625
18 0.7328125 0.72265625 0.096875 0.040625
0 0.75234375 0.0578125 0.059375 0.0421875
18 0.7328125 0.10625 0.096875 0.040625
18 0.73125 0.19296875 0.096875 0.040625
18 0.73125 0.28125 0.096875 0.040625
0 0.7515625 0.76328125 0.059375 0.0421875
0 0.75234375 0.23046875 0.059375 0.0421875
0 0.75234375 0.58671875 0.059375 0.0421875
0 0.7515625 0.14765625 0.059375 0.0421875
18 0.73203125 0.6375 0.096875 0.040625