18 0.68671875 0.8453125 0.021875 0.071875
0 0.484375 0.83046875 0.05 0.053125
0 0.26484375 0.83046875 0.05 0.053125
0 0.83046875 0.81875 0.04375 0.0796875
0 0.81875 0.9671875 0.0609375 0.0296875
18 0.22890625 0.84375 0.01875 0.071875
0 0.40859375 0.42734375 0.0203125 0.05625
0 0.19140625 0.4171875 0.01875 0.071875
0 0.721875 0.78984375 0.05 0.08125
0 0.3703125 0.8328125 0.0484375 0.053125
18 0.33828125 0.8453125 0.0203125 0.071875
18 0.44609375 0.84453125 0.0203125 0.0703125
18 0.79609375 0.84453125 0.01875 0.06875
0 0.3 0.42890625 0.021875 0.05625