31 0.66171875 0.26015625 0.021875 0.0390625
18 0.73203125 0.23046875 0.0125 0.0265625
0 0.61484375 0.371875 0.05 0.025
28 0.75 0.34375 0.01875 0.025
18 0.73125 0.31015625 0.0125 0.028125
6 0.72734375 0.2015625 0.0140625 0.01875
0 0.66484375 0.33984375 0.021875 0.0265625
0 0.75546875 0.31015625 0.034375 0.028125
6 0.646875 0.20234375 0.0140625 0.0203125
25 0.64375 0.3421875 0.015625 0.0265625
18 0.65 0.3109375 0.0125 0.028125
0 0.70625 0.340625 0.0265625 0.028125
18 0.65 0.22890625 0.0125 0.0265625
28 0.62578125 0.34375 0.01875 0.025
0 0.7390625 0.25546875 0.0203125 0.015625
0 0.68671875 0.390625 0.065625 0.015625
0 0.62734375 0.31171875 0.03125 0.0296875
31 0.7125 0.259375 0.021875 0.0390625
0 0.76015625 0.3703125 0.05 0.025
0 0.6359375 0.2546875 0.021875 0.015625
25 0.73046875 0.3421875 0.015625 0.0265625