1 0.30703125 0.69375 0.00625 0.0171875
1 0.3203125 0.559375 0.00625 0.015625
31 0.328125 0.69140625 0.028125 0.015625
0 0.3125 0.61953125 0.0203125 0.01875
0 0.3546875 0.69765625 0.00625 0.00625
6 0.28515625 0.69296875 0.00625 0.009375
0 0.29609375 0.6703125 0.009375 0.0109375
0 0.36953125 0.53984375 0.009375 0.0125
0 0.3390625 0.5625 0.01875 0.015625
25 0.32890625 0.6125 0.015625 0.01875
0 0.35625 0.61328125 0.0234375 0.0234375
18 0.30546875 0.66875 0.009375 0.009375
18 0.32890625 0.54609375 0.0078125 0.040625
14 0.34140625 0.6125 0.00625 0.0140625
0 0.3109375 0.553125 0.015625 0.015625
0 0.29921875 0.6875 0.015625 0.0125