0 0.54296875 0.28125 0.0203125 0.028125
28 0.5640625 0.77578125 0.04375 0.02890625
28 0.5640625 0.42265625 0.04296875 0.028125
0 0.6359375 0.371875 0.04453125 0.0546875
0 0.4890625 0.2828125 0.03984375 0.06171875
0 0.6328125 0.72421875 0.0375 0.05390625
28 0.56484375 0.24609375 0.04453125 0.0265625
0 0.48828125 0.459375 0.03984375 0.0609375
28 0.56484375 0.6875 0.04375 0.028125
0 0.6359375 0.28359375 0.04453125 0.0515625
22 0.62890625 0.33828125 0.040625 0.0234375
0 0.54453125 0.45859375 0.0203125 0.028125
0 0.53359375 0.19453125 0.0390625 0.03359375
0 0.48828125 0.8140625 0.0375 0.0640625
0 0.63203125 0.8125 0.03515625 0.05390625
0 0.48984375 0.7234375 0.0390625 0.06015625
22 0.62734375 0.4265625 0.040625 0.0234375
22 0.628125 0.69375 0.040625 0.0234375
22 0.62734375 0.78125 0.040625 0.0234375
18 0.503125 0.78203125 0.04140625 0.0234375
18 0.50234375 0.69296875 0.04140625 0.0234375
18 0.5015625 0.42890625 0.04140625 0.0234375
18 0.50234375 0.33984375 0.04140625 0.0234375
18 0.50234375 0.25078125 0.04140625 0.0234375
19 0.49921875 0.16015625 0.0515625 0.028125
22 0.62890625 0.2515625 0.04140625 0.0234375
0 0.828125 0.52421875 0.03359375 0.10546875
0 0.54375 0.8125 0.0203125 0.028125
0 0.61640625 0.196875 0.0828125 0.06328125
0 0.5421875 0.72421875 0.0203125 0.028125
0 0.490625 0.19375 0.0390625 0.0609375
28 0.56484375 0.334375 0.04375 0.028125
0 0.63359375 0.46015625 0.04375 0.0546875
0 0.48984375 0.3703125 0.0390625 0.0640625
0 0.54453125 0.3703125 0.0203125 0.028125