4 0.409375 0.70859375 0.10703125 0.03359375
0 0.578125 0.4921875 0.0328125 0.05546875
28 0.27734375 0.7765625 0.10859375 0.07265625
0 0.17890625 0.778125 0.07890625 0.09609375
0 0.4046875 0.275 0.0578125 0.078125
4 0.409375 0.209375 0.10703125 0.03359375
0 0.1703125 0.30078125 0.07578125 0.09765625
25 0.24296875 0.7015625 0.109375 0.053125
25 0.2421875 0.21015625 0.1109375 0.05390625
31 0.509375 0.6078125 0.11484375 0.12890625
0 0.396875 0.7734375 0.06953125 0.07734375
28 0.28046875 0.284375 0.11484375 0.06640625
0 0.23984375 0.1359375 0.07578125 0.0765625
0 0.2375 0.63515625 0.08203125 0.0796875
31 0.5078125 0.315625 0.11015625 0.1421875
0 0.65546875 0.90625 0.04375 0.0546875