0 0.6375 0.709375 0.03671875 0.05078125
0 0.75859375 0.7078125 0.03671875 0.05078125
0 0.90234375 0.621875 0.040625 0.028125
18 0.2328125 0.66875 0.01640625 0.053125
18 0.171875 0.66875 0.01640625 0.053125
0 0.09296875 0.7078125 0.03671875 0.05078125
0 0.27421875 0.7078125 0.03671875 0.05078125
0 0.5765625 0.709375 0.03671875 0.05078125
0 0.45546875 0.71015625 0.03671875 0.05078125
0 0.51484375 0.71015625 0.03671875 0.05078125
0 0.39609375 0.709375 0.03671875 0.05078125
18 0.53359375 0.66484375 0.01640625 0.053125
18 0.4734375 0.6671875 0.01640625 0.053125
18 0.41171875 0.66640625 0.01640625 0.053125
0 0.69609375 0.70703125 0.03671875 0.05078125
0 0.33671875 0.709375 0.03671875 0.05078125
18 0.83515625 0.66484375 0.01640625 0.053125
18 0.353125 0.66640625 0.01640625 0.053125
18 0.29296875 0.66640625 0.01640625 0.053125
0 0.2140625 0.7078125 0.03671875 0.05078125
18 0.775 0.6671875 0.01640625 0.053125
18 0.59296875 0.66640625 0.01640625 0.053125
18 0.71640625 0.66640625 0.01640625 0.053125
18 0.1109375 0.6671875 0.01640625 0.053125
18 0.6546875 0.66875 0.01640625 0.053125
0 0.81796875 0.7078125 0.03671875 0.05078125
0 0.153125 0.709375 0.03671875 0.05078125