0 0.14296875 0.14921875 0.0765625 0.0640625
0 0.14765625 0.384375 0.05625 0.05625
0 0.8078125 0.3671875 0.065625 0.0890625
0 0.890625 0.3671875 0.065625 0.0890625
0 0.2234375 0.38203125 0.05625 0.05625
18 0.78125 0.3875 0.021875 0.053125
18 0.8625 0.3890625 0.021875 0.0546875
0 0.3859375 0.3703125 0.05625 0.084375
18 0.1921875 0.3875 0.0234375 0.053125
0 0.31015625 0.3796875 0.05625 0.05625
0 0.44453125 0.2125 0.0828125 0.0328125
0 0.559375 0.38515625 0.05625 0.05625
18 0.10859375 0.38828125 0.0234375 0.053125
21 0.1 0.18125 0.021875 0.05
18 0.69609375 0.38828125 0.021875 0.053125
18 0.61484375 0.3859375 0.021875 0.053125
18 0.528125 0.3890625 0.021875 0.053125
18 0.44609375 0.390625 0.021875 0.053125
0 0.475 0.384375 0.05625 0.05625
18 0.35703125 0.3890625 0.021875 0.053125
18 0.27421875 0.38828125 0.021875 0.053125
0 0.64375 0.3796875 0.05625 0.05625
0 0.725 0.3828125 0.05625 0.05625