18 0.2578125 0.5171875 0.0125 0.03125
0 0.1046875 0.665625 0.046875 0.0140625
0 0.14765625 0.40703125 0.015625 0.015625
0 0.3078125 0.4078125 0.015625 0.015625
18 0.43203125 0.41015625 0.0109375 0.0328125
18 0.37734375 0.4109375 0.0109375 0.0328125
18 0.325 0.41015625 0.0109375 0.0328125
0 0.2609375 0.60390625 0.03125 0.028125
18 0.2703125 0.40859375 0.0109375 0.0328125
18 0.2171875 0.409375 0.0109375 0.0328125
0 0.3609375 0.40625 0.015625 0.015625
18 0.1640625 0.41015625 0.0109375 0.0328125
18 0.11015625 0.41015625 0.0109375 0.0328125
0 0.09453125 0.40703125 0.015625 0.015625
0 0.2328125 0.52109375 0.03125 0.04375
0 0.25546875 0.40859375 0.015625 0.015625
18 0.2921875 0.59921875 0.0140625 0.0140625
18 0.2265625 0.5984375 0.0140625 0.0140625
0 0.2015625 0.4078125 0.015625 0.015625
31 0.2609375 0.5640625 0.01875 0.0296875
0 0.41875 0.40625 0.015625 0.015625
6 0.2109375 0.60234375 0.009375 0.015625
6 0.30859375 0.6015625 0.009375 0.015625