18 0.73203125 0.471875 0.00625 0.0125
18 0.615625 0.6703125 0.0125 0.028125
28 0.665625 0.54140625 0.0140625 0.025
0 0.74609375 0.69140625 0.021875 0.0265625
0 0.63984375 0.690625 0.021875 0.0265625
0 0.7 0.5140625 0.0328125 0.028125
25 0.68046875 0.540625 0.009375 0.025
6 0.73125 0.440625 0.009375 0.0125
18 0.70546875 0.46171875 0.00625 0.0125
18 0.6515625 0.66953125 0.0125 0.028125
18 0.7578125 0.6703125 0.0125 0.028125
0 0.62109375 0.540625 0.065625 0.028125
0 0.675 0.68984375 0.021875 0.0265625
0 0.56796875 0.4640625 0.009375 0.08125
18 0.72265625 0.6703125 0.0125 0.028125
0 0.603125 0.690625 0.021875 0.0265625
31 0.6796875 0.4875 0.021875 0.025
4 0.6796875 0.51328125 0.009375 0.021875
6 0.70390625 0.44140625 0.009375 0.0125
0 0.6953125 0.5453125 0.021875 0.0265625
0 0.71015625 0.6890625 0.021875 0.0265625
18 0.6875 0.6703125 0.0125 0.028125
0 0.64921875 0.48828125 0.040625 0.028125