18 0.08125 0.53828125 0.028125 0.065625
31 0.7609375 0.2828125 0.06875 0.0703125
21 0.83984375 0.2171875 0.025 0.0234375
18 0.7078125 0.5390625 0.025 0.065625
0 0.80234375 0.36015625 0.0328125 0.05
28 0.19140625 0.61640625 0.0296875 0.046875
28 0.74375 0.428125 0.03125 0.046875
4 0.77578125 0.36328125 0.01875 0.046875
0 0.22578125 0.54609375 0.0359375 0.0265625
0 0.7375 0.54453125 0.034375 0.025
5 0.3390625 0.41640625 0.03125 0.090625
25 0.775 0.4265625 0.0265625 0.0421875
18 0.89765625 0.5375 0.025 0.06875
0 0.92421875 0.54609375 0.0421875 0.028125
0 0.23671875 0.6109375 0.0609375 0.046875
18 0.33125 0.5390625 0.028125 0.06875
18 0.190625 0.5375 0.028125 0.065625
0 0.1125 0.54296875 0.0375 0.025
0 0.64921875 0.46796875 0.18125 0.025
21 0.69765625 0.215625 0.025 0.0234375
0 0.43046875 0.42734375 0.10625 0.084375
6 0.6671875 0.2109375 0.015625 0.0203125
0 0.8140625 0.28359375 0.046875 0.0265625
6 0.87109375 0.2109375 0.015625 0.021875
18 0.5203125 0.5390625 0.028125 0.065625
0 0.3671875 0.54375 0.0390625 0.025
0 0.82734375 0.421875 0.065625 0.053125
0 0.55234375 0.5453125 0.040625 0.0265625