25 0.1890625 0.140625 0.046875 0.046875
18 0.6875 0.6953125 0.0671875 0.028125
18 0.6875 0.5203125 0.0671875 0.028125
31 0.3671875 0.1515625 0.071875 0.0484375
0 0.7015625 0.6328125 0.1875 0.01875
21 0.1109375 0.14765625 0.05625 0.021875
0 0.703125 0.41953125 0.184375 0.0171875
18 0.68359375 0.39453125 0.0671875 0.028125
18 0.43125 0.35390625 0.0625 0.025
18 0.6875 0.61015625 0.0671875 0.028125
28 0.190625 0.196875 0.06875 0.034375
0 0.7046875 0.71953125 0.1890625 0.0203125
0 0.025 0.78828125 0.03125 0.2140625
0 0.16796875 0.3359375 0.184375 0.1359375
0 0.446875 0.16484375 0.075 0.0453125
0 0.7015625 0.54453125 0.1890625 0.01875
0 0.43046875 0.37578125 0.184375 0.01875
0 0.1078125 0.20625 0.06875 0.04375