4 0.553125 0.8734375 0.0203125 0.0390625
0 0.60078125 0.584375 0.05 0.0296875
25 0.55078125 0.65234375 0.0296875 0.0390625
0 0.6 0.41640625 0.075 0.0390625
25 0.55703125 0.5828125 0.0296875 0.0390625
0 0.53046875 0.31875 0.04375 0.0453125
0 0.48671875 0.56640625 0.103125 0.01875
0 0.53203125 0.13828125 0.0890625 0.025
15 0.67890625 0.66171875 0.021875 0.0234375
13 0.60703125 0.66171875 0.025 0.0265625
13 0.63046875 0.6609375 0.025 0.0265625
6 0.6390625 0.33125 0.021875 0.0265625
18 0.4984375 0.3671875 0.0359375 0.0234375
18 0.5859375 0.36875 0.0359375 0.0234375
21 0.559375 0.4265625 0.021875 0.0359375
0 0.5859375 0.31484375 0.034375 0.0453125
18 0.59921875 0.7234375 0.0375 0.025
18 0.6 0.8109375 0.0375 0.025
0 0.66953125 0.5296875 0.1265625 0.0328125
0 0.51328125 0.8640625 0.059375 0.0359375
0 0.63125 0.746875 0.0609375 0.05
0 0.59921875 0.84921875 0.0609375 0.05
13 0.65390625 0.6609375 0.025 0.0265625
0 0.459375 0.3828125 0.0578125 0.0421875
28 0.59765625 0.53515625 0.0375 0.04375
0 0.4875 0.51953125 0.109375 0.0203125
0 0.48046875 0.6421875 0.10625 0.021875
25 0.55859375 0.53671875 0.0296875 0.0390625