9 0.55625 0.5484375 0.05625 0.0453125
0 0.69921875 0.353125 0.0375 0.16875
28 0.71015625 0.5484375 0.0703125 0.075
18 0.46640625 0.54453125 0.04375 0.040625
0 0.3578125 0.74140625 0.0390625 0.175
0 0.36015625 0.2078125 0.040625 0.1703125
6 0.3234375 0.3265625 0.0328125 0.0453125
18 0.46328125 0.38828125 0.04375 0.040625
0 0.5578125 0.65078125 0.025 0.1375
2 0.60234375 0.478125 0.028125 0.0875
6 0.3234375 0.62734375 0.0296875 0.046875
0 0.3234375 0.73828125 0.025 0.1671875
9 0.55625 0.396875 0.0578125 0.046875
0 0.55859375 0.30234375 0.0203125 0.134375
0 0.4578125 0.66484375 0.04375 0.1625
0 0.46015625 0.2828125 0.0375 0.165625
18 0.36484375 0.61640625 0.0390625 0.040625
18 0.365625 0.31484375 0.0390625 0.0375
0 0.69609375 0.678125 0.096875 0.1875
0 0.3234375 0.2109375 0.0234375 0.1625
25 0.7078125 0.46875 0.05625 0.04375