0 0.68046875 0.2875 0.04375 0.025
0 0.68125 0.8515625 0.04375 0.0265625
0 0.68046875 0.4046875 0.04375 0.025
0 0.6046875 0.61953125 0.021875 0.028125
0 0.56328125 0.5078125 0.0234375 0.0234375
9 0.6109375 0.503125 0.0359375 0.0203125
0 0.6828125 0.521875 0.04375 0.025
18 0.7359375 0.83046875 0.0796875 0.025
0 0.68203125 0.76328125 0.04375 0.025
0 0.96171875 0.94375 0.046875 0.075
0 0.5875 0.596875 0.01875 0.028125
28 0.92890625 0.58046875 0.053125 0.03125
0 0.93203125 0.4765625 0.046875 0.175
0 0.5796875 0.5375 0.021875 0.025
18 0.7359375 0.74140625 0.0796875 0.025
0 0.68359375 0.58203125 0.04375 0.025
18 0.7375 0.38359375 0.0796875 0.025
18 0.73828125 0.1453125 0.0796875 0.025
18 0.73046875 0.265625 0.06875 0.025
18 0.734375 0.56328125 0.071875 0.025
18 0.7328125 0.503125 0.078125 0.028125
21 0.60625 0.58515625 0.0421875 0.01875
21 0.60625 0.52578125 0.0421875 0.01875
9 0.61015625 0.5625 0.0359375 0.0203125
0 0.68125 0.1640625 0.04375 0.025
0 0.61484375 0.671875 0.053125 0.0578125
0 0.578125 0.47890625 0.021875 0.0234375
0 0.56171875 0.56875 0.01875 0.021875