0 0.2625 0.28046875 0.04375 0.121875
4 0.23203125 0.3109375 0.01953125 0.15546875
0 0.15859375 0.2859375 0.04375 0.121875
4 0.54453125 0.3140625 0.01953125 0.15546875
4 0.65546875 0.3140625 0.01953125 0.15546875
4 0.43125 0.3140625 0.01953125 0.15546875
0 0.321875 0.678125 0.03046875 0.05546875
0 0.68671875 0.2890625 0.04375 0.121875
0 0.57578125 0.2890625 0.04375 0.121875
0 0.3546875 0.296875 0.04375 0.121875
4 0.3328125 0.3140625 0.01953125 0.15546875
0 0.459375 0.29453125 0.04375 0.121875
0 0.14453125 0.625 0.1171875 0.071875
21 0.2984375 0.675 0.01953125 0.1
4 0.12734375 0.3140625 0.01953125 0.15546875