0 0.7921875 0.8296875 0.0265625 0.0328125
18 0.63671875 0.8578125 0.0265625 0.0125
0 0.81796875 0.22734375 0.0265625 0.09375
18 0.8203125 0.3203125 0.059375 0.0125
0 0.59296875 0.24921875 0.03125 0.0328125
18 0.634375 0.553125 0.0265625 0.0125
0 0.59296875 0.18984375 0.03125 0.0328125
18 0.63359375 0.409375 0.0265625 0.0125
0 0.59296875 0.3453125 0.03125 0.0328125
18 0.63359375 0.596875 0.0265625 0.0125
0 0.80625 0.3 0.028125 0.034375
0 0.59140625 0.39375 0.03125 0.0328125
0 0.59296875 0.6265625 0.03125 0.0328125
0 0.59140625 0.29765625 0.03125 0.0328125
18 0.634375 0.265625 0.0265625 0.0125
0 0.59453125 0.93515625 0.03125 0.0328125
18 0.6359375 0.64453125 0.0265625 0.0125
18 0.6328125 0.3125 0.0265625 0.0125
0 0.59140625 0.53828125 0.03125 0.0328125
18 0.634375 0.71640625 0.0265625 0.0125
0 0.59140625 0.8421875 0.03125 0.0328125
18 0.63515625 0.5046875 0.0265625 0.0125
18 0.6328125 0.76328125 0.0265625 0.0125
2 0.77265625 0.79609375 0.09375 0.0828125
0 0.59375 0.69921875 0.03125 0.0328125
0 0.59140625 0.74765625 0.03125 0.0328125
0 0.59140625 0.79453125 0.03125 0.0328125
18 0.63359375 0.81171875 0.0265625 0.0125
18 0.6328125 0.45859375 0.0265625 0.0125
0 0.590625 0.4875 0.03125 0.0328125
0 0.79375 0.76171875 0.0265625 0.034375
0 0.59140625 0.4421875 0.03125 0.0328125
18 0.63515625 0.90625 0.0265625 0.0125
18 0.63515625 0.20625 0.0265625 0.0125
0 0.59140625 0.890625 0.03125 0.0328125
18 0.6328125 0.3609375 0.0265625 0.0125
18 0.63359375 0.9515625 0.0265625 0.0125
0 0.5921875 0.58203125 0.03125 0.0328125