0 0.9640625 0.7046875 0.05625 0.0265625
18 0.83359375 0.34140625 0.009375 0.0203125
0 0.78359375 0.41328125 0.01875 0.0140625
13 0.3265625 0.46484375 0.009375 0.0171875
18 0.2125 0.3421875 0.009375 0.021875
0 0.75859375 0.334375 0.025 0.021875
0 0.3875 0.4140625 0.01875 0.0140625
18 0.78828125 0.340625 0.009375 0.021875
0 0.91875 0.41328125 0.01875 0.0140625
18 0.25703125 0.3421875 0.009375 0.021875
0 0.296875 0.4140625 0.01875 0.0140625
0 0.64765625 0.4125 0.01875 0.0140625
25 0.396875 0.52890625 0.021875 0.03125
18 0.30234375 0.34140625 0.009375 0.021875
18 0.34609375 0.3421875 0.009375 0.021875
18 0.39375 0.3421875 0.009375 0.021875
0 0.36171875 0.334375 0.028125 0.021875
0 0.66640625 0.33515625 0.025 0.021875
18 0.878125 0.34140625 0.009375 0.021875
0 0.409375 0.33515625 0.021875 0.0203125
0 0.2078125 0.41484375 0.01875 0.0140625
28 0.56875 0.5234375 0.025 0.053125
18 0.92421875 0.34140625 0.009375 0.021875
0 0.3609375 0.6078125 0.059375 0.0328125
0 0.6921875 0.41484375 0.01875 0.0140625
28 0.3390625 0.52578125 0.021875 0.040625
18 0.6515625 0.340625 0.009375 0.021875
18 0.696875 0.34140625 0.009375 0.021875
18 0.7421875 0.340625 0.009375 0.021875
0 0.284375 0.51875 0.0703125 0.078125
15 0.3171875 0.46484375 0.009375 0.015625
0 0.503125 0.63671875 0.03125 0.0234375
0 0.89375 0.33515625 0.025 0.021875
25 0.396875 0.47109375 0.021875 0.03125
0 0.9390625 0.33515625 0.025 0.021875
31 0.4734375 0.6625 0.015625 0.01875
0 0.3171875 0.33515625 0.025 0.01875
0 0.6171875 0.51171875 0.075 0.078125
0 0.340625 0.41328125 0.01875 0.0140625
13 0.3453125 0.465625 0.009375 0.0171875
0 0.36953125 0.51875 0.03125 0.03125
0 0.45546875 0.63671875 0.0296875 0.0234375
0 0.59609375 0.60859375 0.034375 0.021875
0 0.803125 0.33515625 0.025 0.01875
0 0.36953125 0.46015625 0.03125 0.034375
0 0.228125 0.33515625 0.025 0.021875
31 0.49296875 0.66328125 0.015625 0.01875
13 0.3359375 0.46484375 0.009375 0.0171875
18 0.39921875 0.61328125 0.009375 0.0203125
0 0.7109375 0.33515625 0.025 0.021875
0 0.8484375 0.33515625 0.025 0.021875
0 0.83046875 0.4140625 0.00625 0.0140625
0 0.7375 0.41484375 0.01875 0.0140625
0 0.8734375 0.41484375 0.01875 0.0140625
18 0.57109375 0.6125 0.009375 0.0203125
0 0.2515625 0.41484375 0.01875 0.0140625