18 0.27265625 0.475 0.015625 0.0359375
0 0.41484375 0.83203125 0.0265625 0.2953125
13 0.85546875 0.48984375 0.0296875 0.046875
25 0.37734375 0.67421875 0.0515625 0.0671875
0 0.3125 0.58515625 0.0359375 0.08125
0 0.65390625 0.59375 0.0328125 0.046875
0 0.409375 0.05703125 0.0765625 0.028125
13 0.8546875 0.5875 0.0296875 0.046875
0 0.365625 0.575 0.021875 0.115625
0 0.24765625 0.525 0.040625 0.10625
4 0.64375 0.67578125 0.053125 0.034375
25 0.84140625 0.659375 0.053125 0.096875
31 0.3296875 0.653125 0.0328125 0.0421875
15 0.825 0.48671875 0.0296875 0.04375
13 0.8546875 0.53671875 0.0296875 0.046875
6 0.253125 0.4328125 0.01875 0.0265625
28 0.3796875 0.79296875 0.0453125 0.08125
0 0.83125 0.39609375 0.021875 0.1203125