0 0.2078125 0.1703125 0.0265625 0.0328125
18 0.36328125 0.1421875 0.0265625 0.0125
0 0.18203125 0.77265625 0.0265625 0.0953125
18 0.1796875 0.6796875 0.059375 0.0125
0 0.40703125 0.75078125 0.03125 0.0328125
18 0.365625 0.446875 0.0265625 0.0125
0 0.40703125 0.81015625 0.03125 0.0328125
18 0.36640625 0.590625 0.0265625 0.0125
0 0.40703125 0.6546875 0.03125 0.0328125
18 0.36640625 0.403125 0.0265625 0.0125
0 0.19375 0.7 0.028125 0.034375
0 0.40859375 0.60625 0.03125 0.0328125
0 0.40703125 0.3734375 0.03125 0.0328125
0 0.40859375 0.70234375 0.03125 0.0328125
18 0.365625 0.734375 0.0265625 0.0125
0 0.40546875 0.06484375 0.03125 0.0328125
18 0.3640625 0.35546875 0.0265625 0.0125
18 0.3671875 0.6875 0.0265625 0.0125
0 0.40859375 0.46171875 0.03125 0.0328125
18 0.365625 0.28359375 0.0265625 0.0125
0 0.40859375 0.1578125 0.03125 0.0328125
18 0.36484375 0.4953125 0.0265625 0.0125
18 0.3671875 0.23671875 0.0265625 0.0125
2 0.22734375 0.20390625 0.09375 0.0828125
0 0.40625 0.30078125 0.03125 0.0328125
0 0.40859375 0.25234375 0.03125 0.0328125
0 0.40859375 0.20546875 0.03125 0.0328125
18 0.36640625 0.18828125 0.0265625 0.0125
18 0.3671875 0.54140625 0.0265625 0.0125
0 0.409375 0.5125 0.03125 0.0328125
0 0.20625 0.23828125 0.0265625 0.034375
0 0.40859375 0.5578125 0.03125 0.0328125
18 0.36484375 0.09375 0.0265625 0.0125
18 0.36484375 0.79375 0.0265625 0.0125
0 0.40859375 0.109375 0.03125 0.0328125
18 0.3671875 0.6390625 0.0265625 0.0125
18 0.36640625 0.0484375 0.0265625 0.0125
0 0.4078125 0.41796875 0.03125 0.0328125