28 0.3640625 0.634375 0.0734375 0.03359375
0 0.45703125 0.71484375 0.053125 0.06484375
0 0.36875 0.90546875 0.02890625 0.08359375
4 0.46015625 0.6703125 0.06328125 0.021875
0 0.36015625 0.72578125 0.05546875 0.06875
28 0.36484375 0.17578125 0.0734375 0.0359375
25 0.3625 0.6765625 0.0609375 0.03359375
0 0.3578125 0.265625 0.04921875 0.071875
0 0.45625 0.44140625 0.021875 0.02421875
0 0.45546875 0.16875 0.0515625 0.06171875
0 0.4921875 0.496875 0.021875 0.03671875
0 0.49140625 0.390625 0.021875 0.03671875
31 0.51171875 0.4640625 0.04296875 0.03203125
25 0.3625 0.215625 0.065625 0.0328125
31 0.509375 0.41875 0.03671875 0.028125
0 0.35625 0.1015625 0.04921875 0.1
0 0.35703125 0.565625 0.059375 0.1015625
4 0.45703125 0.21171875 0.06328125 0.021875