7 0.51171875 0.4703125 0.053125 0.015625
0 0.5 0.1796875 0.0390625 0.028125
0 0.50078125 0.3171875 0.0375 0.028125
0 0.50234375 0.72734375 0.040625 0.028125
22 0.51171875 0.95703125 0.028125 0.0109375
0 0.50078125 0.24921875 0.040625 0.028125
0 0.50078125 0.1125 0.0390625 0.028125
0 0.66953125 0.96015625 0.01875 0.01875
0 0.50078125 0.58984375 0.040625 0.028125
0 0.50078125 0.9390625 0.040625 0.028125
0 0.50078125 0.86484375 0.0375 0.028125
0 0.50078125 0.521875 0.040625 0.028125
18 0.49375 0.54296875 0.05625 0.009375
0 0.5015625 0.384375 0.0390625 0.028125
18 0.49609375 0.0640625 0.05 0.009375
18 0.49765625 0.13359375 0.05 0.009375
0 0.49921875 0.6578125 0.040625 0.034375
18 0.4953125 0.40703125 0.0546875 0.009375
18 0.496875 0.88515625 0.05 0.009375
0 0.5015625 0.04375 0.0359375 0.028125
18 0.49453125 0.6109375 0.05625 0.0109375
18 0.49375 0.2703125 0.053125 0.0109375
18 0.49765625 0.7484375 0.0515625 0.009375
19 0.49921875 0.684375 0.059375 0.0203125
18 0.4953125 0.3390625 0.0546875 0.009375
7 0.5125 0.81171875 0.053125 0.015625
18 0.49453125 0.2015625 0.0578125 0.009375