18 0.39375 0.0359375 0.05 0.015625
0 0.3859375 0.01796875 0.009375 0.009375
0 0.38515625 0.60859375 0.009375 0.009375
0 0.3859375 0.67421875 0.009375 0.009375
0 0.35703125 0.66796875 0.025 0.03125
0 0.3578125 0.2078125 0.025 0.028125
0 0.38671875 0.478125 0.009375 0.009375
18 0.625 0.74296875 0.03125 0.0125
0 0.66796875 0.5234375 0.028125 0.06875
18 0.62421875 0.56875 0.03125 0.0125
18 0.7515625 0.56953125 0.03125 0.015625
0 0.6234375 0.5859375 0.0171875 0.01875
0 0.3578125 0.0765625 0.028125 0.028125
18 0.39453125 0.559375 0.046875 0.015625
18 0.39296875 0.1 0.0453125 0.0140625
18 0.3921875 0.16484375 0.046875 0.0140625
18 0.39296875 0.29609375 0.04375 0.0140625
18 0.3921875 0.3625 0.04375 0.015625
18 0.39296875 0.425 0.046875 0.0140625
18 0.39375 0.23046875 0.0484375 0.015625
18 0.39453125 0.49453125 0.0484375 0.0140625
18 0.39296875 0.625 0.0484375 0.0140625
18 0.39375 0.69140625 0.05 0.015625
18 0.39375 0.7546875 0.0515625 0.015625
18 0.39375 0.8234375 0.05 0.0140625
18 0.39375 0.88828125 0.05 0.015625
0 0.38671875 0.7390625 0.009375 0.009375
0 0.3578125 0.403125 0.0265625 0.028125
18 0.39453125 0.94765625 0.0484375 0.0140625
0 0.359375 0.01484375 0.0265625 0.0296875
2 0.5859375 0.66015625 0.028125 0.0390625
28 0.68046875 0.5734375 0.046875 0.0265625
0 0.3578125 0.92421875 0.025 0.0296875
0 0.38515625 0.27734375 0.009375 0.009375
0 0.3859375 0.08046875 0.009375 0.009375
0 0.62578125 0.725 0.0125 0.015625
0 0.359375 0.27265625 0.028125 0.028125
0 0.3859375 0.5453125 0.009375 0.009375
0 0.359375 0.471875 0.025 0.028125
0 0.3859375 0.21015625 0.009375 0.009375
0 0.3859375 0.8703125 0.009375 0.009375
0 0.3859375 0.1453125 0.009375 0.009375
0 0.753125 0.5859375 0.015625 0.01875
0 0.38671875 0.34375 0.009375 0.009375
0 0.3578125 0.3390625 0.025 0.028125
0 0.48046875 0.96953125 0.015625 0.0421875
0 0.3578125 0.80078125 0.0265625 0.028125
0 0.3859375 0.40703125 0.009375 0.009375
0 0.3578125 0.6015625 0.0265625 0.028125
0 0.35859375 0.1421875 0.028125 0.028125
0 0.38671875 0.9328125 0.009375 0.009375
0 0.35859375 0.865625 0.0265625 0.028125
0 0.3578125 0.53671875 0.025 0.0296875
0 0.3859375 0.80390625 0.009375 0.009375
0 0.35703125 0.73125 0.025 0.0296875