18 0.55703125 0.6796875 0.0203125 0.05234375
0 0.74140625 0.63203125 0.0359375 0.06328125
0 0.3875 0.628125 0.0359375 0.06328125
18 0.48359375 0.68359375 0.01796875 0.05
0 0.03828125 0.6265625 0.0359375 0.06328125
18 0.75703125 0.678125 0.01796875 0.05
18 0.6265625 0.68125 0.01796875 0.05
0 0.5375 0.628125 0.0359375 0.06328125
18 0.82578125 0.6796875 0.01796875 0.05
0 0.2453125 0.62890625 0.0359375 0.06328125
18 0.6984375 0.6796875 0.01796875 0.05
0 0.31484375 0.63046875 0.0359375 0.06328125
0 0.6125 0.62890625 0.0359375 0.06328125
0 0.175 0.63046875 0.0359375 0.06328125
0 0.1046875 0.63046875 0.0359375 0.06328125
18 0.19453125 0.678125 0.01796875 0.05
0 0.6828125 0.62890625 0.0359375 0.06328125
18 0.26484375 0.68125 0.01796875 0.05
0 0.46796875 0.63125 0.0359375 0.06328125
0 0.24140625 0.83046875 0.15703125 0.028125
18 0.125 0.6796875 0.01796875 0.05
18 0.05703125 0.67734375 0.01796875 0.05
0 0.80703125 0.628125 0.0359375 0.06328125
18 0.33515625 0.6796875 0.01796875 0.05
18 0.40546875 0.678125 0.01796875 0.05