0 0.50078125 0.38125 0.0171875 0.0296875
0 0.5015625 0.24375 0.01875 0.0296875
0 0.5015625 0.42734375 0.0171875 0.0296875
0 0.47421875 0.371875 0.009375 0.009375
0 0.50078125 0.7453125 0.0171875 0.0296875
0 0.5015625 0.69921875 0.0171875 0.0296875
0 0.5015625 0.88125 0.015625 0.0296875
0 0.5015625 0.15234375 0.0171875 0.0296875
0 0.5015625 0.28984375 0.01875 0.0296875
0 0.50078125 0.10703125 0.0171875 0.0296875
0 0.5015625 0.8359375 0.0171875 0.0296875
0 0.475 0.3265625 0.009375 0.009375
0 0.5015625 0.0625 0.0171875 0.0296875
0 0.50078125 0.56171875 0.015625 0.0296875
7 0.48984375 0.3765625 0.0125 0.00625
0 0.50078125 0.6078125 0.0171875 0.0296875
0 0.4734375 0.41796875 0.009375 0.009375
7 0.4890625 0.33046875 0.0125 0.00625
0 0.5015625 0.5171875 0.015625 0.0296875
0 0.38125 0.940625 0.009375 0.03125
0 0.5015625 0.334375 0.015625 0.0296875
0 0.5015625 0.19765625 0.01875 0.0296875
0 0.50078125 0.65390625 0.015625 0.0296875
18 0.4875 0.365625 0.021875 0.009375
18 0.48671875 0.4109375 0.0203125 0.0125
18 0.48515625 0.4578125 0.021875 0.0125
18 0.48515625 0.5015625 0.021875 0.0125
18 0.4859375 0.5484375 0.021875 0.0125
18 0.4859375 0.59296875 0.021875 0.0125
18 0.4859375 0.6390625 0.021875 0.0125
18 0.48671875 0.68515625 0.021875 0.0125
18 0.48671875 0.7296875 0.021875 0.0125
18 0.48671875 0.775 0.021875 0.0125
18 0.48671875 0.821875 0.021875 0.0125
18 0.48671875 0.86640625 0.0234375 0.0125
18 0.48671875 0.91171875 0.021875 0.0125
18 0.4875 0.9578125 0.021875 0.0125
18 0.48515625 0.31953125 0.025 0.0125
18 0.48515625 0.27421875 0.025 0.0125
18 0.48515625 0.228125 0.025 0.0125
18 0.4859375 0.1828125 0.025 0.0125
18 0.48515625 0.13828125 0.0265625 0.0125
0 0.50078125 0.9734375 0.0171875 0.0296875
18 0.48515625 0.09140625 0.025 0.0125
18 0.4859375 0.046875 0.025 0.0125
0 0.5015625 0.471875 0.0171875 0.0296875
0 0.50078125 0.790625 0.0171875 0.0296875
0 0.5015625 0.92734375 0.0171875 0.0296875
7 0.4890625 0.421875 0.0125 0.00625