0 0.61875 0.50078125 0.0296875 0.0171875
0 0.75625 0.5015625 0.0296875 0.01875
0 0.57265625 0.5015625 0.0296875 0.0171875
0 0.628125 0.47421875 0.009375 0.009375
0 0.2546875 0.50078125 0.0296875 0.0171875
0 0.30078125 0.5015625 0.0296875 0.0171875
0 0.11875 0.5015625 0.0296875 0.015625
0 0.84765625 0.5015625 0.0296875 0.0171875
0 0.71015625 0.5015625 0.0296875 0.01875
0 0.89296875 0.50078125 0.0296875 0.0171875
0 0.1640625 0.5015625 0.0296875 0.0171875
0 0.6734375 0.475 0.009375 0.009375
0 0.9375 0.5015625 0.0296875 0.0171875
0 0.43828125 0.50078125 0.0296875 0.015625
7 0.6234375 0.48984375 0.00625 0.0125
0 0.3921875 0.50078125 0.0296875 0.0171875
0 0.58203125 0.4734375 0.009375 0.009375
7 0.66953125 0.4890625 0.00625 0.0125
0 0.4828125 0.5015625 0.0296875 0.015625
0 0.059375 0.38125 0.03125 0.009375
0 0.665625 0.5015625 0.0296875 0.015625
0 0.80234375 0.5015625 0.0296875 0.01875
0 0.34609375 0.50078125 0.0296875 0.015625
18 0.634375 0.4875 0.009375 0.021875
18 0.5890625 0.48671875 0.0125 0.0203125
18 0.5421875 0.48515625 0.0125 0.021875
18 0.4984375 0.48515625 0.0125 0.021875
18 0.4515625 0.4859375 0.0125 0.021875
18 0.40703125 0.4859375 0.0125 0.021875
18 0.3609375 0.4859375 0.0125 0.021875
18 0.31484375 0.48671875 0.0125 0.021875
18 0.2703125 0.48671875 0.0125 0.021875
18 0.225 0.48671875 0.0125 0.021875
18 0.178125 0.48671875 0.0125 0.021875
18 0.13359375 0.48671875 0.0125 0.021875
18 0.08828125 0.48671875 0.0125 0.021875
18 0.0421875 0.4875 0.0125 0.021875
18 0.68046875 0.48515625 0.0125 0.025
18 0.72578125 0.48515625 0.0125 0.025
18 0.771875 0.48515625 0.0125 0.025
18 0.8171875 0.4859375 0.0125 0.025
18 0.86171875 0.48515625 0.0125 0.025
0 0.0265625 0.50078125 0.0296875 0.0171875
18 0.90859375 0.48515625 0.0125 0.025
18 0.953125 0.4859375 0.0125 0.025
0 0.528125 0.5015625 0.0296875 0.0171875
0 0.209375 0.50078125 0.0296875 0.0171875
0 0.07265625 0.5015625 0.0296875 0.0171875
7 0.578125 0.4890625 0.00625 0.0125