25 0.5453125 0.29296875 0.1015625 0.04765625
24 0.146875 0.171875 0.16015625 0.0484375
0 0.7015625 0.38671875 0.17109375 0.05859375
0 0.4515625 0.52265625 0.13203125 0.06015625
18 0.453125 0.62421875 0.0421875 0.0484375
28 0.43359375 0.29609375 0.0953125 0.06171875
13 0.19765625 0.121875 0.0359375 0.0359375
0 0.21640625 0.31171875 0.31796875 0.12109375
25 0.54609375 0.35078125 0.1015625 0.04765625
13 0.25234375 0.121875 0.0359375 0.0359375
0 0.34375 0.63203125 0.128125 0.05703125
31 0.57578125 0.5 0.0734375 0.08125
0 0.8375 0.81171875 0.24140625 0.034375
6 0.4671875 0.690625 0.06953125 0.04765625
0 0.7109375 0.2890625 0.1859375 0.05546875
4 0.5390625 0.1359375 0.04453125 0.0515625
13 0.31171875 0.121875 0.0359375 0.0359375
0 0.43046875 0.14375 0.13515625 0.05546875
15 0.1015625 0.12421875 0.03046875 0.03046875