0 0.72421875 0.34453125 0.11875 0.1125
18 0.60390625 0.45859375 0.065625 0.0265625
6 0.3796875 0.5125 0.0375 0.025
0 0.71484375 0.78203125 0.1109375 0.1171875
18 0.6015625 0.6734375 0.065625 0.0265625
0 0.42421875 0.678125 0.021875 0.0453125
0 0.58828125 0.41171875 0.0296875 0.065625
0 0.42109375 0.471875 0.021875 0.05
0 0.53203125 0.59296875 0.04375 0.0359375
0 0.53515625 0.55546875 0.04375 0.034375
0 0.82421875 0.9546875 0.025 0.046875
31 0.48046875 0.5546875 0.065625 0.03125
18 0.428125 0.50703125 0.0359375 0.01875
0 0.37890625 0.47578125 0.025 0.04375
6 0.38046875 0.6359375 0.034375 0.028125
18 0.42734375 0.6296875 0.0359375 0.01875
0 0.37890625 0.67265625 0.0203125 0.04375
28 0.72265625 0.69765625 0.059375 0.0328125
25 0.721875 0.45390625 0.0546875 0.025
28 0.7234375 0.4234375 0.0625 0.0328125
0 0.5875 0.72421875 0.03125 0.071875
25 0.721875 0.6671875 0.05625 0.0203125
31 0.48203125 0.5953125 0.065625 0.034375