0 0.45 0.46484375 0.1671875 0.1
18 0.36875 0.784375 0.025 0.06875
0 0.40234375 0.19765625 0.05625 0.040625
0 0.18046875 0.57265625 0.2625 0.103125
0 0.93359375 0.94609375 0.084375 0.0453125
25 0.3515625 0.41484375 0.078125 0.0984375
29 0.58828125 0.76015625 0.025 0.08125
31 0.3203125 0.2296875 0.0625 0.071875
0 0.509375 0.71640625 0.034375 0.05
0 0.40546875 0.75546875 0.053125 0.0515625
28 0.275 0.421875 0.065625 0.125
18 0.46171875 0.74609375 0.028125 0.065625
8 0.45703125 0.86640625 0.084375 0.0296875