0 0.375 0.6515625 0.171875 0.040625
0 0.8140625 0.78203125 0.084375 0.115625
0 0.3609375 0.85546875 0.171875 0.040625
4 0.41640625 0.57421875 0.20625 0.01875
0 0.375 0.434375 0.171875 0.040625
4 0.41640625 0.24140625 0.20625 0.01875
4 0.41640625 0.7734375 0.20625 0.01875
4 0.41953125 0.68046875 0.2 0.01875
21 0.89140625 0.50859375 0.121875 0.015625
0 0.896875 0.48671875 0.065625 0.03125
4 0.41953125 0.3515625 0.2 0.01875
0 0.375 0.32578125 0.171875 0.040625
4 0.4109375 0.884375 0.2 0.01875
4 0.425 0.46328125 0.20625 0.01875
4 0.41640625 0.1328125 0.20625 0.01875
0 0.371875 0.10390625 0.171875 0.040625
0 0.36953125 0.7515625 0.171875 0.040625
0 0.371875 0.546875 0.171875 0.040625
0 0.375 0.21484375 0.171875 0.040625