18 0.3 0.70859375 0.009375 0.0171875
6 0.65546875 0.76328125 0.009375 0.00625
28 0.52578125 0.7984375 0.015625 0.0078125
18 0.23125 0.70859375 0.009375 0.01875
18 0.58359375 0.8 0.0125 0.00625
0 0.5640625 0.809375 0.0046875 0.0140625
19 0.54921875 0.70625 0.0140625 0.01875
9 0.56328125 0.8 0.0140625 0.00625
18 0.3171875 0.70859375 0.009375 0.0171875
18 0.584375 0.78203125 0.0125 0.00625
8 0.62421875 0.6578125 0.015625 0.00625
0 0.63125 0.671875 0.00625 0.009375
0 0.434375 0.69140625 0.0078125 0.0140625
18 0.6375 0.8171875 0.009375 0.0046875
0 0.2453125 0.68125 0.009375 0.0390625
18 0.4359375 0.7078125 0.009375 0.015625
18 0.63828125 0.76484375 0.009375 0.0046875
19 0.46875 0.70625 0.0140625 0.01875
21 0.6234375 0.6734375 0.00625 0.0078125
18 0.53046875 0.70703125 0.009375 0.015625
0 0.64296875 0.7609375 0.015625 0.0046875
18 0.5765625 0.703125 0.009375 0.025
0 0.54453125 0.69140625 0.0078125 0.0140625
0 0.61875 0.6484375 0.0078125 0.009375
18 0.334375 0.70859375 0.009375 0.01875
0 0.29609375 0.68125 0.009375 0.0390625
6 0.6546875 0.81640625 0.009375 0.0078125
0 0.628125 0.76640625 0.0140625 0.0046875
18 0.284375 0.70859375 0.009375 0.0171875
28 0.3625 0.67734375 0.015625 0.009375
0 0.5640625 0.7703125 0.0046875 0.0140625
0 0.41796875 0.69140625 0.0078125 0.0140625
0 0.6140625 0.6640625 0.00625 0.009375
18 0.45234375 0.7078125 0.009375 0.015625
0 0.33046875 0.68046875 0.009375 0.0390625
18 0.5015625 0.7078125 0.009375 0.015625
0 0.62734375 0.81875 0.0109375 0.003125
18 0.26640625 0.70859375 0.009375 0.0171875
18 0.24921875 0.709375 0.009375 0.01875
0 0.20234375 0.825 0.0125 0.025
0 0.6359375 0.64765625 0.00625 0.009375
0 0.49765625 0.6921875 0.0078125 0.0140625
0 0.38359375 0.69296875 0.0078125 0.0140625
18 0.40390625 0.70859375 0.009375 0.015625
18 0.51640625 0.7078125 0.009375 0.0171875
0 0.57109375 0.684375 0.0078125 0.0125
0 0.52734375 0.6921875 0.0078125 0.0140625
0 0.31328125 0.68046875 0.009375 0.0390625
0 0.59140625 0.81171875 0.0125 0.015625
0 0.46484375 0.69140625 0.0078125 0.0140625
0 0.59921875 0.6484375 0.00625 0.009375
0 0.59140625 0.771875 0.0125 0.015625
8 0.6421875 0.6578125 0.015625 0.00625
0 0.278125 0.68046875 0.009375 0.0390625
0 0.22734375 0.68125 0.009375 0.0390625
0 0.48125 0.6921875 0.0078125 0.0140625
18 0.3859375 0.70859375 0.009375 0.015625
0 0.51328125 0.69140625 0.0078125 0.0140625
0 0.52265625 0.78125 0.0203125 0.025
9 0.56328125 0.78203125 0.0125 0.00625
18 0.41953125 0.70859375 0.009375 0.015625
0 0.64375 0.81328125 0.015625 0.003125
8 0.60546875 0.65703125 0.015625 0.00625
18 0.484375 0.70859375 0.009375 0.01875
0 0.4 0.6921875 0.0078125 0.0140625
0 0.353125 0.6890625 0.015625 0.0328125
0 0.44765625 0.69140625 0.0078125 0.0140625
0 0.26171875 0.68125 0.009375 0.0390625