0 0.409375 0.5625 0.03125 0.03125
28 0.40859375 0.5390625 0.0265625 0.01875
25 0.409375 0.52578125 0.01875 0.009375
18 0.46484375 0.771875 0.0171875 0.00625
0 0.46953125 0.49296875 0.01875 0.009375
18 0.465625 0.540625 0.0171875 0.00625
18 0.29921875 0.5546875 0.0171875 0.00625
0 0.359375 0.48203125 0.009375 0.0140625
18 0.465625 0.81328125 0.0171875 0.00625
18 0.465625 0.7328125 0.0171875 0.00625
18 0.29921875 0.49375 0.0171875 0.00625
18 0.465625 0.42421875 0.0171875 0.00625
0 0.46796875 0.3390625 0.01875 0.009375
18 0.465625 0.5015625 0.0171875 0.00625
9 0.3703125 0.55390625 0.01875 0.00625
0 0.46796875 0.378125 0.01875 0.009375
0 0.4671875 0.56953125 0.01875 0.009375
0 0.46875 0.725 0.01875 0.009375
0 0.3046875 0.54453125 0.0171875 0.0125
0 0.30390625 0.484375 0.01875 0.0140625
0 0.46796875 0.60859375 0.01875 0.009375
18 0.46484375 0.65546875 0.0171875 0.00625
18 0.46484375 0.46015625 0.0171875 0.00625
2 0.38046875 0.525 0.0125 0.0125
0 0.46796875 0.8046875 0.01875 0.009375
9 0.36953125 0.49375 0.01875 0.00625
0 0.46796875 0.68671875 0.01875 0.009375
0 0.4671875 0.45078125 0.01875 0.009375
0 0.359375 0.565625 0.009375 0.0125
0 0.29609375 0.34765625 0.01875 0.046875
0 0.46796875 0.41328125 0.01875 0.009375
0 0.4671875 0.64609375 0.01875 0.009375
0 0.46796875 0.76328125 0.01875 0.009375
18 0.46484375 0.61640625 0.0171875 0.00625
0 0.4671875 0.5328125 0.01875 0.009375
18 0.465625 0.578125 0.0171875 0.00625
18 0.465625 0.3859375 0.0171875 0.00625
18 0.46484375 0.346875 0.0171875 0.00625
18 0.46484375 0.69375 0.0171875 0.00625