18 0.55390625 0.7625 0.0125 0.109375
0 0.11875 0.759375 0.025 0.0453125
18 0.403125 0.75859375 0.0125 0.1015625
0 0.6484375 0.759375 0.025 0.0453125
0 0.3453125 0.76015625 0.025 0.0453125
2 0.81640625 0.7078125 0.0328125 0.03125
0 0.1953125 0.76015625 0.025 0.0453125
0 0.2703125 0.75859375 0.025 0.0453125
0 0.87578125 0.89609375 0.028125 0.028125
25 0.81328125 0.778125 0.03125 0.0671875
0 0.78515625 0.765625 0.0203125 0.025
0 0.575 0.75859375 0.025 0.0453125
18 0.7046875 0.76484375 0.0125 0.109375
18 0.63046875 0.76015625 0.0125 0.109375
18 0.77578125 0.671875 0.0125 0.084375
18 0.85078125 0.67421875 0.0125 0.084375
0 0.8390625 0.5671875 0.025 0.065625
28 0.84921875 0.78359375 0.015625 0.0484375
0 0.496875 0.75859375 0.025 0.0453125
18 0.478125 0.76015625 0.0125 0.109375
18 0.32578125 0.7609375 0.0125 0.109375
0 0.79140625 0.5671875 0.025 0.065625
0 0.72421875 0.76015625 0.025 0.0453125
18 0.175 0.7609375 0.0125 0.109375
18 0.09921875 0.7609375 0.0125 0.1078125
0 0.42109375 0.75703125 0.025 0.0453125
18 0.25078125 0.75859375 0.0125 0.1015625