0 0.49921875 0.61875 0.0171875 0.0296875
0 0.4984375 0.75625 0.01796875 0.0296875
0 0.4984375 0.57265625 0.0171875 0.0296875
0 0.52578125 0.628125 0.00859375 0.009375
0 0.49921875 0.2546875 0.0171875 0.0296875
0 0.4984375 0.30078125 0.0171875 0.0296875
0 0.4984375 0.11875 0.01640625 0.0296875
0 0.4984375 0.84765625 0.0171875 0.0296875
0 0.4984375 0.71015625 0.01796875 0.0296875
0 0.49921875 0.89296875 0.0171875 0.0296875
0 0.4984375 0.1640625 0.0171875 0.0296875
0 0.525 0.6734375 0.00859375 0.009375
0 0.4984375 0.9375 0.0171875 0.0296875
0 0.49921875 0.43828125 0.01640625 0.0296875
7 0.51015625 0.6234375 0.01171875 0.00546875
0 0.49921875 0.3921875 0.0171875 0.0296875
0 0.5265625 0.58203125 0.00859375 0.009375
7 0.5109375 0.66953125 0.01171875 0.00546875
0 0.4984375 0.4828125 0.01640625 0.0296875
0 0.61875 0.059375 0.009375 0.03125
0 0.4984375 0.665625 0.01640625 0.0296875
0 0.4984375 0.80234375 0.01796875 0.0296875
0 0.49921875 0.34609375 0.015625 0.0296875
18 0.5125 0.634375 0.02109375 0.01015625
18 0.51328125 0.5890625 0.0203125 0.01171875
18 0.51484375 0.5421875 0.02265625 0.01171875
18 0.51484375 0.4984375 0.02265625 0.01171875
18 0.5140625 0.4515625 0.02265625 0.01171875
18 0.5140625 0.40703125 0.02265625 0.01171875
18 0.5140625 0.3609375 0.02265625 0.01171875
18 0.51328125 0.31484375 0.02265625 0.01171875
18 0.51328125 0.2703125 0.02265625 0.01171875
18 0.51328125 0.225 0.02265625 0.01171875
18 0.51328125 0.178125 0.02265625 0.01171875
18 0.51328125 0.13359375 0.02265625 0.01171875
18 0.51328125 0.08828125 0.02265625 0.01171875
18 0.5125 0.0421875 0.02265625 0.01171875
18 0.51484375 0.68046875 0.02578125 0.01171875
18 0.51484375 0.72578125 0.02578125 0.01171875
18 0.51484375 0.771875 0.02578125 0.01171875
18 0.5140625 0.8171875 0.02578125 0.01171875
18 0.51484375 0.86171875 0.02578125 0.01171875
0 0.49921875 0.0265625 0.0171875 0.0296875
18 0.51484375 0.90859375 0.02578125 0.01171875
18 0.5140625 0.953125 0.02578125 0.01171875
0 0.4984375 0.528125 0.0171875 0.0296875
0 0.49921875 0.209375 0.0171875 0.0296875
0 0.4984375 0.07265625 0.0171875 0.0296875
7 0.5109375 0.578125 0.01171875 0.00546875