0 0.42734375 0.44140625 0.0453125 0.03984375
0 0.05078125 0.721875 0.0453125 0.06171875
0 0.1859375 0.35234375 0.103125 0.26875
0 0.80390625 0.55703125 0.10859375 0.12734375
0 0.4109375 0.3328125 0.1015625 0.128125
9 0.44296875 0.63046875 0.11953125 0.03828125
9 0.446875 0.45390625 0.11484375 0.0453125
18 0.66171875 0.46015625 0.07265625 0.03671875
18 0.6625 0.63515625 0.07265625 0.03671875
18 0.76484375 0.396875 0.06171875 0.02890625
18 0.76640625 0.6890625 0.06171875 0.02890625
0 0.66875 0.70625 0.11015625 0.11875
2 0.37109375 0.54296875 0.046875 0.0640625
28 0.1890625 0.53671875 0.103125 0.06171875
6 0.853125 0.38828125 0.03515625 0.028125
0 0.6671875 0.36875 0.10703125 0.13359375
6 0.8515625 0.69453125 0.03046875 0.02421875
0 0.42421875 0.71484375 0.10234375 0.1015625
0 0.425 0.6125 0.0515625 0.0375
0 0.7921875 0.31328125 0.1046875 0.1296875