0 0.7375 0.71953125 0.04375 0.121875
4 0.76796875 0.6890625 0.01875 0.15625
0 0.84140625 0.7140625 0.04375 0.121875
4 0.45546875 0.6859375 0.01875 0.15625
4 0.34453125 0.6859375 0.0203125 0.15625
4 0.56875 0.6859375 0.01875 0.15625
0 0.678125 0.321875 0.03125 0.05625
0 0.31328125 0.7109375 0.04375 0.121875
0 0.42421875 0.7109375 0.04375 0.121875
0 0.6453125 0.703125 0.04375 0.121875
4 0.6671875 0.6859375 0.01875 0.15625
0 0.540625 0.70546875 0.04375 0.121875
0 0.85546875 0.375 0.1171875 0.071875
21 0.7015625 0.325 0.01875 0.1
4 0.87265625 0.6859375 0.01875 0.15625