0 0.89453125 0.33359375 0.0484375 0.0140625
0 0.853125 0.59296875 0.0171875 0.0140625
18 0.88984375 0.5890625 0.009375 0.03125
31 0.73828125 0.4359375 0.01875 0.028125
18 0.8359375 0.58828125 0.009375 0.03125
0 0.6921875 0.5921875 0.0171875 0.0140625
0 0.90546875 0.59375 0.0171875 0.0140625
18 0.70703125 0.4 0.0125 0.0140625
6 0.78828125 0.39765625 0.009375 0.015625
18 0.77265625 0.4015625 0.0125 0.0140625
0 0.7390625 0.396875 0.03125 0.03125
0 0.74453125 0.5921875 0.0171875 0.0140625
0 0.7984375 0.59296875 0.0171875 0.0140625
18 0.62265625 0.590625 0.009375 0.03125
0 0.58203125 0.59375 0.0171875 0.0140625
18 0.56875 0.58984375 0.009375 0.03125
18 0.74296875 0.48125 0.0125 0.03125
0 0.7671875 0.4796875 0.03125 0.040625
18 0.67578125 0.5890625 0.009375 0.03125
6 0.690625 0.3984375 0.009375 0.015625
18 0.728125 0.58984375 0.009375 0.03125
18 0.78203125 0.58984375 0.009375 0.03125
0 0.6375 0.59375 0.0171875 0.0140625