0 0.5359375 0.43046875 0.0390625 0.0484375
0 0.5328125 0.57890625 0.0453125 0.05
18 0.43828125 0.63359375 0.08125 0.034375
18 0.43984375 0.3953125 0.08125 0.034375
5 0.5890625 0.859375 0.078125 0.05
25 0.290625 0.39296875 0.071875 0.0421875
0 0.42734375 0.15546875 0.06875 0.084375
0 0.42578125 0.31875 0.1125 0.1265625
0 0.05859375 0.50859375 0.034375 0.05
0 0.24609375 0.71171875 0.221875 0.09375
0 0.425 0.6984375 0.1140625 0.1234375
28 0.28984375 0.43359375 0.0734375 0.040625
0 0.24765625 0.31796875 0.215625 0.0875
5 0.5890625 0.15390625 0.08125 0.046875
0 0.44921875 0.8671875 0.075 0.0875
31 0.59140625 0.41875 0.078125 0.06875
31 0.596875 0.58984375 0.075 0.08125
28 0.28984375 0.6671875 0.071875 0.0375
25 0.29375 0.628125 0.078125 0.040625