0 0.8328125 0.303125 0.06875 0.01875
28 0.81953125 0.4359375 0.01875 0.028125
18 0.6765625 0.4203125 0.0125 0.0265625
4 0.834375 0.48515625 0.015625 0.0390625
18 0.6390625 0.41953125 0.0125 0.0265625
0 0.60703125 0.40546875 0.028125 0.0546875
18 0.5953125 0.4203125 0.0125 0.0265625
0 0.79921875 0.4609375 0.0375 0.03125
0 0.68984375 0.40546875 0.025 0.0546875
0 0.65078125 0.40703125 0.025 0.0546875
25 0.83515625 0.4359375 0.015625 0.034375
0 0.81328125 0.4859375 0.0265625 0.0234375
18 0.7171875 0.42109375 0.0125 0.0265625
0 0.81328125 0.525 0.015625 0.0125
0 0.72734375 0.40625 0.025 0.0546875
18 0.753125 0.42109375 0.0125 0.0265625
18 0.5421875 0.42265625 0.0125 0.0265625
0 0.7578125 0.40390625 0.015625 0.0546875
0 0.55546875 0.40625 0.028125 0.0546875
31 0.83046875 0.5421875 0.015625 0.034375