6 0.38984375 0.5453125 0.0421875 0.04296875
0 0.23125 0.3921875 0.0359375 0.05703125
0 0.39296875 0.6453125 0.20234375 0.0359375
0 0.42890625 0.20078125 0.0921875 0.0625
0 0.40859375 0.51171875 0.04453125 0.03125
0 0.259375 0.49140625 0.059375 0.03359375
0 0.27578125 0.39140625 0.040625 0.05859375
25 0.34453125 0.16171875 0.0734375 0.05078125
0 0.175 0.5125 0.05078125 0.02890625
0 0.48125 0.30078125 0.1515625 0.0703125
4 0.3015625 0.45 0.0359375 0.06640625
0 0.4109375 0.09609375 0.0890625 0.0625
0 0.09453125 0.51171875 0.04453125 0.02734375
0 0.20703125 0.1046875 0.2234375 0.03515625
0 0.33671875 0.5125 0.053125 0.02890625
25 0.34453125 0.24453125 0.0734375 0.05078125
31 0.22109375 0.5296875 0.04609375 0.046875
31 0.2875 0.52890625 0.04609375 0.046875
18 0.1875 0.5359375 0.0484375 0.02734375
28 0.34921875 0.20703125 0.04375 0.04140625
6 0.11328125 0.54453125 0.0421875 0.04296875
18 0.3203125 0.5390625 0.03203125 0.03359375
28 0.34453125 0.11875 0.04375 0.04140625
4 0.20703125 0.45234375 0.0359375 0.06640625