0 0.37421875 0.39140625 0.075 0.0578125
31 0.46796875 0.6 0.10234375 0.034375
6 0.61875 0.60625 0.02109375 0.0234375
0 0.55234375 0.59453125 0.0578125 0.0578125
25 0.46328125 0.390625 0.04921875 0.04765625
0 0.52109375 0.4375 0.05078125 0.03671875
28 0.42578125 0.44453125 0.02578125 0.03671875
25 0.4640625 0.44609375 0.04921875 0.04765625
0 0.31796875 0.175 0.02890625 0.0328125
12 0.5296875 0.515625 0.0875 0.03828125
4 0.5515625 0.55546875 0.03984375 0.0234375
0 0.36171875 0.4546875 0.09921875 0.0625
0 0.39140625 0.6140625 0.03203125 0.01796875
18 0.4578125 0.18984375 0.02734375 0.06953125
0 0.55 0.38359375 0.12578125 0.03984375
0 0.4953125 0.21875 0.05390625 0.04140625
14 0.4265625 0.390625 0.02578125 0.034375
0 0.59375 0.471875 0.0859375 0.059375