0 0.165625 0.34140625 0.05625 0.16875
18 0.40546875 0.34140625 0.0265625 0.1171875
18 0.30234375 0.33828125 0.025 0.1171875
0 0.684375 0.34453125 0.05625 0.16875
18 0.7171875 0.33828125 0.025 0.13125
18 0.6140625 0.33828125 0.025 0.13125
0 0.27109375 0.34140625 0.05625 0.16875
0 0.371875 0.34140625 0.05625 0.16875
0 0.471875 0.34296875 0.05625 0.16875
18 0.509375 0.34609375 0.025 0.13125
0 0.5828125 0.34140625 0.05625 0.16875
0 0.97265625 0.03359375 0.040625 0.046875
18 0.19921875 0.33359375 0.025 0.13125