25 0.4546875 0.70703125 0.1015625 0.046875
24 0.853125 0.828125 0.159375 0.0484375
0 0.2984375 0.61328125 0.171875 0.059375
0 0.5484375 0.47734375 0.13125 0.059375
18 0.546875 0.37578125 0.0421875 0.0484375
28 0.56640625 0.70390625 0.0953125 0.0625
13 0.80234375 0.878125 0.0359375 0.0359375
0 0.78359375 0.68828125 0.31875 0.121875
25 0.45390625 0.64921875 0.1015625 0.046875
13 0.74765625 0.878125 0.0359375 0.0359375
0 0.65625 0.36796875 0.128125 0.05625
31 0.42421875 0.5 0.0734375 0.08125
0 0.1625 0.18828125 0.240625 0.034375
6 0.5328125 0.309375 0.06875 0.046875
0 0.2890625 0.7109375 0.1859375 0.05625
4 0.4609375 0.8640625 0.0453125 0.0515625
13 0.68828125 0.878125 0.0359375 0.0359375
0 0.56953125 0.85625 0.1359375 0.05625
15 0.8984375 0.87578125 0.03125 0.03125