0 0.15078125 0.50390625 0.05 0.2296875
0 0.8046875 0.73671875 0.01875 0.0203125
0 0.6875 0.4734375 0.034375 0.04375
28 0.7171875 0.53984375 0.04375 0.071875
0 0.21328125 0.4015625 0.0171875 0.0921875
0 0.81484375 0.47421875 0.0328125 0.0453125
0 0.67734375 0.7359375 0.01875 0.0203125
0 0.2125 0.6921875 0.0140625 0.059375
0 0.33671875 0.68984375 0.01875 0.059375
0 0.68828125 0.40234375 0.01875 0.0875
28 0.36875 0.540625 0.0421875 0.071875
21 0.23984375 0.72734375 0.021875 0.109375
21 0.36484375 0.72578125 0.0203125 0.1125
21 0.58828125 0.72890625 0.0203125 0.109375
21 0.7171875 0.7265625 0.01875 0.1125
21 0.840625 0.72578125 0.01875 0.115625
0 0.07578125 0.7359375 0.01875 0.0203125
0 0.55234375 0.73671875 0.01875 0.0203125
0 0.759375 0.49921875 0.0328125 0.2359375
0 0.5609375 0.69140625 0.015625 0.0609375
0 0.08515625 0.4015625 0.015625 0.0890625
0 0.3390625 0.47421875 0.034375 0.0484375
0 0.0859375 0.690625 0.01875 0.059375
0 0.0890625 0.47265625 0.034375 0.046875
0 0.88828125 0.50078125 0.0375 0.2375
0 0.63359375 0.5015625 0.0375 0.240625
21 0.1140625 0.728125 0.0203125 0.1125
0 0.5625 0.4734375 0.034375 0.046875
28 0.1171875 0.540625 0.040625 0.071875
0 0.6875 0.68984375 0.015625 0.0625
0 0.3390625 0.40078125 0.015625 0.096875
0 0.2125 0.47421875 0.0375 0.0421875
28 0.24296875 0.53984375 0.04375 0.0734375
0 0.08125 0.92578125 0.128125 0.0515625
28 0.59140625 0.53984375 0.04375 0.0703125
0 0.81484375 0.68984375 0.01875 0.059375
0 0.328125 0.73671875 0.01875 0.0203125
18 0.8390625 0.42734375 0.01875 0.06875
18 0.11171875 0.43203125 0.01875 0.06875
18 0.7125 0.42734375 0.01875 0.06875
28 0.84375 0.54140625 0.0421875 0.075
0 0.284375 0.50234375 0.0359375 0.2375
18 0.58828125 0.428125 0.01875 0.06875
0 0.203125 0.7375 0.01875 0.0203125
0 0.41171875 0.5 0.0359375 0.234375
18 0.3640625 0.4265625 0.01875 0.06875
0 0.8140625 0.4015625 0.015625 0.0890625
18 0.23828125 0.42578125 0.01875 0.06875
0 0.5625 0.4015625 0.0171875 0.0953125