0 0.2953125 0.9640625 0.0265625 0.05625
18 0.65859375 0.83359375 0.0203125 0.009375
0 0.58671875 0.78359375 0.0140625 0.01875
13 0.53515625 0.3265625 0.0171875 0.009375
18 0.6578125 0.2125 0.021875 0.009375
0 0.665625 0.75859375 0.021875 0.025
0 0.5859375 0.3875 0.0140625 0.01875
18 0.659375 0.78828125 0.021875 0.009375
0 0.58671875 0.91875 0.0140625 0.01875
18 0.6578125 0.25703125 0.021875 0.009375
0 0.5859375 0.296875 0.0140625 0.01875
0 0.5875 0.64765625 0.0140625 0.01875
25 0.47109375 0.396875 0.03125 0.021875
18 0.65859375 0.30234375 0.021875 0.009375
18 0.6578125 0.34609375 0.021875 0.009375
18 0.6578125 0.39375 0.021875 0.009375
0 0.665625 0.36171875 0.021875 0.028125
0 0.66484375 0.66640625 0.021875 0.025
18 0.65859375 0.878125 0.021875 0.009375
0 0.66484375 0.409375 0.0203125 0.021875
0 0.58515625 0.2078125 0.0140625 0.01875
28 0.4765625 0.56875 0.053125 0.025
18 0.65859375 0.92421875 0.021875 0.009375
0 0.3921875 0.3609375 0.0328125 0.059375
0 0.58515625 0.6921875 0.0140625 0.01875
28 0.47421875 0.3390625 0.040625 0.021875
18 0.659375 0.6515625 0.021875 0.009375
18 0.65859375 0.696875 0.021875 0.009375
18 0.659375 0.7421875 0.021875 0.009375
0 0.48125 0.284375 0.078125 0.0703125
15 0.53515625 0.3171875 0.015625 0.009375
0 0.36328125 0.503125 0.0234375 0.03125
0 0.66484375 0.89375 0.021875 0.025
25 0.52890625 0.396875 0.03125 0.021875
0 0.66484375 0.9390625 0.021875 0.025
31 0.3375 0.4734375 0.01875 0.015625
0 0.66484375 0.3171875 0.01875 0.025
0 0.48828125 0.6171875 0.078125 0.075
0 0.58671875 0.340625 0.0140625 0.01875
13 0.534375 0.3453125 0.0171875 0.009375
0 0.48125 0.36953125 0.03125 0.03125
0 0.36328125 0.45546875 0.0234375 0.0296875
0 0.39140625 0.59609375 0.021875 0.034375
0 0.66484375 0.803125 0.01875 0.025
0 0.53984375 0.36953125 0.034375 0.03125
0 0.66484375 0.228125 0.021875 0.025
31 0.33671875 0.49296875 0.01875 0.015625
13 0.53515625 0.3359375 0.0171875 0.009375
18 0.38671875 0.39921875 0.0203125 0.009375
0 0.66484375 0.7109375 0.021875 0.025
0 0.66484375 0.8484375 0.021875 0.025
0 0.5859375 0.83046875 0.0140625 0.00625
0 0.58515625 0.7375 0.0140625 0.01875
0 0.58515625 0.8734375 0.0140625 0.01875
18 0.3875 0.57109375 0.0203125 0.009375
0 0.58515625 0.2515625 0.0140625 0.01875