18 0.24921875 0.51171875 0.0078125 0.028125
18 0.4359375 0.51328125 0.0078125 0.0234375
0 0.30078125 0.44921875 0.0234375 0.021875
18 0.315625 0.4015625 0.00625 0.0109375
0 0.33984375 0.51015625 0.015625 0.0140625
18 0.41015625 0.5140625 0.0078125 0.0234375
18 0.3453125 0.41875 0.0078125 0.009375
0 0.39609375 0.5109375 0.015625 0.0140625
18 0.36875 0.4015625 0.00625 0.0109375
14 0.30234375 0.4671875 0.0078125 0.0140625
0 0.38515625 0.4609375 0.0171875 0.015625
0 0.4234375 0.478125 0.015625 0.015625
18 0.32890625 0.51171875 0.0078125 0.028125
0 0.421875 0.5109375 0.015625 0.0140625
18 0.221875 0.51484375 0.0078125 0.0234375
18 0.3578125 0.51328125 0.0078125 0.028125
0 0.38515625 0.40234375 0.01875 0.0140625
0 0.28671875 0.51015625 0.015625 0.0140625
25 0.3671875 0.4671875 0.0140625 0.0171875
18 0.27578125 0.51328125 0.0078125 0.028125
0 0.23359375 0.5109375 0.015625 0.0140625
0 0.3140625 0.51015625 0.015625 0.0140625
0 0.26015625 0.5109375 0.015625 0.0140625
25 0.3140625 0.46640625 0.0140625 0.0171875
14 0.35546875 0.465625 0.0078125 0.0140625
2 0.34375 0.40390625 0.01875 0.0109375
0 0.35078125 0.42890625 0.0171875 0.015625
0 0.36953125 0.51015625 0.015625 0.0140625
0 0.44765625 0.5109375 0.015625 0.0140625
0 0.3328125 0.4609375 0.015625 0.015625
18 0.384375 0.51171875 0.0078125 0.028125
0 0.3546875 0.44921875 0.021875 0.0203125
18 0.30234375 0.51328125 0.0078125 0.0234375
0 0.3125 0.4015625 0.0171875 0.0140625