0 0.709375 0.3625 0.05 0.0375
0 0.7078125 0.24140625 0.05 0.0375
0 0.621875 0.09765625 0.028125 0.040625
18 0.66875 0.7671875 0.053125 0.015625
18 0.66875 0.828125 0.053125 0.0171875
0 0.7078125 0.90703125 0.05 0.0375
0 0.7078125 0.72578125 0.05 0.0375
0 0.709375 0.4234375 0.05 0.0375
0 0.71015625 0.54453125 0.05 0.0375
0 0.71015625 0.48515625 0.05 0.0375
0 0.709375 0.60390625 0.05 0.0375
18 0.66484375 0.46640625 0.053125 0.015625
18 0.6671875 0.5265625 0.053125 0.015625
18 0.66640625 0.58828125 0.053125 0.015625
0 0.70703125 0.30390625 0.05 0.0375
0 0.709375 0.66328125 0.05 0.0375
18 0.66484375 0.16484375 0.053125 0.015625
18 0.66640625 0.646875 0.053125 0.015625
18 0.66640625 0.70703125 0.053125 0.015625
0 0.7078125 0.7859375 0.05 0.0359375
18 0.6671875 0.225 0.053125 0.015625
18 0.66640625 0.40703125 0.053125 0.015625
18 0.66640625 0.28359375 0.053125 0.015625
18 0.6671875 0.8890625 0.053125 0.0171875
18 0.66875 0.3453125 0.053125 0.015625
0 0.7078125 0.18203125 0.05 0.0375
0 0.709375 0.846875 0.05 0.0375