0 0.7015625 0.3609375 0.025 0.0484375
7 0.62421875 0.471875 0.03125 0.0140625
10 0.67265625 0.3625 0.0390625 0.0265625
0 0.47421875 0.58203125 0.040625 0.0578125
21 0.725 0.4140625 0.034375 0.01875
0 0.471875 0.278125 0.046875 0.0625
21 0.628125 0.35859375 0.034375 0.01875
0 0.653125 0.2296875 0.103125 0.1359375
6 0.49765625 0.628125 0.028125 0.0203125
7 0.6234375 0.34375 0.03125 0.0140625
6 0.49609375 0.23046875 0.028125 0.0203125
0 0.65234375 0.6203125 0.1 0.1375
2 0.64296875 0.4234375 0.03125 0.05625
21 0.62578125 0.4875 0.034375 0.01875
0 0.703125 0.49921875 0.0234375 0.05
18 0.66875 0.5265625 0.0515625 0.025
18 0.66953125 0.315625 0.0515625 0.028125
0 0.8171875 0.1671875 0.0734375 0.165625
18 0.50546875 0.5796875 0.028125 0.025
18 0.5046875 0.278125 0.0265625 0.025
10 0.67265625 0.49921875 0.040625 0.028125
7 0.721875 0.3984375 0.03125 0.0140625