0 0.73828125 0.40390625 0.0421875 0.084375
28 0.7390625 0.2625 0.0359375 0.053125
31 0.88515625 0.321875 0.0359375 0.053125
25 0.73828125 0.33203125 0.05 0.05
18 0.5671875 0.20078125 0.0625 0.0375
0 0.58125 0.1109375 0.065625 0.1609375
0 0.8109375 0.26484375 0.0796875 0.084375
16 0.81640625 0.3203125 0.096875 0.03125
18 0.56875 0.60078125 0.0625 0.0375
0 0.58046875 0.51171875 0.065625 0.1609375
18 0.56875 0.40625 0.0625 0.0375
0 0.58046875 0.31796875 0.065625 0.1609375
0 0.925 0.8796875 0.065625 0.1
0 0.58125 0.70234375 0.065625 0.1609375
18 0.56875 0.790625 0.0625 0.0375