0 0.23828125 0.215625 0.2453125 0.0515625
31 0.453125 0.30546875 0.078125 0.0515625
18 0.3921875 0.19375 0.0765625 0.0375
15 0.60625 0.5484375 0.06875 0.0515625
0 0.40625 0.4359375 0.203125 0.053125
0 0.6578125 0.290625 0.190625 0.0484375
24 0.86484375 0.5640625 0.059375 0.075
0 0.40625 0.5390625 0.1984375 0.0515625
28 0.621875 0.44921875 0.1 0.090625
13 0.73671875 0.54921875 0.065625 0.046875
0 0.7671875 0.63203125 0.121875 0.0328125
13 0.66875 0.55078125 0.065625 0.046875
8 0.646875 0.63359375 0.090625 0.0328125
0 0.63359375 0.8171875 0.178125 0.0546875
25 0.525 0.45078125 0.053125 0.071875
0 0.16875 0.14765625 0.196875 0.03125
4 0.51328125 0.83125 0.06875 0.090625
0 0.8875 0.95703125 0.0734375 0.03125
6 0.3109375 0.14921875 0.0578125 0.04375
25 0.5296875 0.55078125 0.053125 0.0734375
0 0.803125 0.453125 0.246875 0.0953125
13 0.8 0.55078125 0.065625 0.046875