6 0.9328125 0.6640625 0.0109375 0.009375
0 0.86171875 0.79296875 0.021875 0.053125
28 0.86015625 0.76015625 0.021875 0.0109375
0 0.92265625 0.8140625 0.009375 0.0203125
2 0.896875 0.74765625 0.021875 0.0328125
0 0.85625 0.68125 0.01875 0.0296875
0 0.9203125 0.790625 0.01875 0.025
18 0.93125 0.81171875 0.009375 0.0125
18 0.93046875 0.6859375 0.0109375 0.0140625
6 0.9328125 0.83359375 0.009375 0.0078125
5 0.87421875 0.659375 0.01875 0.015625
0 0.8515625 0.88203125 0.009375 0.059375
0 0.9203125 0.7078125 0.01875 0.025
0 0.859375 0.72578125 0.0171875 0.01875
18 0.92265625 0.728125 0.0140625 0.015625
0 0.921875 0.684375 0.0078125 0.01875
0 0.928125 0.828125 0.0078125 0.0078125
25 0.86015625 0.746875 0.0234375 0.015625
18 0.92265625 0.775 0.015625 0.0125
18 0.87265625 0.6796875 0.0125 0.015625
0 0.8875 0.6625 0.009375 0.0125
0 0.92734375 0.671875 0.009375 0.009375