18 0.525 0.27265625 0.0359375 0.015625
0 0.16796875 0.41484375 0.2953125 0.0265625
13 0.51015625 0.85546875 0.046875 0.0296875
25 0.32578125 0.37734375 0.0671875 0.0515625
0 0.41484375 0.3125 0.08125 0.0359375
0 0.40625 0.65390625 0.046875 0.0328125
0 0.94296875 0.409375 0.028125 0.0765625
13 0.4125 0.8546875 0.046875 0.0296875
0 0.425 0.365625 0.115625 0.021875
0 0.475 0.24765625 0.10625 0.040625
4 0.32421875 0.64375 0.034375 0.053125
25 0.340625 0.84140625 0.096875 0.053125
31 0.346875 0.3296875 0.0421875 0.0328125
15 0.51328125 0.825 0.04375 0.0296875
13 0.46328125 0.8546875 0.046875 0.0296875
6 0.5671875 0.253125 0.0265625 0.01875
28 0.20703125 0.3796875 0.08125 0.0453125
0 0.60390625 0.83125 0.1203125 0.021875