18 0.91875 0.46171875 0.028125 0.065625
31 0.2390625 0.7171875 0.06875 0.0703125
21 0.16015625 0.7828125 0.025 0.0234375
18 0.2921875 0.4609375 0.025 0.065625
0 0.19765625 0.63984375 0.0328125 0.05
28 0.80859375 0.38359375 0.0296875 0.046875
28 0.25625 0.571875 0.03125 0.046875
4 0.22421875 0.63671875 0.01875 0.046875
0 0.77421875 0.45390625 0.0359375 0.0265625
0 0.2625 0.45546875 0.034375 0.025
5 0.6609375 0.58359375 0.03125 0.090625
25 0.225 0.5734375 0.0265625 0.0421875
18 0.10234375 0.4625 0.025 0.06875
0 0.07578125 0.45390625 0.0421875 0.028125
0 0.76328125 0.3890625 0.0609375 0.046875
18 0.66875 0.4609375 0.028125 0.06875
18 0.809375 0.4625 0.028125 0.065625
0 0.8875 0.45703125 0.0375 0.025
0 0.35078125 0.53203125 0.18125 0.025
21 0.30234375 0.784375 0.025 0.0234375
0 0.56953125 0.57265625 0.10625 0.084375
6 0.3328125 0.7890625 0.015625 0.0203125
0 0.1859375 0.71640625 0.046875 0.0265625
6 0.12890625 0.7890625 0.015625 0.021875
18 0.4796875 0.4609375 0.028125 0.065625
0 0.6328125 0.45625 0.0390625 0.025
0 0.17265625 0.578125 0.065625 0.053125
0 0.44765625 0.4546875 0.040625 0.0265625