0 0.884375 0.5140625 0.09375 0.165625
25 0.4828125 0.65625 0.0953125 0.1078125
18 0.621875 0.52265625 0.0265625 0.0765625
0 0.1921875 0.51953125 0.0625 0.15
18 0.7296875 0.51796875 0.03125 0.0828125
4 0.88046875 0.6375 0.0765625 0.0515625
0 0.6046875 0.84765625 0.075 0.1625
28 0.49609375 0.78359375 0.084375 0.0953125
0 0.48203125 0.4578125 0.0703125 0.184375
0 0.70390625 0.51171875 0.03125 0.13125
6 0.615625 0.38359375 0.04375 0.0625
0 0.74375 0.43828125 0.034375 0.078125
0 0.64921875 0.4859375 0.0546875 0.128125
0 0.040625 0.44140625 0.0328125 0.275
31 0.22421875 0.671875 0.0546875 0.078125