18 0.73671875 0.50078125 0.05 0.015625
18 0.73828125 0.42578125 0.05 0.0140625
18 0.7375 0.1390625 0.0484375 0.015625
18 0.7359375 0.065625 0.0484375 0.0140625
18 0.7375 0.87421875 0.0484375 0.0140625
18 0.7375 0.2109375 0.05 0.0140625
18 0.7359375 0.2859375 0.05 0.0140625
18 0.7375 0.3515625 0.053125 0.015625
0 0.453125 0.9734375 0.04375 0.0140625
0 0.81875 0.03984375 0.01875 0.0421875
0 0.72734375 0.403125 0.0375 0.0328125
0 0.45078125 0.60234375 0.0453125 0.015625
0 0.45234375 0.82578125 0.040625 0.015625
0 0.71953125 0.04296875 0.0546875 0.0328125
0 0.45078125 0.52734375 0.046875 0.015625
0 0.72734375 0.18828125 0.040625 0.0328125
0 0.72890625 0.85078125 0.0375 0.0328125
0 0.7296875 0.77578125 0.0375 0.0328125
0 0.4515625 0.89921875 0.040625 0.0125
0 0.728125 0.2625 0.0375 0.0328125
0 0.45390625 0.37734375 0.034375 0.015625
0 0.45859375 0.3125 0.025 0.015625
0 0.453125 0.4515625 0.0359375 0.0140625
0 0.72734375 0.55078125 0.0375 0.0328125
0 0.7296875 0.925 0.0375 0.0328125
0 0.728125 0.62578125 0.0375 0.0328125
0 0.72734375 0.70234375 0.0375 0.0328125
0 0.7265625 0.3296875 0.0375 0.0328125
0 0.44609375 0.23671875 0.046875 0.015625
0 0.45078125 0.675 0.046875 0.015625
0 0.69921875 0.1171875 0.0546875 0.0328125
0 0.7296875 0.478125 0.0375 0.0328125
0 0.45 0.75 0.0484375 0.01875
18 0.7375 0.7234375 0.05 0.0140625
18 0.7375 0.79921875 0.05 0.0125
18 0.73671875 0.6484375 0.053125 0.0140625
18 0.73828125 0.57578125 0.05 0.015625
18 0.73671875 0.94765625 0.05 0.0140625