18 0.29609375 0.25859375 0.00625 0.015625
0 0.3875 0.25859375 0.0125 0.0125
18 0.76953125 0.2578125 0.00625 0.015625
18 0.45859375 0.25703125 0.00625 0.015625
18 0.58125 0.2578125 0.00625 0.015625
18 0.55390625 0.25859375 0.00625 0.015625
0 0.64375 0.25859375 0.0125 0.0125
18 0.715625 0.2578125 0.00625 0.015625
0 0.440625 0.259375 0.0125 0.0125
0 0.778125 0.259375 0.0125 0.0125
18 0.74296875 0.25703125 0.00625 0.015625
0 0.3046875 0.26015625 0.0125 0.0125
18 0.66171875 0.2578125 0.00625 0.015625
0 0.46640625 0.25859375 0.0125 0.0125
0 0.6703125 0.259375 0.0125 0.0125
0 0.503125 0.2234375 0.0140625 0.009375
0 0.5640625 0.259375 0.0125 0.0125
0 0.61640625 0.25859375 0.0125 0.0125
0 0.72578125 0.259375 0.0125 0.0125
18 0.6890625 0.25859375 0.00625 0.015625
0 0.6984375 0.259375 0.0125 0.0125
0 0.4140625 0.25859375 0.0125 0.0125
18 0.63515625 0.25703125 0.00625 0.015625
0 0.35859375 0.25859375 0.0125 0.0125
0 0.33203125 0.26015625 0.0125 0.0125
0 0.58984375 0.259375 0.0125 0.0125
0 0.7515625 0.259375 0.0125 0.0125
18 0.60703125 0.25859375 0.00625 0.015625
18 0.43125 0.25703125 0.00625 0.015625
18 0.40390625 0.2578125 0.00625 0.015625
18 0.37734375 0.25703125 0.00625 0.015625
18 0.35 0.2578125 0.00625 0.015625
18 0.32265625 0.2578125 0.00625 0.015625