4 0.184375 0.70234375 0.0125 0.03125
0 0.41015625 0.8515625 0.028125 0.0171875
0 0.1984375 0.8 0.0484375 0.04375
4 0.353125 0.70234375 0.0125 0.03125
18 0.20390625 0.86171875 0.034375 0.028125
0 0.3234375 0.70234375 0.0171875 0.03125
0 0.27734375 0.82421875 0.015625 0.0265625
28 0.309375 0.80546875 0.028125 0.0421875
0 0.28125 0.70234375 0.01875 0.0359375
21 0.2609375 0.8640625 0.040625 0.0265625
25 0.26328125 0.796875 0.0484375 0.028125
0 0.19921875 0.703125 0.01875 0.03125
4 0.26640625 0.70234375 0.0125 0.03125
0 0.15078125 0.7015625 0.0375 0.0203125
0 0.240625 0.82578125 0.03125 0.015625
4 0.30859375 0.70234375 0.0125 0.03125
0 0.38828125 0.809375 0.1203125 0.0578125
4 0.2625 0.8265625 0.0125 0.03125
0 0.24296875 0.70234375 0.01875 0.03125
4 0.22734375 0.70234375 0.0125 0.03125
0 0.36875 0.7015625 0.015625 0.03125