0 0.84921875 0.49609375 0.05 0.2296875
0 0.1953125 0.26328125 0.01875 0.0203125
0 0.3125 0.5265625 0.034375 0.04375
28 0.2828125 0.46015625 0.04375 0.071875
0 0.78671875 0.5984375 0.0171875 0.0921875
0 0.18515625 0.52578125 0.0328125 0.0453125
0 0.32265625 0.2640625 0.01875 0.0203125
0 0.7875 0.3078125 0.0140625 0.059375
0 0.66328125 0.31015625 0.01875 0.059375
0 0.31171875 0.59765625 0.01875 0.0875
28 0.63125 0.459375 0.0421875 0.071875
21 0.76015625 0.27265625 0.021875 0.109375
21 0.63515625 0.27421875 0.0203125 0.1125
21 0.41171875 0.27109375 0.0203125 0.109375
21 0.2828125 0.2734375 0.01875 0.1125
21 0.159375 0.27421875 0.01875 0.115625
0 0.92421875 0.2640625 0.01875 0.0203125
0 0.44765625 0.26328125 0.01875 0.0203125
0 0.240625 0.50078125 0.0328125 0.2359375
0 0.4390625 0.30859375 0.015625 0.0609375
0 0.91484375 0.5984375 0.015625 0.0890625
0 0.6609375 0.52578125 0.034375 0.0484375
0 0.9140625 0.309375 0.01875 0.059375
0 0.9109375 0.52734375 0.034375 0.046875
0 0.11171875 0.49921875 0.0375 0.2375
0 0.36640625 0.4984375 0.0375 0.240625
21 0.8859375 0.271875 0.0203125 0.1125
0 0.4375 0.5265625 0.034375 0.046875
28 0.8828125 0.459375 0.040625 0.071875
0 0.3125 0.31015625 0.015625 0.0625
0 0.6609375 0.59921875 0.015625 0.096875
0 0.7875 0.52578125 0.0375 0.0421875
28 0.75703125 0.46015625 0.04375 0.0734375
0 0.91875 0.07421875 0.128125 0.05
28 0.40859375 0.46015625 0.04375 0.0703125
0 0.18515625 0.31015625 0.01875 0.059375
0 0.671875 0.26328125 0.01875 0.0203125
18 0.1609375 0.57265625 0.01875 0.06875
18 0.88828125 0.56796875 0.01875 0.06875
18 0.2875 0.57265625 0.01875 0.06875
28 0.15625 0.45859375 0.0421875 0.075
0 0.715625 0.49765625 0.0359375 0.2375
18 0.41171875 0.571875 0.01875 0.06875
0 0.796875 0.2625 0.01875 0.0203125
0 0.58828125 0.5 0.0359375 0.234375
18 0.6359375 0.5734375 0.01875 0.06875
0 0.1859375 0.5984375 0.015625 0.0890625
18 0.76171875 0.57421875 0.01875 0.06875
0 0.4375 0.5984375 0.0171875 0.0953125