0 0.45078125 0.8203125 0.0734375 0.053125
6 0.1640625 0.225 0.028125 0.03125
0 0.50546875 0.2265625 0.1296875 0.078125
31 0.3640625 0.23359375 0.1390625 0.04375
14 0.41640625 0.65625 0.034375 0.046875
4 0.2515625 0.29140625 0.053125 0.0359375
0 0.253125 0.66640625 0.16875 0.053125
0 0.24609375 0.23515625 0.084375 0.0828125
0 0.57734375 0.52265625 0.221875 0.0875
12 0.28203125 0.33984375 0.1109375 0.05
28 0.4359375 0.5328125 0.05 0.0625
25 0.3703125 0.54765625 0.065625 0.059375
0 0.26328125 0.39296875 0.153125 0.0625
0 0.4859375 0.65546875 0.096875 0.078125
18 0.37578125 0.86015625 0.0390625 0.0984375
0 0.253125 0.55625 0.171875 0.053125
25 0.36953125 0.65625 0.065625 0.059375
0 0.56328125 0.87578125 0.0390625 0.04375