0 0.30078125 0.2796875 0.040625 0.053125
0 0.75546875 0.2953125 0.021875 0.05
28 0.59375 0.6390625 0.071875 0.06875
25 0.5984375 0.57109375 0.05625 0.05625
24 0.20078125 0.49296875 0.0546875 0.075
0 0.58671875 0.4328125 0.071875 0.171875
6 0.66484375 0.1875 0.03125 0.046875
0 0.3 0.35078125 0.040625 0.059375
0 0.5859375 0.82734375 0.0640625 0.3078125
4 0.809375 0.5625 0.0640625 0.046875
30 0.7140625 0.46640625 0.0375 0.121875
0 0.80859375 0.6625 0.046875 0.1375
0 0.1328125 0.11171875 0.028125 0.153125
0 0.3 0.49140625 0.040625 0.053125
13 0.2609375 0.490625 0.040625 0.053125
0 0.4671875 0.628125 0.0390625 0.0546875
18 0.77578125 0.34921875 0.028125 0.053125
0 0.2375 0.66484375 0.06875 0.159375
13 0.2609375 0.41953125 0.040625 0.053125
15 0.2625 0.27734375 0.0375 0.05625
0 0.20546875 0.41796875 0.025 0.053125
25 0.21796875 0.5390625 0.0546875 0.05625
0 0.30078125 0.41953125 0.0359375 0.0578125
31 0.50859375 0.56484375 0.0546875 0.04375
13 0.26171875 0.35 0.040625 0.053125
0 0.671875 0.46484375 0.040625 0.1125