0 0.30546875 0.234375 0.146875 0.06953125
0 0.490625 0.68515625 0.0734375 0.07265625
21 0.4078125 0.72421875 0.0546875 0.0625
4 0.42734375 0.23203125 0.05078125 0.0890625
0 0.07265625 0.1046875 0.0359375 0.03359375
15 0.1203125 0.05703125 0.046875 0.04296875
0 0.36875 0.15859375 0.06796875 0.05859375
28 0.49375 0.3984375 0.0734375 0.09453125
13 0.1734375 0.059375 0.05078125 0.0515625
25 0.434375 0.1453125 0.0640625 0.05546875
0 0.53828125 0.50703125 0.21640625 0.12265625
0 0.29375 0.3984375 0.1640625 0.09453125
13 0.12265625 0.1078125 0.05078125 0.0515625
25 0.4296875 0.3984375 0.0625 0.05
13 0.1734375 0.10625 0.05078125 0.0515625
0 0.60390625 0.146875 0.07890625 0.15859375