0 0.1125 0.56328125 0.0328125 0.05
0 0.66484375 0.559375 0.0328125 0.05
0 0.62265625 0.57734375 0.0328125 0.0796875
0 0.44140625 0.56171875 0.0328125 0.05
18 0.36640625 0.55703125 0.0125 0.053125
0 0.48515625 0.559375 0.0328125 0.05
0 0.5265625 0.5578125 0.0328125 0.05
0 0.80078125 0.5609375 0.0328125 0.05
18 0.13046875 0.5578125 0.0125 0.053125
18 0.08359375 0.56171875 0.0125 0.053125
0 0.25703125 0.5609375 0.0328125 0.05
0 0.965625 0.778125 0.040625 0.05
0 0.15703125 0.5625 0.0328125 0.05
18 0.5453125 0.55859375 0.0125 0.053125
0 0.8859375 0.55859375 0.0328125 0.05
0 0.753125 0.5609375 0.0328125 0.05
0 0.353125 0.5609375 0.0328125 0.05
18 0.50234375 0.5578125 0.0125 0.053125
0 0.30546875 0.55859375 0.0328125 0.05
18 0.58984375 0.56171875 0.0125 0.053125
0 0.21171875 0.5609375 0.0328125 0.05
18 0.63515625 0.5625 0.0125 0.053125
18 0.45703125 0.559375 0.0125 0.053125
18 0.68203125 0.55859375 0.0125 0.053125
18 0.73046875 0.5609375 0.0125 0.053125
0 0.56953125 0.559375 0.0328125 0.05
18 0.77265625 0.5609375 0.0125 0.053125
18 0.27265625 0.56171875 0.0125 0.05
18 0.228125 0.559375 0.0125 0.053125
18 0.821875 0.56171875 0.0125 0.053125
0 0.396875 0.559375 0.0328125 0.05
18 0.1734375 0.5578125 0.0125 0.053125
18 0.86328125 0.55859375 0.0125 0.053125
18 0.41171875 0.559375 0.0125 0.053125
18 0.90859375 0.5578125 0.0125 0.053125
21 0.93984375 0.7484375 0.009375 0.0453125
0 0.7515625 0.71953125 0.05 0.028125
0 0.7109375 0.559375 0.0328125 0.05
0 0.06640625 0.56328125 0.0328125 0.05
0 0.8421875 0.56171875 0.0328125 0.05
18 0.32109375 0.55859375 0.0125 0.053125