0 0.16953125 0.665625 0.10859375 0.06171875
15 0.65234375 0.38671875 0.0671875 0.0453125
13 0.58359375 0.48203125 0.06171875 0.04140625
25 0.159375 0.38671875 0.1203125 0.04453125
25 0.26171875 0.4515625 0.12421875 0.08046875
0 0.15234375 0.33515625 0.1796875 0.0578125
13 0.7234375 0.48515625 0.06171875 0.04140625
0 0.13828125 0.0734375 0.07109375 0.03046875
25 0.2625 0.5359375 0.1203125 0.08046875
13 0.65234375 0.48203125 0.06171875 0.04140625
31 0.28828125 0.82109375 0.05546875 0.04921875
0 0.5375 0.6765625 0.090625 0.02265625
5 0.5046875 0.709375 0.07734375 0.0421875
0 0.39140625 0.67734375 0.09765625 0.0234375
0 0.471875 0.45078125 0.2765625 0.08125
4 0.390625 0.71015625 0.08046875 0.02890625
0 0.1671875 0.87265625 0.09921875 0.05390625
0 0.65234375 0.60859375 0.27578125 0.05
0 0.284375 0.3578125 0.096875 0.03046875
0 0.46953125 0.53671875 0.28046875 0.0828125
15 0.65546875 0.55 0.0671875 0.06640625
18 0.27890625 0.6546875 0.04921875 0.0578125