4 0.50625 0.78671875 0.01875 0.08046875
4 0.55703125 0.7859375 0.01875 0.08046875
0 0.575 0.78671875 0.021875 0.0515625
0 0.52421875 0.78671875 0.021875 0.0515625
0 0.47265625 0.7890625 0.021875 0.0515625
0 0.62265625 0.7875 0.021875 0.0515625
4 0.6046875 0.78671875 0.01875 0.08046875
4 0.40625 0.78671875 0.01875 0.08046875
4 0.3578125 0.7859375 0.01875 0.08046875
0 0.32421875 0.7890625 0.021875 0.0515625
0 0.37734375 0.78828125 0.021875 0.0515625
4 0.1890625 0.78671875 0.01875 0.08046875
4 0.45703125 0.78671875 0.01875 0.08046875
4 0.240625 0.78515625 0.01875 0.08046875
0 0.25703125 0.9 0.0875 0.028125
0 0.425 0.78671875 0.021875 0.0515625
4 0.3078125 0.7875 0.01875 0.08046875
0 0.26015625 0.7890625 0.021875 0.0515625
0 0.21015625 0.78671875 0.021875 0.0515625