18 0.3921875 0.12109375 0.0234375 0.009375
0 0.38359375 0.15546875 0.028125 0.021875
0 0.384375 0.8375 0.028125 0.021875
0 0.43359375 0.70390625 0.065625 0.009375
0 0.4328125 0.79765625 0.065625 0.009375
0 0.43046875 0.62109375 0.065625 0.0078125
18 0.39375 0.85546875 0.021875 0.009375
18 0.39375 0.80859375 0.021875 0.009375
18 0.39375 0.759375 0.021875 0.009375
18 0.3953125 0.7140625 0.021875 0.009375
18 0.39140625 0.07265625 0.0234375 0.009375
18 0.39453125 0.17109375 0.0234375 0.009375
18 0.39375 0.22421875 0.0234375 0.009375
18 0.39453125 0.27421875 0.0234375 0.009375
18 0.39375 0.31484375 0.0234375 0.009375
18 0.39375 0.36484375 0.0234375 0.009375
0 0.43359375 0.89921875 0.065625 0.009375
18 0.3921875 0.4375 0.0234375 0.009375
18 0.39375 0.48515625 0.0234375 0.009375
0 0.384375 0.41953125 0.028125 0.021875
0 0.384375 0.10546875 0.028125 0.021875
18 0.39453125 0.5328125 0.0234375 0.009375
0 0.38359375 0.05859375 0.028125 0.021875
18 0.39453125 0.58203125 0.0234375 0.009375
18 0.3953125 0.63046875 0.0234375 0.009375
18 0.39296875 0.6703125 0.0234375 0.009375
18 0.39375 0.909375 0.0234375 0.009375
18 0.39609375 0.9578125 0.0234375 0.009375
0 0.38359375 0.34609375 0.028125 0.021875
0 0.42734375 0.84609375 0.065625 0.009375
0 0.384375 0.61484375 0.028125 0.021875
0 0.42890625 0.571875 0.065625 0.0109375
0 0.38359375 0.25859375 0.028125 0.021875
0 0.384375 0.78828125 0.028125 0.021875
0 0.38359375 0.890625 0.028125 0.021875
0 0.38671875 0.4640625 0.028125 0.021875
0 0.43203125 0.94765625 0.065625 0.009375
0 0.43046875 0.30625 0.065625 0.009375
0 0.38359375 0.93984375 0.028125 0.021875
0 0.4296875 0.21484375 0.065625 0.009375
0 0.38359375 0.3015625 0.028125 0.021875
0 0.43125 0.2640625 0.065625 0.009375
0 0.38671875 0.5609375 0.028125 0.021875
0 0.4296875 0.1609375 0.065625 0.009375
0 0.43046875 0.475 0.065625 0.009375
0 0.31015625 0.02890625 0.021875 0.0390625
0 0.4296875 0.66015625 0.065625 0.009375
0 0.3828125 0.6984375 0.028125 0.021875
0 0.4296875 0.5234375 0.065625 0.009375
0 0.3875 0.5140625 0.028125 0.021875
0 0.43125 0.1109375 0.065625 0.009375
0 0.384375 0.65234375 0.028125 0.021875
0 0.38359375 0.20625 0.028125 0.021875
0 0.43046875 0.7484375 0.065625 0.009375
0 0.4296875 0.0640625 0.065625 0.0125
0 0.38359375 0.740625 0.028125 0.021875
0 0.4296875 0.42734375 0.065625 0.009375
0 0.43359375 0.3546875 0.065625 0.009375