18 0.2546875 0.49140625 0.040625 0.021875
0 0.28515625 0.3421875 0.13125 0.021875
0 0.14140625 0.2 0.0296875 0.25
0 0.265625 0.41171875 0.1421875 0.021875
0 0.28125 0.1078125 0.13125 0.021875
0 0.28515625 0.2265625 0.13125 0.021875
0 0.265625 0.796875 0.134375 0.021875
0 0.28828125 0.59765625 0.1421875 0.021875
0 0.2625 0.47265625 0.1359375 0.021875
0 0.2875 0.28046875 0.13125 0.021875
18 0.25625 0.06484375 0.0390625 0.021875
0 0.265625 0.86875 0.134375 0.021875
0 0.28671875 0.04296875 0.13125 0.021875
18 0.2546875 0.12421875 0.0390625 0.021875
18 0.253125 0.1859375 0.0390625 0.021875
18 0.2578125 0.2375 0.0390625 0.021875
18 0.25546875 0.30234375 0.0390625 0.028125
18 0.25234375 0.36328125 0.0390625 0.028125
18 0.25390625 0.42890625 0.040625 0.021875
18 0.25390625 0.5515625 0.040625 0.021875
18 0.25234375 0.6171875 0.040625 0.021875
0 0.26484375 0.7265625 0.1359375 0.021875
18 0.25625 0.678125 0.040625 0.021875
0 0.26171875 0.53359375 0.1421875 0.021875
18 0.2546875 0.74453125 0.040625 0.021875
18 0.25625 0.81328125 0.040625 0.021875
18 0.25390625 0.88828125 0.0375 0.0203125
0 0.2828125 0.1640625 0.13125 0.021875
0 0.265625 0.66015625 0.1421875 0.021875