0 0.34140625 0.834375 0.16875 0.05625
18 0.34140625 0.59453125 0.1171875 0.025
18 0.33828125 0.69765625 0.1171875 0.025
0 0.34453125 0.315625 0.16875 0.05625
18 0.33828125 0.2828125 0.13125 0.025
18 0.33828125 0.3859375 0.13125 0.025
0 0.34140625 0.72890625 0.16875 0.05625
0 0.34140625 0.628125 0.16875 0.05625
0 0.34296875 0.528125 0.16875 0.05625
18 0.34609375 0.490625 0.13125 0.025
0 0.34140625 0.4171875 0.16875 0.05625
0 0.03359375 0.02734375 0.046875 0.040625
18 0.33359375 0.80078125 0.13125 0.025