25 0.6859375 0.6296875 0.0390625 0.059375
18 0.571875 0.746875 0.01875 0.01875
0 0.525 0.10625 0.06875 0.021875
0 0.3390625 0.81796875 0.015625 0.090625
0 0.6546875 0.31171875 0.046875 0.040625
0 0.60078125 0.7765625 0.059375 0.0421875
28 0.75234375 0.6234375 0.0484375 0.053125
4 0.6859375 0.30390625 0.015625 0.05625
0 0.55703125 0.3 0.078125 0.065625
28 0.49375 0.29765625 0.0203125 0.0296875
13 0.57890625 0.078125 0.025 0.0375
28 0.65703125 0.40234375 0.0203125 0.0265625
28 0.65703125 0.50859375 0.021875 0.03125
31 0.675 0.68203125 0.025 0.034375
25 0.67734375 0.0921875 0.05625 0.05625
15 0.578125 0.11484375 0.028125 0.034375
13 0.6359375 0.0796875 0.025 0.0375
0 0.634375 0.7015625 0.046875 0.04375
0 0.628125 0.6421875 0.065625 0.0265625
0 0.778125 0.584375 0.171875 0.025
0 0.55625 0.54921875 0.14375 0.01875
6 0.54609375 0.76875 0.015625 0.01875
13 0.60703125 0.07890625 0.025 0.0375
0 0.596875 0.19140625 0.1546875 0.021875
0 0.55546875 0.44296875 0.146875 0.025