0 0.8015625 0.5703125 0.04375 0.046875
0 0.525 0.571875 0.04375 0.046875
28 0.4234375 0.56015625 0.015625 0.03125
28 0.8875 0.56015625 0.015625 0.03125
28 0.83203125 0.56015625 0.015625 0.03125
0 0.68984375 0.56953125 0.04375 0.046875
28 0.66640625 0.5609375 0.015625 0.03125
0 0.3375 0.571875 0.04375 0.046875
28 0.55625 0.56015625 0.015625 0.03125
28 0.03828125 0.559375 0.0171875 0.03125
28 0.36796875 0.56015625 0.015625 0.03125
0 0.22890625 0.5734375 0.04375 0.046875
28 0.20390625 0.56015625 0.015625 0.03125
28 0.50078125 0.559375 0.015625 0.03125
0 0.171875 0.5734375 0.04375 0.046875
0 0.11796875 0.5703125 0.04375 0.0484375
28 0.778125 0.56015625 0.015625 0.03125
0 0.7453125 0.5703125 0.04375 0.046875
28 0.31328125 0.56015625 0.015625 0.03125
28 0.14921875 0.56015625 0.015625 0.03125
28 0.09375 0.56015625 0.015625 0.03125
0 0.63515625 0.571875 0.04375 0.046875
0 0.91171875 0.571875 0.04375 0.046875
0 0.39140625 0.571875 0.04375 0.046875
0 0.06171875 0.57109375 0.04375 0.046875
0 0.446875 0.50625 0.03125 0.028125
0 0.228125 0.50546875 0.03125 0.028125
0 0.11640625 0.5046875 0.03125 0.028125
0 0.39140625 0.50546875 0.03125 0.028125
18 0.890625 0.51484375 0.0125 0.028125
18 0.83515625 0.51640625 0.0125 0.028125
18 0.78203125 0.5140625 0.0125 0.028125
18 0.72421875 0.51640625 0.0125 0.028125
18 0.66953125 0.5140625 0.0125 0.028125
18 0.615625 0.5140625 0.0125 0.028125
18 0.55859375 0.51484375 0.0125 0.028125
18 0.50390625 0.515625 0.0125 0.028125
18 0.42578125 0.5140625 0.0125 0.028125
18 0.371875 0.51484375 0.0125 0.028125
18 0.31484375 0.515625 0.0125 0.028125
18 0.2078125 0.515625 0.0125 0.028125
18 0.1515625 0.51484375 0.0125 0.028125
18 0.09609375 0.51484375 0.0125 0.028125
18 0.0421875 0.5140625 0.0125 0.028125
0 0.63515625 0.50546875 0.03125 0.028125
0 0.5734375 0.4453125 0.021875 0.015625
0 0.74296875 0.5046875 0.03125 0.028125
0 0.5234375 0.50546875 0.03125 0.028125
0 0.33515625 0.50546875 0.03125 0.028125
0 0.68984375 0.5046875 0.03125 0.028125
0 0.79921875 0.50546875 0.03125 0.028125
0 0.58046875 0.50546875 0.03125 0.028125
0 0.853125 0.50625 0.03125 0.0296875
0 0.1703125 0.50546875 0.03125 0.028125
0 0.06171875 0.50546875 0.03125 0.028125
0 0.91015625 0.50546875 0.03125 0.028125
18 0.2625 0.51484375 0.0125 0.028125
28 0.259375 0.56015625 0.015625 0.03125
0 0.446875 0.571875 0.04375 0.046875
28 0.72109375 0.56015625 0.015625 0.03125
0 0.28203125 0.5046875 0.03125 0.028125
0 0.85546875 0.5703125 0.04375 0.0484375
0 0.58125 0.571875 0.04375 0.046875
0 0.2828125 0.571875 0.04375 0.046875
28 0.61171875 0.56015625 0.015625 0.03125