0 0.34296875 0.46953125 0.021875 0.0796875
0 0.403125 0.47265625 0.01875 0.109375
4 0.4765625 0.4171875 0.028125 0.009375
4 0.47578125 0.47734375 0.028125 0.009375
18 0.28125 0.3 0.021875 0.009375
18 0.2828125 0.44453125 0.021875 0.009375
0 0.475 0.340625 0.03125 0.021875
0 0.47578125 0.271875 0.03125 0.021875
0 0.475 0.19296875 0.03125 0.05625
28 0.66328125 0.29921875 0.0328125 0.0171875
0 0.66328125 0.25625 0.15625 0.0125
28 0.6640625 0.240625 0.03125 0.01875
28 0.39140625 0.40546875 0.034375 0.01875
8 0.71640625 0.28984375 0.01875 0.03125
0 0.475 0.509375 0.03125 0.021875
4 0.4765625 0.28828125 0.028125 0.009375
8 0.715625 0.2265625 0.01875 0.03125
4 0.34921875 0.375 0.028125 0.009375
6 0.26171875 0.446875 0.0125 0.009375
0 0.475 0.46015625 0.03125 0.021875
0 0.2859375 0.278125 0.0171875 0.03125
4 0.4765625 0.35703125 0.028125 0.009375
6 0.2625 0.30234375 0.0125 0.009375
4 0.4765625 0.5265625 0.028125 0.009375
0 0.26015625 0.4703125 0.0171875 0.025
0 0.3515625 0.396875 0.03125 0.0203125
0 0.328125 0.40546875 0.0125 0.028125
0 0.47421875 0.40078125 0.03125 0.021875
0 0.2671875 0.28125 0.015625 0.025
0 0.66484375 0.3140625 0.1546875 0.0109375
0 0.28125 0.46640625 0.01875 0.03125
4 0.47734375 0.22421875 0.028125 0.009375
31 0.321875 0.375 0.0125 0.034375