0 0.86796875 0.1609375 0.03125 0.0515625
19 0.40078125 0.2171875 0.0234375 0.06875
18 0.25234375 0.2015625 0.0125 0.04375
18 0.2015625 0.20078125 0.0125 0.04375
0 0.5671875 0.16171875 0.03125 0.05
18 0.85234375 0.2015625 0.0125 0.046875
18 0.80390625 0.20234375 0.0125 0.046875
18 0.703125 0.19921875 0.0125 0.046875
18 0.65390625 0.20390625 0.0125 0.046875
18 0.5015625 0.20234375 0.0125 0.046875
0 0.6171875 0.16171875 0.03125 0.05
0 0.91796875 0.16171875 0.03125 0.05
19 0.35 0.2203125 0.0234375 0.06875
0 0.1171875 0.16171875 0.03125 0.05
0 0.51796875 0.1625 0.03125 0.05
18 0.90390625 0.2015625 0.0125 0.04375
0 0.26796875 0.1609375 0.03125 0.05
0 0.81796875 0.16171875 0.03125 0.05
18 0.10234375 0.203125 0.0125 0.04375
18 0.153125 0.20390625 0.0125 0.04375
18 0.75234375 0.2 0.0125 0.04375
0 0.4375 0.16015625 0.071875 0.021875
0 0.07109375 0.3140625 0.03125 0.021875
0 0.7171875 0.1625 0.03125 0.05
0 0.21875 0.16171875 0.03125 0.05
18 0.60234375 0.20078125 0.0125 0.04375
0 0.31796875 0.16171875 0.03125 0.05
18 0.55234375 0.20234375 0.0125 0.04375
0 0.7671875 0.1609375 0.03125 0.05
0 0.4671875 0.16171875 0.03125 0.05
0 0.66875 0.1609375 0.03125 0.05
18 0.4515625 0.2046875 0.0125 0.04375
0 0.1671875 0.16171875 0.03125 0.05
18 0.3015625 0.2015625 0.0125 0.04375