25 0.35546875 0.16640625 0.04765625 0.15
5 0.17890625 0.65 0.0421875 0.16796875
0 0.30546875 0.1640625 0.05546875 0.1609375
18 0.8125 0.52265625 0.03984375 0.0765625
0 0.22578125 0.703125 0.02421875 0.05234375
0 0.81328125 0.5890625 0.05546875 0.06328125
18 0.71171875 0.65703125 0.03984375 0.06328125
18 0.31484375 0.65390625 0.0453125 0.0734375
6 0.7796875 0.6734375 0.02421875 0.06640625
0 0.76015625 0.63671875 0.0265625 0.05234375
18 0.1859375 0.41640625 0.02734375 0.146875
18 0.3625 0.4 0.03203125 0.14296875
18 0.6046875 0.40703125 0.03203125 0.14296875
28 0.63984375 0.1921875 0.0359375 0.13984375
0 0.70625 0.1640625 0.0921875 0.15703125
6 0.24609375 0.66796875 0.02421875 0.06640625
0 0.4578125 0.12734375 0.09453125 0.16796875
0 0.1375 0.40703125 0.05859375 0.0734375
0 0.4703125 0.36328125 0.0703125 0.090625
5 0.875 0.53359375 0.05625 0.13671875
0 0.121875 0.6640625 0.08828125 0.11875
28 0.39375 0.175 0.0359375 0.13984375
0 0.55859375 0.37578125 0.078125 0.12265625
0 0.54921875 0.52265625 0.0765625 0.11875
0 0.54921875 0.175 0.0578125 0.17109375
31 0.41640625 0.63671875 0.0734375 0.11171875
0 0.87734375 0.62578125 0.03828125 0.06328125
0 0.30390625 0.59765625 0.06328125 0.05625
25 0.6 0.1796875 0.04765625 0.15
31 0.5265625 0.63671875 0.0734375 0.11171875
0 0.71640625 0.6 0.0625 0.059375
0 0.41640625 0.51953125 0.0734375 0.115625