18 0.4640625 0.4203125 0.0078125 0.01640625
18 0.24140625 0.4203125 0.0078125 0.01640625
10 0.3328125 0.378125 0.009375 0.0125
0 0.35703125 0.375 0.01484375 0.0171875
0 0.43515625 0.27265625 0.01796875 0.01796875
18 0.2734375 0.4203125 0.0078125 0.01640625
28 0.2875 0.33359375 0.0140625 0.01875
0 0.48515625 0.42734375 0.015625 0.02734375
18 0.30546875 0.4203125 0.0078125 0.01640625
0 0.421875 0.42734375 0.01796875 0.02734375
18 0.3359375 0.42109375 0.0078125 0.01640625
23 0.52890625 0.45 0.01484375 0.01796875
0 0.35546875 0.31171875 0.0125 0.01953125
18 0.36796875 0.42109375 0.0078125 0.01640625
18 0.4 0.42109375 0.0078125 0.01640625
18 0.43203125 0.42109375 0.0078125 0.01640625
18 0.1453125 0.41953125 0.0078125 0.01640625
0 0.28515625 0.31328125 0.0125 0.015625
0 0.61875 0.43359375 0.02578125 0.01640625
0 0.12265625 0.340625 0.009375 0.009375
18 0.17734375 0.4203125 0.0078125 0.01640625
0 0.515625 0.4265625 0.015625 0.02734375
0 0.52265625 0.47265625 0.03828125 0.0265625
28 0.35859375 0.33359375 0.0140625 0.01875
0 0.5484375 0.459375 0.01875 0.02734375
0 0.19921875 0.428125 0.015625 0.02734375
0 0.2703125 0.33359375 0.01875 0.01640625
10 0.3109375 0.378125 0.009375 0.01171875
18 0.20859375 0.42109375 0.0078125 0.01640625
0 0.37578125 0.334375 0.01875 0.01875
25 0.346875 0.334375 0.00859375 0.0171875
0 0.334375 0.3328125 0.0140625 0.01484375
0 0.23046875 0.428125 0.015625 0.02734375
0 0.29296875 0.428125 0.015625 0.02734375
18 0.49609375 0.4203125 0.0078125 0.01640625
18 0.52734375 0.41875 0.0078125 0.01640625
0 0.3578125 0.428125 0.015625 0.02734375
25 0.29921875 0.33359375 0.009375 0.01640625
18 0.55859375 0.4515625 0.0078125 0.01640625
0 0.13515625 0.42734375 0.015625 0.02734375
0 0.453125 0.428125 0.015625 0.02734375
0 0.1671875 0.428125 0.015625 0.02734375
5 0.5984375 0.43203125 0.0125 0.0203125
2 0.32109375 0.36015625 0.02109375 0.01640625
0 0.2625 0.42734375 0.015625 0.02734375
0 0.3265625 0.428125 0.015625 0.02734375
0 0.38828125 0.428125 0.015625 0.02734375
0 0.31171875 0.3328125 0.015625 0.015625
0 0.284375 0.37578125 0.015625 0.01953125