0 0.5140625 0.26640625 0.1390625 0.078125
0 0.48671875 0.3421875 0.0859375 0.05703125
0 0.54765625 0.3984375 0.06171875 0.05703125
31 0.596875 0.46875 0.021875 0.04921875
18 0.61875 0.5265625 0.01640625 0.04140625
6 0.6234375 0.56171875 0.01796875 0.02734375
28 0.62421875 0.28828125 0.02890625 0.0609375
0 0.5515625 0.46484375 0.07109375 0.05703125
0 0.55859375 0.53125 0.0796875 0.05859375
25 0.5953125 0.28671875 0.02890625 0.03515625
4 0.590625 0.38671875 0.0203125 0.0625
0 0.46484375 0.58203125 0.0609375 0.05859375