0 0.1953125 0.3546875 0.021875 0.065625
0 0.96484375 0.7078125 0.04375 0.225
18 0.52265625 0.515625 0.0265625 0.053125
13 0.41328125 0.3765625 0.03125 0.04375
0 0.73125 0.271875 0.065625 0.1328125
0 0.50078125 0.5046875 0.034375 0.103125
0 0.7484375 0.525 0.0203125 0.1328125
25 0.39453125 0.43046875 0.0484375 0.046875
24 0.375 0.3625 0.040625 0.090625
0 0.3640625 0.390625 0.01875 0.0265625
15 0.3796875 0.2859375 0.034375 0.046875
13 0.41328125 0.33203125 0.03125 0.04375
0 0.40234375 0.5234375 0.0171875 0.134375
25 0.73828125 0.43359375 0.05 0.0421875
6 0.5328125 0.59453125 0.0390625 0.053125
28 0.73046875 0.36953125 0.053125 0.06875
0 0.83828125 0.58671875 0.05 0.0703125
4 0.18125 0.43203125 0.0515625 0.028125
13 0.415625 0.28671875 0.03125 0.04375
31 0.81015625 0.40078125 0.046875 0.071875