13 0.36953125 0.5046875 0.01875 0.0296875
18 0.32890625 0.95390625 0.028125 0.03125
18 0.41875 0.86875 0.021875 0.0390625
18 0.46328125 0.09296875 0.0203125 0.0203125
0 0.2921875 0.3984375 0.140625 0.071875
31 0.421875 0.16875 0.021875 0.03125
13 0.38828125 0.50546875 0.01875 0.0296875
0 0.33046875 0.48046875 0.134375 0.021875
0 0.4890625 0.85390625 0.103125 0.071875
0 0.36640625 0.959375 0.04375 0.028125
30 0.4859375 0.24921875 0.04375 0.028125
0 0.14921875 0.34453125 0.0375 0.04375
13 0.3515625 0.5046875 0.01875 0.0296875
28 0.37890625 0.4171875 0.028125 0.034375
0 0.48046875 0.21953125 0.1234375 0.021875
0 0.4640625 0.06875 0.04375 0.03125
0 0.43671875 0.26328125 0.05 0.021875
25 0.415625 0.49296875 0.034375 0.059375
15 0.3328125 0.5046875 0.0203125 0.028125
25 0.415625 0.41640625 0.034375 0.05625
4 0.4390625 0.2484375 0.0203125 0.0171875
0 0.3390625 0.15703125 0.11875 0.0390625
6 0.4921875 0.08515625 0.0140625 0.0203125