6 0.54765625 0.73203125 0.00625 0.0078125
18 0.5875 0.7734375 0.009375 0.01875
0 0.54375 0.76875 0.0140625 0.015625
0 0.6046875 0.73828125 0.0125 0.0078125
18 0.56015625 0.77265625 0.009375 0.01875
0 0.5609375 0.86640625 0.034375 0.009375
0 0.55234375 0.8234375 0.025 0.0171875
0 0.540625 0.73984375 0.0125 0.009375
25 0.56953125 0.82734375 0.009375 0.009375
2 0.56875 0.79765625 0.034375 0.01875
18 0.54921875 0.746875 0.00625 0.0125
0 0.60703125 0.7546875 0.015625 0.009375
18 0.5953125 0.746875 0.00625 0.0125
0 0.54453125 0.75859375 0.0171875 0.009375
6 0.59375 0.73203125 0.00625 0.0078125
0 0.6046875 0.7703125 0.0125 0.015625
28 0.57890625 0.8265625 0.009375 0.015625
0 0.59609375 0.82890625 0.0390625 0.03125