0 0.140625 0.5265625 0.0140625 0.05
0 0.19921875 0.65234375 0.0171875 0.0125
0 0.5796875 0.53203125 0.0125 0.040625
0 0.29921875 0.7390625 0.01875 0.0375
0 0.73125 0.53203125 0.0125 0.040625
0 0.2265625 0.725 0.01875 0.009375
0 0.15546875 0.7421875 0.01875 0.034375
0 0.5359375 0.53203125 0.0125 0.040625
0 0.62265625 0.53125 0.0125 0.040625
0 0.68828125 0.53203125 0.0125 0.040625
18 0.1671875 0.559375 0.009375 0.0171875
18 0.1015625 0.559375 0.009375 0.0171875
18 0.12421875 0.5609375 0.009375 0.01875
18 0.1453125 0.56015625 0.009375 0.01875
18 0.1890625 0.5609375 0.009375 0.01875
18 0.18515625 0.7703125 0.00625 0.0109375
18 0.16875 0.75078125 0.00625 0.0125
18 0.26171875 0.75 0.00625 0.0125
0 0.296875 0.5328125 0.0125 0.040625
18 0.19453125 0.75 0.00625 0.0125
18 0.26796875 0.77109375 0.00625 0.0125
18 0.2875 0.75078125 0.00625 0.015625
18 0.2578125 0.559375 0.009375 0.01875
18 0.2796875 0.56015625 0.009375 0.01875
18 0.3 0.56015625 0.009375 0.01875
18 0.3234375 0.5609375 0.009375 0.01875
18 0.34453125 0.5609375 0.009375 0.01875
18 0.36640625 0.5609375 0.009375 0.01875
18 0.38828125 0.5609375 0.009375 0.01875
18 0.41015625 0.56015625 0.009375 0.01875
18 0.43046875 0.5609375 0.009375 0.01875
18 0.4546875 0.5609375 0.009375 0.01875
0 0.3625 0.5328125 0.0125 0.040625
18 0.47421875 0.56171875 0.009375 0.01875
18 0.496875 0.56015625 0.009375 0.01875
18 0.51875 0.5609375 0.009375 0.01875
18 0.53984375 0.56015625 0.009375 0.01875
18 0.5609375 0.5609375 0.009375 0.01875
18 0.58359375 0.56015625 0.009375 0.01875
18 0.60546875 0.5609375 0.009375 0.01875
18 0.62734375 0.56015625 0.009375 0.01875
18 0.6484375 0.56171875 0.009375 0.01875
18 0.66953125 0.56171875 0.009375 0.01875
18 0.69296875 0.5609375 0.009375 0.01875
18 0.7140625 0.5609375 0.009375 0.01875
18 0.734375 0.56015625 0.009375 0.01875
18 0.7578125 0.56015625 0.009375 0.01875
18 0.7796875 0.5609375 0.009375 0.01875
0 0.4484375 0.53359375 0.0125 0.040625
18 0.80078125 0.5609375 0.009375 0.01875
18 0.82109375 0.5609375 0.009375 0.01875
18 0.8453125 0.56015625 0.009375 0.01875
18 0.865625 0.56015625 0.009375 0.01875
18 0.88671875 0.56015625 0.009375 0.01875
18 0.90859375 0.56015625 0.009375 0.01875
0 0.86171875 0.53359375 0.0125 0.040625
6 0.26640625 0.78359375 0.00625 0.009375
0 0.3109375 0.77109375 0.034375 0.01875
0 0.18046875 0.75078125 0.01875 0.0171875
0 0.90546875 0.53203125 0.0125 0.040625
0 0.5140625 0.53203125 0.0125 0.040625
0 0.79609375 0.5328125 0.0125 0.040625
0 0.83984375 0.5328125 0.0125 0.040625
0 0.384375 0.5328125 0.0125 0.0390625
0 0.25390625 0.5328125 0.0125 0.040625
0 0.16328125 0.5265625 0.0125 0.05
0 0.8828125 0.53125 0.0125 0.040625
0 0.27265625 0.74765625 0.0203125 0.01875
0 0.2328125 0.65 0.0125 0.009375
0 0.47109375 0.53359375 0.0125 0.040625
0 0.49296875 0.53203125 0.0125 0.040625
0 0.753125 0.53203125 0.0125 0.040625
0 0.66640625 0.5328125 0.0125 0.040625
9 0.19453125 0.71328125 0.00625 0.0125
0 0.18359375 0.72109375 0.015625 0.01875
0 0.3890625 0.80703125 0.0328125 0.009375
9 0.26171875 0.71328125 0.00625 0.0109375
5 0.16640625 0.7703125 0.009375 0.015625
0 0.2734375 0.71953125 0.015625 0.0171875
0 0.77421875 0.53203125 0.0125 0.040625
25 0.2234375 0.65 0.00625 0.01875
0 0.60078125 0.53359375 0.0125 0.0375
0 0.20234375 0.76640625 0.01875 0.009375
0 0.40546875 0.5328125 0.0125 0.0375
0 0.5578125 0.53203125 0.0125 0.040625
0 0.31875 0.534375 0.0125 0.040625
0 0.81796875 0.5328125 0.0125 0.040625
5 0.2859375 0.76953125 0.009375 0.015625
0 0.18515625 0.53203125 0.0125 0.0421875
6 0.18671875 0.78359375 0.00625 0.009375
0 0.11875 0.52734375 0.0140625 0.05
0 0.096875 0.52734375 0.0125 0.05
0 0.25078125 0.765625 0.015625 0.0109375
0 0.33984375 0.5328125 0.0125 0.040625
0 0.42734375 0.53203125 0.0125 0.040625
2 0.2265625 0.7125 0.0328125 0.01875
0 0.71015625 0.5328125 0.0125 0.040625
0 0.14375 0.775 0.034375 0.0203125
0 0.64453125 0.5328125 0.0125 0.040625
0 0.27578125 0.5328125 0.0125 0.040625
28 0.2140625 0.65 0.0109375 0.01875