21 0.61875 0.225 0.009375 0.04453125
25 0.62109375 0.26328125 0.01171875 0.02890625
25 0.66875 0.26328125 0.01171875 0.02890625
0 0.590625 0.4046875 0.02421875 0.02109375
0 0.59609375 0.33203125 0.021875 0.01015625
0 0.65546875 0.40390625 0.0234375 0.021875
0 0.6875 0.3328125 0.02421875 0.01015625
0 0.64140625 0.26953125 0.0296875 0.01953125
18 0.67109375 0.3953125 0.0078125 0.02734375
2 0.64140625 0.328125 0.01796875 0.0140625
18 0.66875 0.3265625 0.00625 0.0171875
0 0.521875 0.2125 0.0578125 0.0109375
21 0.66875 0.225 0.009375 0.04453125
18 0.6171875 0.32734375 0.00625 0.01796875
18 0.6078125 0.39375 0.0078125 0.02734375
0 0.68359375 0.23359375 0.01953125 0.0109375
0 0.59453125 0.290625 0.04375 0.03203125
28 0.68203125 0.2640625 0.0125 0.02265625
0 0.69609375 0.290625 0.0421875 0.03046875
10 0.6125 0.33203125 0.00546875 0.0078125
10 0.66328125 0.33203125 0.00546875 0.0078125
0 0.60078125 0.23359375 0.02109375 0.01171875
28 0.6078125 0.2640625 0.0125 0.02265625