18 0.17421875 0.35625 0.00703125 0.0171875
18 0.06484375 0.3515625 0.00703125 0.0171875
0 0.2796875 0.42265625 0.01796875 0.02109375
18 0.1375 0.35078125 0.00703125 0.0171875
18 0.33125 0.35078125 0.00703125 0.0171875
18 0.41328125 0.35078125 0.00703125 0.0171875
0 0.35546875 0.32890625 0.01171875 0.01171875
28 0.2109375 0.396875 0.01328125 0.01953125
28 0.28203125 0.396875 0.01328125 0.01953125
0 0.209375 0.4234375 0.015625 0.0203125
18 0.2609375 0.35546875 0.00703125 0.0171875
18 0.26328125 0.2890625 0.0109375 0.009375
18 0.2625 0.25546875 0.0109375 0.009375
18 0.26328125 0.234375 0.0109375 0.009375
18 0.175 0.2890625 0.0109375 0.009375
18 0.05 0.35 0.00625 0.015625
18 0.0796875 0.35 0.00625 0.015625
18 0.09375 0.34921875 0.00625 0.015625
18 0.10859375 0.34921875 0.00625 0.015625
18 0.1234375 0.34921875 0.00625 0.015625
18 0.346875 0.35078125 0.00625 0.015625
18 0.359375 0.35078125 0.00625 0.015625
18 0.37265625 0.35 0.00625 0.015625
18 0.38671875 0.35 0.00625 0.015625
18 0.4 0.35 0.00625 0.015625
21 0.19296875 0.41796875 0.00625 0.0125
21 0.24375 0.41796875 0.00625 0.0125
0 0.3953125 0.32890625 0.01171875 0.01171875
0 0.11875 0.32890625 0.01171875 0.0125
0 0.27578125 0.24921875 0.01171875 0.01171875
0 0.328125 0.32890625 0.01171875 0.01171875
0 0.0609375 0.3296875 0.01171875 0.0125
6 0.17578125 0.3390625 0.00859375 0.0125
0 0.1734375 0.39453125 0.01796875 0.00859375
0 0.2546875 0.41953125 0.0109375 0.009375
0 0.19375 0.2796875 0.01171875 0.01015625
0 0.26015625 0.3953125 0.01796875 0.00859375
0 0.38125 0.32890625 0.01171875 0.01171875
0 0.10390625 0.32890625 0.01171875 0.0125
0 0.04609375 0.3296875 0.01171875 0.0125
0 0.3671875 0.32890625 0.01171875 0.01171875
0 0.34140625 0.32890625 0.01171875 0.01171875
0 0.24453125 0.2796875 0.01171875 0.01015625
0 0.175 0.41875 0.0109375 0.01015625
0 0.409375 0.32890625 0.01171875 0.01171875
0 0.27109375 0.2765625 0.01171875 0.01171875
0 0.25078125 0.35546875 0.01015625 0.0109375
31 0.20703125 0.290625 0.01328125 0.03828125
31 0.2328125 0.2921875 0.01328125 0.03828125
25 0.19453125 0.3953125 0.009375 0.0125
0 0.1734375 0.27734375 0.01171875 0.0125
6 0.26171875 0.3390625 0.00859375 0.0125
0 0.1890625 0.35546875 0.01015625 0.0109375
0 0.13359375 0.32890625 0.01171875 0.0125
0 0.08984375 0.3296875 0.01171875 0.0125
0 0.075 0.32890625 0.01171875 0.0125
25 0.2453125 0.39609375 0.009375 0.0125
0 0.275 0.22890625 0.01171875 0.01171875