7 0.5296875 0.51171875 0.015625 0.053125
0 0.8203125 0.5 0.028125 0.0390625
0 0.6828125 0.50078125 0.028125 0.0375
0 0.27265625 0.50234375 0.028125 0.040625
22 0.04296875 0.51171875 0.0109375 0.028125
0 0.75078125 0.50078125 0.028125 0.040625
0 0.8875 0.50078125 0.028125 0.0390625
0 0.03984375 0.66953125 0.01875 0.01875
0 0.41015625 0.50078125 0.028125 0.040625
0 0.0609375 0.50078125 0.028125 0.040625
0 0.13515625 0.50078125 0.028125 0.0375
0 0.478125 0.50078125 0.028125 0.040625
18 0.45703125 0.49375 0.009375 0.05625
0 0.615625 0.5015625 0.028125 0.0390625
18 0.9359375 0.49609375 0.009375 0.05
18 0.86640625 0.49765625 0.009375 0.05
0 0.3421875 0.49921875 0.034375 0.040625
18 0.59296875 0.4953125 0.009375 0.0546875
18 0.11484375 0.496875 0.009375 0.05
0 0.95625 0.5015625 0.028125 0.0359375
18 0.3890625 0.49453125 0.0109375 0.05625
18 0.7296875 0.49375 0.0109375 0.053125
18 0.2515625 0.49765625 0.009375 0.0515625
19 0.315625 0.49921875 0.0203125 0.059375
18 0.6609375 0.4953125 0.009375 0.0546875
7 0.18828125 0.5125 0.015625 0.053125
18 0.7984375 0.49453125 0.009375 0.0578125