0 0.54921875 0.1796875 0.0734375 0.05390625
6 0.8359375 0.775 0.028125 0.03046875
0 0.49453125 0.7734375 0.1296875 0.07890625
31 0.6359375 0.76640625 0.13828125 0.04453125
14 0.58359375 0.34375 0.03515625 0.046875
4 0.7484375 0.70859375 0.05234375 0.0359375
0 0.746875 0.33359375 0.16875 0.05234375
0 0.75390625 0.76484375 0.08359375 0.0828125
0 0.42265625 0.47734375 0.22265625 0.08828125
12 0.71796875 0.66015625 0.11015625 0.05
28 0.5640625 0.4671875 0.04921875 0.0625
25 0.6296875 0.45234375 0.06484375 0.06015625
0 0.73671875 0.60703125 0.153125 0.0625
0 0.5140625 0.34453125 0.096875 0.078125
18 0.62421875 0.13984375 0.0390625 0.0984375
0 0.746875 0.44375 0.17265625 0.05390625
25 0.63046875 0.34375 0.06484375 0.06015625
0 0.43671875 0.12421875 0.03828125 0.04375