0 0.6234375 0.35 0.025 0.0171875
25 0.6046875 0.3453125 0.009375 0.01875
0 0.69140625 0.35234375 0.01875 0.034375
0 0.6140625 0.43515625 0.0125 0.015625
10 0.59296875 0.403125 0.0078125 0.009375
18 0.70546875 0.340625 0.009375 0.01875
25 0.4359375 0.34609375 0.009375 0.01875
28 0.44921875 0.34609375 0.015625 0.01875
18 0.753125 0.340625 0.009375 0.01875
0 0.44453125 0.43671875 0.015625 0.01875
18 0.43203125 0.41640625 0.0109375 0.01875
0 0.44375 0.503125 0.009375 0.01875
0 0.61328125 0.503125 0.0109375 0.01875
0 0.48359375 0.3453125 0.05 0.028125
0 0.4171875 0.34921875 0.025 0.015625
0 0.5578125 0.4359375 0.0125 0.0171875
18 0.6015625 0.415625 0.0109375 0.01875
18 0.325 0.3390625 0.009375 0.01875
2 0.515625 0.3984375 0.015625 0.015625
18 0.48828125 0.41484375 0.0109375 0.01875
0 0.7390625 0.3515625 0.01875 0.03125
10 0.42421875 0.40390625 0.0078125 0.009375
21 0.6015625 0.49921875 0.009375 0.01875
0 0.50078125 0.4359375 0.0125 0.0171875
10 0.48046875 0.403125 0.0078125 0.009375
10 0.5375 0.40390625 0.0078125 0.009375
0 0.55625 0.34453125 0.05 0.025
0 0.31171875 0.3515625 0.01875 0.0328125
18 0.54453125 0.415625 0.0109375 0.01875
28 0.590625 0.34609375 0.015625 0.01875
21 0.4328125 0.4984375 0.009375 0.01875