18 0.28671875 0.12890625 0.0578125 0.028125
0 0.2375 0.309375 0.13125 0.0328125
0 0.596875 0.82890625 0.128125 0.0640625
5 0.14765625 0.2828125 0.059375 0.08125
0 0.85078125 0.0390625 0.0578125 0.03125
0 0.6453125 0.4015625 0.084375 0.0671875
31 0.7046875 0.77734375 0.040625 0.0296875
0 0.28671875 0.20390625 0.0796875 0.065625
25 0.7046875 0.63671875 0.05 0.05
15 0.4640625 0.63984375 0.065625 0.046875
28 0.6140625 0.64140625 0.0875 0.075
0 0.53515625 0.546875 0.30625 0.0984375
0 0.76015625 0.459375 0.06875 0.065625
13 0.534375 0.63984375 0.065625 0.0484375
25 0.703125 0.44765625 0.05 0.0546875
0 0.7828125 0.6546875 0.121875 0.0625
18 0.70078125 0.18203125 0.03125 0.04375
0 0.796875 0.196875 0.13125 0.065625
18 0.64765625 0.33125 0.05 0.028125