18 0.2375 0.55390625 0.109375 0.0125
0 0.240625 0.11875 0.0453125 0.025
18 0.24140625 0.403125 0.1015625 0.0125
0 0.240625 0.6484375 0.0453125 0.025
0 0.23984375 0.3453125 0.0453125 0.025
2 0.2921875 0.81640625 0.03125 0.0328125
0 0.23984375 0.1953125 0.0453125 0.025
0 0.24140625 0.2703125 0.0453125 0.025
0 0.10390625 0.87578125 0.028125 0.028125
25 0.221875 0.81328125 0.0671875 0.03125
0 0.234375 0.78515625 0.025 0.0203125
0 0.24140625 0.575 0.0453125 0.025
18 0.23515625 0.7046875 0.109375 0.0125
18 0.23984375 0.63046875 0.109375 0.0125
18 0.328125 0.77578125 0.084375 0.0125
18 0.32578125 0.85078125 0.084375 0.0140625
0 0.4328125 0.8390625 0.065625 0.025
28 0.21640625 0.84921875 0.0484375 0.015625
0 0.24140625 0.496875 0.0453125 0.025
18 0.23984375 0.478125 0.109375 0.0125
18 0.2390625 0.32578125 0.109375 0.0125
0 0.4328125 0.79140625 0.065625 0.025
0 0.23984375 0.72421875 0.0453125 0.025
18 0.2390625 0.175 0.109375 0.0125
18 0.2390625 0.09921875 0.109375 0.0125
0 0.24296875 0.42109375 0.0453125 0.025
18 0.24140625 0.25078125 0.1015625 0.0125