0 0.32421875 0.75 0.0421875 0.05859375
18 0.63203125 0.73671875 0.03984375 0.09609375
18 0.1890625 0.73515625 0.03984375 0.09609375
0 0.5046875 0.890625 0.1421875 0.0421875
0 0.678125 0.74921875 0.0421875 0.05859375
0 0.4984375 0.7515625 0.0421875 0.05859375
18 0.453125 0.73046875 0.03984375 0.09609375
18 0.27734375 0.7328125 0.03984375 0.09609375
0 0.9421875 0.75234375 0.0421875 0.05859375
18 0.89375 0.7328125 0.03984375 0.09609375
18 0.80703125 0.73125 0.03984375 0.09609375
18 0.71875 0.73125 0.03984375 0.09609375
0 0.23671875 0.7515625 0.0421875 0.05859375
0 0.76953125 0.75234375 0.0421875 0.05859375
0 0.41328125 0.75234375 0.0421875 0.05859375
0 0.85234375 0.7515625 0.0421875 0.05859375
18 0.3625 0.73203125 0.03984375 0.09609375