0 0.50546875 0.89921875 0.0421875 0.009375
0 0.5734375 0.621875 0.05 0.01875
0 0.54765625 0.12734375 0.046875 0.01875
0 0.5734375 0.4 0.046875 0.01875
0 0.66484375 0.83203125 0.040625 0.03125
9 0.51171875 0.659375 0.021875 0.00625
0 0.575 0.9140625 0.046875 0.01875
0 0.575 0.70078125 0.046875 0.01875
0 0.725 0.8796875 0.025 0.025
0 0.57578125 0.79375 0.0484375 0.01875
0 0.53203125 0.025 0.046875 0.01875
0 0.28046875 0.53203125 0.0171875 0.00625
0 0.5734375 0.76484375 0.05 0.01875
9 0.51484375 0.87578125 0.021875 0.00625
0 0.5734375 0.54296875 0.0484375 0.01875
9 0.51328125 0.8140625 0.021875 0.00625
0 0.57421875 0.5171875 0.0484375 0.01875
0 0.503125 0.77890625 0.0421875 0.009375
9 0.509375 0.7828125 0.021875 0.00625
9 0.51015625 0.721875 0.021875 0.00625
28 0.68515625 0.86171875 0.0390625 0.01875
0 0.5734375 0.59765625 0.0484375 0.01875
0 0.53359375 0.0546875 0.05 0.01875
0 0.503125 0.684375 0.0421875 0.009375
0 0.5734375 0.2234375 0.0484375 0.01875
0 0.57421875 0.15234375 0.0484375 0.01875
0 0.503125 0.928125 0.0421875 0.009375
0 0.7109375 0.965625 0.0109375 0.05
19 0.58046875 0.96328125 0.028125 0.0140625
19 0.58125 0.93203125 0.0296875 0.0140625
18 0.58671875 0.90390625 0.01875 0.0078125
18 0.5859375 0.87578125 0.01875 0.00625
18 0.5859375 0.84609375 0.01875 0.00625
18 0.58515625 0.78359375 0.021875 0.0078125
18 0.5859375 0.8140625 0.01875 0.00625
18 0.58515625 0.75078125 0.01875 0.00625
18 0.5859375 0.721875 0.021875 0.0078125
18 0.58515625 0.690625 0.021875 0.0078125
0 0.57265625 0.31171875 0.046875 0.01875
18 0.58671875 0.659375 0.01875 0.00625
18 0.5859375 0.6125 0.01875 0.0078125
0 0.5734375 0.09921875 0.0484375 0.01875
18 0.5859375 0.5875 0.01875 0.0078125
18 0.58671875 0.56171875 0.01875 0.00625
18 0.58671875 0.5328125 0.01875 0.0078125
18 0.58671875 0.5046875 0.01875 0.0078125
18 0.5859375 0.4765625 0.021875 0.009375
19 0.58046875 0.4390625 0.0296875 0.0140625
18 0.58671875 0.38671875 0.01875 0.00625
0 0.575 0.85625 0.046875 0.01875
18 0.58671875 0.29765625 0.01875 0.00625
18 0.58671875 0.20859375 0.01875 0.00625
18 0.5859375 0.14140625 0.01875 0.00625
0 0.57578125 0.825 0.05 0.01875
19 0.58046875 0.11328125 0.03125 0.0140625
0 0.5078125 0.83984375 0.0421875 0.009375
18 0.5875 0.08984375 0.01875 0.00625
18 0.58671875 0.053125 0.01875 0.00625
18 0.5859375 0.0265625 0.0171875 0.009375
18 0.72265625 0.8625 0.01875 0.00625
0 0.50390625 0.6546875 0.0421875 0.009375
0 0.575 0.73203125 0.046875 0.01875
0 0.57421875 0.4546875 0.05 0.015625
0 0.509375 0.8078125 0.0421875 0.009375
0 0.571875 0.98125 0.046875 0.015625
0 0.575 0.94765625 0.046875 0.015625
0 0.57578125 0.6703125 0.05 0.01875
9 0.515625 0.8453125 0.021875 0.00625
0 0.50859375 0.86953125 0.0421875 0.009375
0 0.57421875 0.57265625 0.046875 0.01875
0 0.503125 0.715625 0.0421875 0.009375
9 0.5140625 0.90390625 0.021875 0.00625
0 0.575 0.8859375 0.0484375 0.01875
9 0.51015625 0.690625 0.021875 0.00625
0 0.5734375 0.4890625 0.046875 0.01875