18 0.8640625 0.38046875 0.021875 0.04375
18 0.72734375 0.38203125 0.021875 0.04375
0 0.55703125 0.39140625 0.046875 0.071875
18 0.796875 0.3796875 0.021875 0.04375
18 0.34609375 0.38671875 0.021875 0.04375
18 0.275 0.3828125 0.021875 0.04375
18 0.20703125 0.37890625 0.021875 0.04375
0 0.83046875 0.3859375 0.04375 0.0765625
0 0.03671875 0.3921875 0.046875 0.071875
0 0.2421875 0.38671875 0.046875 0.071875
0 0.1734375 0.38671875 0.046875 0.071875
18 0.140625 0.38125 0.021875 0.04375
0 0.31171875 0.3875 0.046875 0.071875
0 0.4625 0.22265625 0.26875 0.028125
0 0.69375 0.384375 0.046875 0.071875
18 0.66171875 0.38359375 0.021875 0.04375
0 0.76171875 0.38828125 0.046875 0.071875
0 0.6265625 0.38828125 0.046875 0.071875
0 0.10703125 0.38984375 0.046875 0.071875
18 0.59296875 0.38046875 0.021875 0.04375
18 0.071875 0.38046875 0.021875 0.04375