0 0.6453125 0.1953125 0.06640625 0.02109375
0 0.2921875 0.96484375 0.225 0.04296875
18 0.484375 0.52265625 0.053125 0.0265625
13 0.6234375 0.41328125 0.04453125 0.03203125
0 0.728125 0.73125 0.1328125 0.06640625
0 0.4953125 0.50078125 0.103125 0.03359375
0 0.475 0.7484375 0.1328125 0.0203125
25 0.56953125 0.39453125 0.04765625 0.0484375
24 0.6375 0.375 0.09140625 0.040625
0 0.609375 0.3640625 0.0265625 0.01796875
15 0.7140625 0.3796875 0.04609375 0.03359375
13 0.66796875 0.41328125 0.04453125 0.03203125
0 0.4765625 0.40234375 0.13515625 0.0171875
25 0.56640625 0.73828125 0.0421875 0.04921875
6 0.40546875 0.5328125 0.05234375 0.0390625
28 0.63046875 0.73046875 0.06796875 0.05234375
0 0.41328125 0.83828125 0.0703125 0.04921875
4 0.56796875 0.18125 0.02890625 0.0515625
13 0.71328125 0.415625 0.04453125 0.03203125
31 0.59921875 0.81015625 0.07265625 0.04765625