0 0.184375 0.7390625 0.01171875 0.0203125
31 0.1859375 0.8109375 0.00859375 0.0234375
6 0.13984375 0.87421875 0.00703125 0.00859375
0 0.153125 0.7390625 0.0125 0.01953125
18 0.13828125 0.85625 0.00703125 0.015625
18 0.19765625 0.85625 0.00703125 0.015625
0 0.08203125 0.85703125 0.04375 0.0234375
0 0.2078125 0.771875 0.01015625 0.01875
0 0.17109375 0.79375 0.009375 0.009375
6 0.2 0.87421875 0.00703125 0.01015625
25 0.20078125 0.7390625 0.0109375 0.02265625
28 0.1296875 0.73984375 0.01328125 0.0171875
0 0.09140625 0.7421875 0.059375 0.01953125
0 0.12734375 0.771875 0.009375 0.01953125
31 0.15625 0.8109375 0.009375 0.021875
18 0.1390625 0.7671875 0.00703125 0.02109375
18 0.19765625 0.7671875 0.00703125 0.02109375
0 0.25078125 0.7421875 0.059375 0.021875
25 0.1421875 0.7390625 0.0109375 0.0234375
28 0.21328125 0.740625 0.01171875 0.01875