12 0.28046875 0.6796875 0.1515625 0.0515625
31 0.3921875 0.7890625 0.18984375 0.04140625
25 0.4 0.35859375 0.08671875 0.0578125
0 0.6578125 0.1375 0.08984375 0.05703125
14 0.465625 0.359375 0.04296875 0.0453125
4 0.23671875 0.73125 0.071875 0.028125
18 0.390625 0.15390625 0.04296875 0.096875
25 0.40234375 0.47421875 0.08671875 0.0578125
0 0.2171875 0.78125 0.11015625 0.07890625
0 0.55625 0.3625 0.1328125 0.07890625
6 0.1140625 0.796875 0.03984375 0.0296875
0 0.15859375 0.63984375 0.1546875 0.08125
0 0.59765625 0.79609375 0.1796875 0.08515625
0 0.303125 0.50546875 0.096875 0.0515625
0 0.296875 0.19453125 0.1015625 0.05390625
0 0.30390625 0.35234375 0.09453125 0.04765625