18 0.3875 0.50859375 0.0171875 0.05
18 0.54375 0.37890625 0.0171875 0.0515625
25 0.45390625 0.3046875 0.02421875 0.05390625
31 0.53203125 0.5421875 0.02578125 0.0515625
0 0.5640625 0.23671875 0.0375 0.05859375
30 0.559375 0.58203125 0.03046875 0.0625
31 0.4625 0.5421875 0.02578125 0.0515625
30 0.3828125 0.58515625 0.03046875 0.0625
0 0.84375 0.6359375 0.0734375 0.090625
0 0.4265625 0.23984375 0.0375 0.05859375
0 0.565625 0.384375 0.02265625 0.028125
0 0.428125 0.384375 0.02421875 0.0234375
0 0.42578125 0.58671875 0.05625 0.05859375
0 0.49375 0.503125 0.03984375 0.03671875
0 0.5859375 0.53203125 0.01640625 0.028125
28 0.4828125 0.3 0.0296875 0.0625
28 0.56796875 0.3015625 0.0296875 0.0625
0 0.4125 0.534375 0.01484375 0.028125
18 0.459375 0.37890625 0.02109375 0.04765625
18 0.5625 0.50625 0.0171875 0.05
25 0.5390625 0.30546875 0.02421875 0.05390625
0 0.59921875 0.58671875 0.053125 0.05390625