6 0.45234375 0.26796875 0.00546875 0.0078125
18 0.4125 0.2265625 0.009375 0.01953125
0 0.45625 0.23125 0.0140625 0.015625
0 0.3953125 0.26171875 0.01171875 0.0078125
18 0.43984375 0.22734375 0.009375 0.01953125
0 0.4390625 0.13359375 0.034375 0.00859375
0 0.44765625 0.1765625 0.02421875 0.0171875
0 0.459375 0.26015625 0.0125 0.00859375
25 0.43046875 0.17265625 0.00859375 0.01015625
2 0.43125 0.20234375 0.03515625 0.01953125
18 0.45078125 0.253125 0.00546875 0.01328125
0 0.39296875 0.2453125 0.015625 0.01015625
18 0.4046875 0.253125 0.00625 0.01171875
0 0.45546875 0.24140625 0.0171875 0.009375
6 0.40625 0.26796875 0.00546875 0.0078125
0 0.3953125 0.2296875 0.01328125 0.015625
28 0.42109375 0.1734375 0.00859375 0.01640625
0 0.40390625 0.17109375 0.0390625 0.03125