0 0.55 0.22109375 0.025 0.025
0 0.73984375 0.23671875 0.0125 0.025
0 0.78046875 0.3015625 0.040625 0.01875
25 0.58203125 0.28984375 0.0109375 0.025
18 0.56015625 0.20625 0.025 0.0125
0 0.73671875 0.34921875 0.0203125 0.025
25 0.75078125 0.28046875 0.0109375 0.025
31 0.58203125 0.24140625 0.0125 0.0203125
0 0.721875 0.271875 0.046875 0.021875
0 0.60859375 0.2765625 0.046875 0.0265625
0 0.55078125 0.3046875 0.040625 0.0125
18 0.7703125 0.20703125 0.025 0.0125
31 0.75 0.24140625 0.0125 0.0203125
0 0.57109375 0.23515625 0.0109375 0.0265625
4 0.58203125 0.35546875 0.0078125 0.025
28 0.77421875 0.2796875 0.0140625 0.025
28 0.55703125 0.2796875 0.0140625 0.025
0 0.80859375 0.44765625 0.0453125 0.034375
4 0.75 0.35625 0.0078125 0.025
0 0.78125 0.22109375 0.025 0.025
0 0.59609375 0.34921875 0.028125 0.0265625