28 0.6359375 0.365625 0.0734375 0.034375
0 0.54296875 0.28515625 0.053125 0.065625
0 0.63125 0.09453125 0.028125 0.084375
4 0.53984375 0.3296875 0.0625 0.021875
0 0.63984375 0.27421875 0.05625 0.06875
28 0.63515625 0.82421875 0.0734375 0.0359375
25 0.6375 0.3234375 0.0609375 0.034375
0 0.6421875 0.734375 0.05 0.071875
0 0.54375 0.55859375 0.021875 0.025
0 0.54453125 0.83125 0.0515625 0.0625
0 0.5078125 0.503125 0.021875 0.0375
0 0.50859375 0.609375 0.021875 0.0375
31 0.48828125 0.5359375 0.04375 0.03125
25 0.6375 0.784375 0.065625 0.0328125
31 0.490625 0.58125 0.0375 0.028125
0 0.64375 0.8984375 0.05 0.1
0 0.64296875 0.434375 0.059375 0.1015625
4 0.54296875 0.78828125 0.0625 0.021875