25 0.29296875 0.4546875 0.046875 0.1015625
24 0.171875 0.853125 0.0484375 0.1609375
0 0.38671875 0.2984375 0.059375 0.171875
0 0.52265625 0.5484375 0.059375 0.13125
18 0.62421875 0.546875 0.0484375 0.0421875
28 0.29609375 0.56640625 0.0625 0.0953125
13 0.121875 0.80234375 0.0359375 0.0359375
0 0.31171875 0.78359375 0.121875 0.31875
25 0.35078125 0.45390625 0.046875 0.1015625
13 0.121875 0.74765625 0.0359375 0.0359375
0 0.63203125 0.65625 0.05625 0.128125
31 0.5 0.42421875 0.08125 0.0734375
0 0.81171875 0.1625 0.034375 0.240625
6 0.690625 0.5328125 0.046875 0.06875
0 0.2890625 0.2890625 0.05625 0.1859375
4 0.1359375 0.4609375 0.0515625 0.04375
13 0.121875 0.68828125 0.0359375 0.0359375
0 0.14375 0.56953125 0.05625 0.1359375
15 0.12421875 0.8984375 0.03125 0.03125