28 0.1078125 0.3265625 0.071875 0.046875
25 0.10234375 0.4578125 0.0625 0.034375
0 0.36796875 0.5625 0.0546875 0.053125
6 0.55546875 0.6390625 0.04375 0.03125
0 0.0328125 0.83203125 0.0296875 0.1546875
0 0.56953125 0.58125 0.025 0.0890625
9 0.23671875 0.5234375 0.059375 0.0234375
0 0.4953125 0.23203125 0.053125 0.0875
0 0.49765625 0.5890625 0.05625 0.075
2 0.19296875 0.4578125 0.0359375 0.05625
0 0.271875 0.31484375 0.053125 0.109375
0 0.57265625 0.2296875 0.034375 0.09375
0 0.27265625 0.59296875 0.05625 0.109375
0 0.1046875 0.24609375 0.08125 0.109375
6 0.55625 0.2859375 0.04375 0.034375
18 0.475 0.6453125 0.05625 0.028125
18 0.475 0.29375 0.0546875 0.025
9 0.23828125 0.38671875 0.059375 0.021875
18 0.36484375 0.3875 0.0546875 0.025
18 0.36484375 0.5234375 0.0546875 0.025
0 0.11484375 0.4015625 0.053125 0.0765625
0 0.36953125 0.34453125 0.05625 0.059375