28 0.8921875 0.6734375 0.071875 0.0484375
25 0.89765625 0.5421875 0.0625 0.034375
0 0.63203125 0.4375 0.0546875 0.053125
6 0.44453125 0.3609375 0.04375 0.03125
0 0.9671875 0.16796875 0.0296875 0.1546875
0 0.43046875 0.41875 0.025 0.0890625
9 0.76328125 0.4765625 0.059375 0.0234375
0 0.5046875 0.76796875 0.053125 0.0875
0 0.50234375 0.4109375 0.05625 0.075
2 0.80703125 0.5421875 0.0359375 0.05625
0 0.728125 0.68515625 0.053125 0.109375
0 0.42734375 0.7703125 0.034375 0.09375
0 0.72734375 0.40703125 0.05625 0.109375
0 0.8953125 0.75390625 0.08125 0.109375
6 0.44375 0.7140625 0.04375 0.034375
18 0.525 0.3546875 0.05625 0.028125
18 0.525 0.70625 0.0546875 0.025
9 0.76171875 0.61328125 0.059375 0.021875
18 0.63515625 0.6125 0.0546875 0.025
18 0.63515625 0.4765625 0.0546875 0.025
0 0.88515625 0.5984375 0.053125 0.0765625
0 0.63046875 0.65546875 0.05625 0.059375