28 0.28125 0.46171875 0.015625 0.021875
18 0.2296875 0.43046875 0.009375 0.0171875
9 0.2296875 0.49765625 0.009375 0.01875
9 0.2796875 0.49921875 0.009375 0.01875
0 0.225 0.5390625 0.0125 0.025
0 0.25546875 0.5390625 0.0125 0.025
18 0.2796875 0.43203125 0.009375 0.0171875
18 0.1234375 0.53984375 0.00625 0.015625
18 0.15390625 0.540625 0.00625 0.015625
0 0.29609375 0.42421875 0.0203125 0.01875
18 0.184375 0.540625 0.00625 0.015625
0 0.0671875 0.546875 0.040625 0.0109375
0 0.3171875 0.53984375 0.0125 0.025
18 0.21484375 0.54140625 0.00625 0.015625
18 0.2453125 0.54140625 0.00625 0.015625
18 0.27578125 0.540625 0.00625 0.015625
18 0.30703125 0.540625 0.00625 0.015625
18 0.3375 0.54140625 0.00625 0.015625
0 0.34765625 0.53984375 0.0125 0.025
2 0.25546875 0.48203125 0.0171875 0.015625
0 0.1640625 0.5390625 0.0125 0.025
0 0.21484375 0.4234375 0.0203125 0.01875
0 0.2875 0.53984375 0.0125 0.025
0 0.13359375 0.5390625 0.0125 0.0265625
0 0.1953125 0.53984375 0.0125 0.025
0 0.3015625 0.49375 0.0296875 0.021875
0 0.2125 0.49296875 0.028125 0.01875
28 0.23203125 0.4609375 0.015625 0.021875
0 0.19921875 0.4609375 0.046875 0.025
0 0.3125 0.4609375 0.046875 0.025