0 0.765625 0.30546875 0.06875 0.146875
0 0.31484375 0.490625 0.071875 0.0734375
21 0.27578125 0.4078125 0.0625 0.0546875
4 0.76796875 0.42734375 0.0890625 0.05
0 0.8953125 0.07265625 0.034375 0.0359375
15 0.94296875 0.1203125 0.04375 0.046875
0 0.84140625 0.36875 0.059375 0.06875
28 0.6015625 0.49375 0.09375 0.0734375
13 0.940625 0.1734375 0.0515625 0.05
25 0.8546875 0.434375 0.05625 0.0640625
0 0.49296875 0.53828125 0.121875 0.215625
0 0.6015625 0.29375 0.09375 0.1640625
13 0.8921875 0.12265625 0.0515625 0.05
25 0.6015625 0.4296875 0.05 0.0625
13 0.89375 0.1734375 0.0515625 0.05
0 0.853125 0.60390625 0.159375 0.0796875