0 0.3609375 0.2984375 0.0484375 0.025
7 0.471875 0.37578125 0.0140625 0.03125
10 0.3625 0.32734375 0.0265625 0.0390625
0 0.58203125 0.52578125 0.0578125 0.040625
21 0.4140625 0.275 0.01875 0.034375
0 0.278125 0.528125 0.0625 0.046875
21 0.35859375 0.371875 0.01875 0.034375
0 0.2296875 0.346875 0.1359375 0.103125
6 0.628125 0.50234375 0.0203125 0.028125
7 0.34375 0.3765625 0.0140625 0.03125
6 0.23046875 0.50390625 0.0203125 0.028125
0 0.6203125 0.34765625 0.1375 0.1
2 0.4234375 0.35703125 0.05625 0.03125
21 0.4875 0.37421875 0.01875 0.034375
0 0.49921875 0.296875 0.05 0.0234375
18 0.5265625 0.33125 0.025 0.0515625
18 0.315625 0.33046875 0.028125 0.0515625
0 0.1671875 0.1828125 0.165625 0.071875
18 0.5796875 0.49453125 0.025 0.028125
18 0.278125 0.4953125 0.025 0.0265625
10 0.49921875 0.32734375 0.028125 0.040625
7 0.3984375 0.278125 0.0140625 0.03125