18 0.1234375 0.74375 0.0515625 0.0703125
0 0.56640625 0.65390625 0.08671875 0.02109375
0 0.39765625 0.69453125 0.0765625 0.0453125
0 0.234375 0.69609375 0.0765625 0.0453125
18 0.76875 0.7421875 0.0515625 0.065625
0 0.54296875 0.72421875 0.0765625 0.0453125
18 0.60703125 0.74375 0.05078125 0.07265625
18 0.446875 0.7421875 0.053125 0.06953125
9 0.60703125 0.671875 0.0453125 0.03828125
0 0.05625 0.1609375 0.06796875 0.0203125
18 0.28671875 0.74296875 0.05078125 0.06796875
0 0.71953125 0.69453125 0.0765625 0.0453125
0 0.075 0.696875 0.0765625 0.0453125