18 0.64140625 0.3109375 0.0125 0.1
18 0.70390625 0.31484375 0.0125 0.10625
0 0.68125 0.31484375 0.0328125 0.1390625
0 0.0640625 0.29296875 0.05 0.1
0 0.62109375 0.3109375 0.0328125 0.1390625
0 0.26796875 0.3109375 0.0328125 0.1390625
0 0.9828125 0.05546875 0.025 0.040625
18 0.828125 0.3109375 0.0125 0.10625
18 0.58046875 0.30703125 0.0125 0.1
18 0.2171875 0.3109375 0.0140625 0.10625
0 0.746875 0.31328125 0.0328125 0.1390625
0 0.496875 0.3125 0.0328125 0.1390625
18 0.7671875 0.3109375 0.0125 0.10625
0 0.346875 0.31328125 0.0328125 0.1390625
18 0.09296875 0.3109375 0.0140625 0.10625
0 0.5609375 0.3109375 0.0328125 0.1390625
18 0.37109375 0.31015625 0.0140625 0.10625
0 0.1296875 0.3203125 0.0203125 0.1140625
19 0.153125 0.32265625 0.01875 0.1234375
18 0.28671875 0.3109375 0.0140625 0.10625
0 0.1984375 0.3109375 0.0328125 0.1390625
0 0.80859375 0.31484375 0.0328125 0.1390625
18 0.5171875 0.303125 0.0125 0.10625