25 0.3171875 0.78203125 0.0046875 0.0140625
0 0.33125 0.7609375 0.0203125 0.0203125
0 0.30859375 0.784375 0.0125 0.0109375
0 0.40078125 0.80078125 0.01171875 0.0078125
18 0.3515625 0.76640625 0.00703125 0.01328125
0 0.3453125 0.79140625 0.02890625 0.03671875
0 0.36640625 0.76328125 0.01796875 0.021875
28 0.2671875 0.7828125 0.0109375 0.01953125
0 0.24609375 0.78828125 0.02890625 0.0375
28 0.32578125 0.7828125 0.0109375 0.01953125
18 0.31875 0.76640625 0.00703125 0.01328125
0 0.278125 0.7609375 0.01875 0.0203125
25 0.2890625 0.78203125 0.0046875 0.0140625
0 0.28046875 0.78515625 0.0140625 0.0109375
2 0.31875 0.74453125 0.0765625 0.015625
18 0.290625 0.765625 0.00625 0.01484375