18 0.37109375 0.51328125 0.0109375 0.021875
18 0.34921875 0.51328125 0.0109375 0.021875
18 0.4 0.51328125 0.0109375 0.021875
18 0.421875 0.51328125 0.0109375 0.021875
18 0.3265625 0.51328125 0.0109375 0.021875
18 0.303125 0.5140625 0.0109375 0.021875
18 0.44296875 0.51328125 0.0109375 0.021875
0 0.340625 0.4828125 0.01953125 0.01640625
18 0.28125 0.51328125 0.0109375 0.021875
0 0.2734375 0.4828125 0.01953125 0.01640625
18 0.2609375 0.5140625 0.0109375 0.021875
18 0.240625 0.51328125 0.0109375 0.021875
18 0.46640625 0.51328125 0.0109375 0.021875
18 0.496875 0.52109375 0.0109375 0.021875
0 0.459375 0.4828125 0.01953125 0.01640625
0 0.41484375 0.4828125 0.01953125 0.01640625
0 0.23125 0.4828125 0.01953125 0.01640625
21 0.52890625 0.61328125 0.0109375 0.01875
0 0.52265625 0.52265625 0.01640625 0.0171875
18 0.21796875 0.51328125 0.0109375 0.021875
28 0.559375 0.5828125 0.02109375 0.02890625
0 0.4953125 0.58125 0.028125 0.0125
0 0.49453125 0.6171875 0.01875 0.01328125
0 0.29609375 0.4828125 0.01953125 0.01640625
0 0.43671875 0.48359375 0.01953125 0.01640625
0 0.58515625 0.58515625 0.02734375 0.03046875
6 0.5 0.496875 0.01484375 0.01953125
0 0.39140625 0.4828125 0.01953125 0.01640625
25 0.53203125 0.58125 0.01640625 0.01796875
0 0.3640625 0.4828125 0.01953125 0.01640625
0 0.20859375 0.4828125 0.01953125 0.01640625
0 0.31953125 0.4828125 0.01953125 0.01640625
0 0.25390625 0.4828125 0.01953125 0.01640625