18 0.89375 0.246875 0.0265625 0.05625
0 0.2734375 0.23828125 0.0734375 0.109375
0 0.49375 0.26796875 0.075 0.1125
7 0.553125 0.25 0.0140625 0.015625
18 0.45859375 0.24609375 0.0265625 0.05625
18 0.7859375 0.24921875 0.0265625 0.05625
0 0.821875 0.26953125 0.078125 0.10625
18 0.35078125 0.2484375 0.0265625 0.05625
18 0.2390625 0.25 0.0265625 0.05625
7 0.6640625 0.25078125 0.0140625 0.015625
0 0.92734375 0.26796875 0.0765625 0.103125
0 0.71640625 0.2390625 0.08125 0.171875
0 0.603125 0.23984375 0.078125 0.165625
0 0.38515625 0.23984375 0.075 0.103125
0 0.6953125 0.078125 0.31875 0.04375