0 0.45 0.77890625 0.02421875 0.02578125
0 0.26015625 0.76328125 0.01328125 0.02578125
0 0.21953125 0.6984375 0.040625 0.01953125
25 0.41796875 0.71015625 0.0109375 0.02578125
18 0.43984375 0.79375 0.02421875 0.01171875
0 0.26328125 0.65078125 0.0203125 0.02421875
25 0.24921875 0.71953125 0.0109375 0.02578125
31 0.41796875 0.75859375 0.01328125 0.0203125
0 0.278125 0.728125 0.04765625 0.02265625
0 0.39140625 0.7234375 0.046875 0.0265625
0 0.44921875 0.6953125 0.04140625 0.0125
18 0.2296875 0.79296875 0.025 0.01171875
31 0.25 0.75859375 0.01328125 0.0203125
0 0.42890625 0.76484375 0.0109375 0.0265625
4 0.41796875 0.64453125 0.0078125 0.02421875
28 0.22578125 0.7203125 0.0140625 0.025
28 0.44296875 0.7203125 0.0140625 0.025
0 0.19140625 0.55234375 0.0453125 0.03359375
4 0.25 0.64375 0.0078125 0.02421875
0 0.21875 0.77890625 0.02578125 0.02578125
0 0.40390625 0.65078125 0.02734375 0.0265625