0 0.71953125 0.2625 0.121875 0.04375
4 0.6890625 0.23203125 0.15625 0.01875
0 0.7140625 0.15859375 0.121875 0.04375
4 0.6859375 0.54453125 0.15625 0.01875
4 0.6859375 0.65546875 0.15625 0.01875
4 0.6859375 0.43125 0.15625 0.01875
0 0.321875 0.321875 0.05625 0.03125
0 0.7109375 0.68671875 0.121875 0.04375
0 0.7109375 0.57578125 0.121875 0.04375
0 0.703125 0.3546875 0.121875 0.04375
4 0.6859375 0.3328125 0.15625 0.01875
0 0.70546875 0.459375 0.121875 0.04375
0 0.375 0.14453125 0.071875 0.1171875
21 0.325 0.2984375 0.1 0.01875
4 0.6859375 0.12734375 0.15625 0.01875