0 0.77265625 0.18046875 0.0328125 0.046875
18 0.48515625 0.21015625 0.01875 0.084375
18 0.4171875 0.209375 0.01875 0.084375
18 0.34921875 0.20546875 0.01875 0.084375
0 0.70546875 0.17890625 0.0328125 0.046875
0 0.3 0.17890625 0.034375 0.046875
0 0.4359375 0.18046875 0.034375 0.046875
0 0.0984375 0.18046875 0.034375 0.046875
0 0.63671875 0.18203125 0.0328125 0.046875
0 0.16640625 0.17890625 0.034375 0.046875
0 0.36875 0.18203125 0.0375 0.046875
18 0.55234375 0.20859375 0.01875 0.084375
0 0.23359375 0.1796875 0.034375 0.046875
18 0.8921875 0.2015625 0.01875 0.090625
18 0.8234375 0.203125 0.01875 0.090625
18 0.75546875 0.20078125 0.01875 0.090625
18 0.68671875 0.20234375 0.01875 0.090625
18 0.62109375 0.203125 0.01875 0.090625
18 0.08046875 0.20703125 0.01875 0.084375
18 0.14765625 0.20625 0.01875 0.084375
18 0.21484375 0.20703125 0.01875 0.084375
18 0.2828125 0.2078125 0.01875 0.084375
0 0.51171875 0.17890625 0.05 0.021875
0 0.8484375 0.17890625 0.05 0.0234375
0 0.915625 0.18046875 0.05 0.021875
0 0.57734375 0.17890625 0.05 0.021875