0 0.39140625 0.62578125 0.0578125 0.075
31 0.6 0.53203125 0.034375 0.103125
6 0.60625 0.38125 0.0234375 0.021875
0 0.59453125 0.44765625 0.0578125 0.0578125
25 0.390625 0.53671875 0.046875 0.05
0 0.4375 0.47890625 0.0375 0.05
28 0.44453125 0.57421875 0.0375 0.025
25 0.44609375 0.5359375 0.046875 0.05
0 0.175 0.68203125 0.0328125 0.028125
12 0.515625 0.4703125 0.0375 0.0875
4 0.55546875 0.4484375 0.0234375 0.040625
0 0.4546875 0.63828125 0.0625 0.1
0 0.6140625 0.60859375 0.01875 0.03125
18 0.18984375 0.5421875 0.06875 0.028125
0 0.38359375 0.45 0.040625 0.125
0 0.21875 0.5046875 0.040625 0.053125
14 0.390625 0.5734375 0.034375 0.025
0 0.471875 0.40625 0.059375 0.0859375