0 0.88125 0.2125 0.115625 0.1515625
31 0.29921875 0.5390625 0.075 0.0734375
0 0.3796875 0.54375 0.053125 0.034375
6 0.36640625 0.715625 0.05 0.06875
0 0.40234375 0.27890625 0.109375 0.034375
4 0.7109375 0.38984375 0.0296875 0.084375
25 0.32578125 0.26015625 0.040625 0.0625
0 0.14140625 0.775 0.1125 0.034375
25 0.7203125 0.259375 0.040625 0.0625
31 0.69375 0.5359375 0.08125 0.0734375
6 0.75703125 0.7171875 0.0453125 0.0671875
4 0.31796875 0.38984375 0.028125 0.0875
0 0.76953125 0.5703125 0.046875 0.0328125
18 0.70625 0.64375 0.0453125 0.040625
18 0.31640625 0.64609375 0.0453125 0.040625
0 0.6484375 0.275 0.1046875 0.028125
0 0.3765625 0.40625 0.090625 0.06875
0 0.778125 0.40625 0.0890625 0.071875
28 0.784375 0.26171875 0.0765625 0.134375
28 0.23125 0.26328125 0.078125 0.14375
0 0.13046875 0.25859375 0.1265625 0.15