0 0.35078125 0.33984375 0.0578125 0.0125
9 0.43359375 0.33125 0.04375 0.084375
0 0.35 0.9453125 0.059375 0.0140625
0 0.34921875 0.096875 0.0578125 0.0125
0 0.35 0.1359375 0.0578125 0.0125
0 0.365625 0.70234375 0.084375 0.0140625
0 0.3515625 0.5 0.065625 0.0140625
0 0.09921875 0.703125 0.03125 0.015625
0 0.36484375 0.74375 0.084375 0.0140625
0 0.365625 0.62265625 0.084375 0.0140625
0 0.3640625 0.8234375 0.084375 0.0140625
0 0.3515625 0.58125 0.065625 0.0140625
0 0.346875 0.178125 0.0578125 0.0125
19 0.30234375 0.60625 0.075 0.01875
0 0.35078125 0.3796875 0.0578125 0.0125
0 0.35 0.05703125 0.0578125 0.0125
0 0.3484375 0.25859375 0.0578125 0.0125
19 0.30234375 0.6453125 0.075 0.01875
19 0.303125 0.6875 0.075 0.01875
0 0.35078125 0.984375 0.059375 0.0140625
19 0.30234375 0.72578125 0.075 0.01875
0 0.35078125 0.540625 0.065625 0.0140625
19 0.30234375 0.76796875 0.075 0.01875
19 0.30234375 0.8078125 0.075 0.01875
0 0.353125 0.42265625 0.065625 0.0140625
18 0.29453125 0.16484375 0.06875 0.0125
0 0.365625 0.66171875 0.084375 0.0140625
18 0.29609375 0.2046875 0.06875 0.0125
18 0.29375 0.2453125 0.06875 0.0125
18 0.2953125 0.04375 0.065625 0.0125
18 0.29765625 0.08359375 0.065625 0.0125
18 0.296875 0.12421875 0.065625 0.0125
18 0.29765625 0.32578125 0.065625 0.0125
0 0.365625 0.78359375 0.084375 0.0140625
18 0.296875 0.3671875 0.065625 0.0125
0 0.34921875 0.21796875 0.0578125 0.0125
18 0.29609375 0.40703125 0.065625 0.0125
18 0.296875 0.44765625 0.065625 0.0125
0 0.05859375 0.87421875 0.021875 0.065625
18 0.296875 0.4875 0.065625 0.0125
18 0.2953125 0.5265625 0.065625 0.0125
0 0.4421875 0.271875 0.03125 0.0390625
18 0.296875 0.56875 0.065625 0.0125
0 0.34921875 0.9046875 0.059375 0.0140625
18 0.2953125 0.85 0.06875 0.0125
18 0.29375 0.890625 0.06875 0.0125
18 0.2953125 0.93125 0.06875 0.0125
18 0.29453125 0.97109375 0.06875 0.0125
18 0.09375 0.68828125 0.0578125 0.0125
0 0.35078125 0.86328125 0.059375 0.0140625
0 0.3515625 0.46015625 0.065625 0.0140625