0 0.66015625 0.35078125 0.01171875 0.0578125
9 0.66875 0.43359375 0.08359375 0.04375
0 0.0546875 0.35 0.0140625 0.059375
0 0.903125 0.34921875 0.01171875 0.0578125
0 0.8640625 0.35 0.01171875 0.0578125
0 0.29765625 0.365625 0.0140625 0.08515625
0 0.5 0.3515625 0.0140625 0.06484375
0 0.296875 0.09921875 0.015625 0.03046875
0 0.25625 0.36484375 0.0140625 0.08515625
0 0.37734375 0.365625 0.0140625 0.08515625
0 0.1765625 0.3640625 0.0140625 0.08515625
0 0.41875 0.3515625 0.0140625 0.06484375
0 0.821875 0.346875 0.01171875 0.0578125
19 0.39375 0.30234375 0.01875 0.07421875
0 0.6203125 0.35078125 0.01171875 0.0578125
0 0.94296875 0.35 0.01171875 0.0578125
0 0.74140625 0.3484375 0.01171875 0.0578125
19 0.3546875 0.30234375 0.01875 0.07421875
19 0.3125 0.303125 0.01875 0.07421875
0 0.015625 0.35078125 0.0140625 0.059375
19 0.27421875 0.30234375 0.01875 0.07421875
0 0.459375 0.35078125 0.0140625 0.06484375
19 0.23203125 0.30234375 0.01875 0.07421875
19 0.1921875 0.30234375 0.01875 0.07421875
0 0.57734375 0.353125 0.0140625 0.06484375
18 0.83515625 0.29453125 0.0125 0.06796875
0 0.33828125 0.365625 0.0140625 0.08515625
18 0.7953125 0.29609375 0.0125 0.06796875
18 0.7546875 0.29375 0.0125 0.06796875
18 0.95625 0.2953125 0.0125 0.06484375
18 0.91640625 0.29765625 0.0125 0.06484375
18 0.87578125 0.296875 0.0125 0.06484375
18 0.67421875 0.29765625 0.0125 0.06484375
0 0.21640625 0.365625 0.0140625 0.08515625
18 0.6328125 0.296875 0.0125 0.06484375
0 0.78203125 0.34921875 0.01171875 0.0578125
18 0.59296875 0.29609375 0.0125 0.06484375
18 0.55234375 0.296875 0.0125 0.06484375
0 0.12578125 0.05859375 0.06640625 0.02109375
18 0.5125 0.296875 0.0125 0.06484375
18 0.4734375 0.2953125 0.0125 0.06484375
0 0.728125 0.4421875 0.0390625 0.03203125
18 0.43125 0.296875 0.0125 0.06484375
0 0.0953125 0.34921875 0.0140625 0.059375
18 0.15 0.2953125 0.0125 0.06796875
18 0.109375 0.29375 0.0125 0.06796875
18 0.06875 0.2953125 0.0125 0.06796875
18 0.02890625 0.29453125 0.0125 0.06796875
18 0.31171875 0.09375 0.01328125 0.0578125
0 0.13671875 0.35078125 0.0140625 0.059375
0 0.53984375 0.3515625 0.0140625 0.06484375