9 0.678125 0.634375 0.2359375 0.0625
0 0.84140625 0.51171875 0.0171875 0.0875
0 0.3734375 0.5109375 0.0171875 0.0875
0 0.4328125 0.1359375 0.021875 0.0421875
0 0.725 0.509375 0.0171875 0.0875
0 0.6078125 0.51171875 0.0171875 0.0875
0 0.43125 0.509375 0.0171875 0.0875
0 0.66796875 0.5125 0.0171875 0.0875
0 0.9015625 0.509375 0.0171875 0.0875
0 0.18671875 0.0734375 0.1 0.03125
0 0.13984375 0.5078125 0.0171875 0.0875
0 0.08125 0.5109375 0.0171875 0.0875
0 0.25625 0.50859375 0.0171875 0.0875
0 0.8234375 0.64375 0.059375 0.046875
0 0.49140625 0.509375 0.0171875 0.0875
0 0.315625 0.5078125 0.0171875 0.0875
0 0.19765625 0.5078125 0.0171875 0.0875
19 0.04609375 0.43984375 0.025 0.115625
19 0.1046875 0.44375 0.025 0.115625
19 0.16328125 0.43515625 0.025 0.115625
19 0.221875 0.4375 0.025 0.115625
19 0.28046875 0.43984375 0.025 0.115625
19 0.33828125 0.43828125 0.025 0.115625
19 0.39765625 0.43828125 0.025 0.115625
19 0.45625 0.4375 0.025 0.115625
18 0.453125 0.1265625 0.0171875 0.084375
18 0.51015625 0.425 0.0171875 0.084375
18 0.56875 0.425 0.0171875 0.084375
18 0.628125 0.4265625 0.0171875 0.084375
18 0.68671875 0.4265625 0.0171875 0.084375
18 0.74375 0.42578125 0.0171875 0.084375
18 0.921875 0.42734375 0.0171875 0.084375
18 0.86171875 0.4234375 0.015625 0.103125
0 0.54921875 0.51171875 0.0171875 0.0875
0 0.021875 0.5109375 0.0171875 0.0875