0 0.2 0.35859375 0.0359375 0.0546875
0 0.32265625 0.34609375 0.04375 0.0546875
9 0.90234375 0.284375 0.078125 0.0375
0 0.1359375 0.36015625 0.0359375 0.0546875
0 0.57890625 0.3453125 0.04375 0.0546875
18 0.24921875 0.4390625 0.015625 0.0890625
0 0.76875 0.34453125 0.04375 0.0546875
0 0.48828125 0.67109375 0.0359375 0.0546875
19 0.3015625 0.4234375 0.021875 0.075
0 0.96171875 0.34609375 0.04375 0.05625
0 0.83359375 0.34765625 0.04375 0.0546875
19 0.8109375 0.42265625 0.021875 0.075
19 0.746875 0.42421875 0.021875 0.075
19 0.6828125 0.42421875 0.021875 0.075
19 0.61953125 0.4234375 0.021875 0.075
19 0.55625 0.425 0.021875 0.075
19 0.4921875 0.42421875 0.021875 0.075
19 0.4265625 0.421875 0.021875 0.075
0 0.7046875 0.34609375 0.04375 0.0546875
0 0.64140625 0.3453125 0.04375 0.0546875
19 0.36484375 0.42265625 0.021875 0.075
21 0.46953125 0.7546875 0.009375 0.05
19 0.93984375 0.42265625 0.021875 0.075
0 0.26640625 0.3546875 0.0359375 0.0546875
18 0.06171875 0.43671875 0.015625 0.0890625
18 0.12109375 0.4375 0.015625 0.0890625
0 0.4484375 0.3453125 0.04375 0.0546875
0 0.07734375 0.3578125 0.0359375 0.0546875
18 0.1828125 0.4421875 0.015625 0.0890625
0 0.51484375 0.34453125 0.04375 0.0546875
0 0.3859375 0.3453125 0.04375 0.0546875
0 0.88671875 0.315625 0.025 0.040625