0 0.35859375 0.8 0.0546875 0.0359375
0 0.34609375 0.67734375 0.0546875 0.04375
9 0.284375 0.09765625 0.0375 0.078125
0 0.36015625 0.8640625 0.0546875 0.0359375
0 0.3453125 0.42109375 0.0546875 0.04375
18 0.4390625 0.75078125 0.0890625 0.015625
0 0.34453125 0.23125 0.0546875 0.04375
0 0.67109375 0.51171875 0.0546875 0.0359375
19 0.4234375 0.6984375 0.075 0.021875
0 0.34609375 0.03828125 0.05625 0.04375
0 0.34765625 0.16640625 0.0546875 0.04375
19 0.42265625 0.1890625 0.075 0.021875
19 0.42421875 0.253125 0.075 0.021875
19 0.42421875 0.3171875 0.075 0.021875
19 0.4234375 0.38046875 0.075 0.021875
19 0.425 0.44375 0.075 0.021875
19 0.42421875 0.5078125 0.075 0.021875
19 0.421875 0.5734375 0.075 0.021875
0 0.34609375 0.2953125 0.0546875 0.04375
0 0.3453125 0.35859375 0.0546875 0.04375
19 0.42265625 0.63515625 0.075 0.021875
21 0.7546875 0.53046875 0.05 0.009375
19 0.42265625 0.06015625 0.075 0.021875
0 0.3546875 0.73359375 0.0546875 0.0359375
18 0.43671875 0.93828125 0.0890625 0.015625
18 0.4375 0.87890625 0.0890625 0.015625
0 0.3453125 0.5515625 0.0546875 0.04375
0 0.3578125 0.92265625 0.0546875 0.0359375
18 0.4421875 0.8171875 0.0890625 0.015625
0 0.34453125 0.48515625 0.0546875 0.04375
0 0.3453125 0.6140625 0.0546875 0.04375
0 0.315625 0.11328125 0.040625 0.025