0 0.8 0.64140625 0.0359375 0.0546875
0 0.67734375 0.65390625 0.04375 0.0546875
9 0.09765625 0.715625 0.07734375 0.03828125
0 0.8640625 0.63984375 0.0359375 0.0546875
0 0.42109375 0.6546875 0.04375 0.0546875
18 0.75078125 0.5609375 0.015625 0.0890625
0 0.23125 0.65546875 0.04375 0.0546875
0 0.51171875 0.32890625 0.0359375 0.0546875
19 0.6984375 0.5765625 0.021875 0.07421875
0 0.03828125 0.65390625 0.04453125 0.05625
0 0.16640625 0.65234375 0.04375 0.0546875
19 0.1890625 0.57734375 0.021875 0.07421875
19 0.253125 0.57578125 0.021875 0.07421875
19 0.3171875 0.57578125 0.021875 0.07421875
19 0.38046875 0.5765625 0.021875 0.07421875
19 0.44375 0.575 0.021875 0.07421875
19 0.5078125 0.57578125 0.021875 0.07421875
19 0.5734375 0.578125 0.021875 0.07421875
0 0.2953125 0.65390625 0.04375 0.0546875
0 0.35859375 0.6546875 0.04375 0.0546875
19 0.63515625 0.57734375 0.021875 0.07421875
21 0.53046875 0.2453125 0.009375 0.04921875
19 0.06015625 0.57734375 0.021875 0.07421875
0 0.73359375 0.6453125 0.0359375 0.0546875
18 0.93828125 0.56328125 0.015625 0.0890625
18 0.87890625 0.5625 0.015625 0.0890625
0 0.5515625 0.6546875 0.04375 0.0546875
0 0.92265625 0.6421875 0.0359375 0.0546875
18 0.8171875 0.5578125 0.015625 0.0890625
0 0.48515625 0.65546875 0.04375 0.0546875
0 0.6140625 0.6546875 0.04375 0.0546875
0 0.11328125 0.684375 0.025 0.03984375