0 0.41171875 0.48203125 0.05 0.021875
18 0.47265625 0.49140625 0.0625 0.009375
0 0.4140625 0.5765625 0.05 0.021875
0 0.7890625 0.0234375 0.0375 0.0421875
0 0.4109375 0.140625 0.05 0.021875
18 0.4734375 0.39609375 0.0625 0.009375
18 0.46953125 0.19140625 0.0625 0.009375
0 0.41484375 0.6640625 0.05 0.021875
0 0.4140625 0.62265625 0.05 0.021875
18 0.4734375 0.15078125 0.0625 0.009375
0 0.4796875 0.41875 0.053125 0.0203125
7 0.46171875 0.4078125 0.0234375 0.0109375
18 0.47421875 0.06015625 0.0625 0.009375
0 0.4125 0.05 0.05 0.021875
0 0.4109375 0.38515625 0.05 0.021875
0 0.415625 0.8140625 0.05 0.021875
21 0.73203125 0.234375 0.0375 0.00625
18 0.4828125 0.965625 0.06875 0.009375
0 0.69609375 0.22421875 0.05 0.021875
0 0.4140625 0.44296875 0.05 0.021875
0 0.415625 0.7390625 0.05 0.021875
18 0.48515625 0.9 0.06875 0.009375
0 0.4109375 0.18125 0.05 0.021875
18 0.484375 0.82265625 0.06875 0.009375
18 0.484375 0.74765625 0.06875 0.009375
18 0.48515625 0.67421875 0.06875 0.009375
18 0.484375 0.63203125 0.06875 0.009375
18 0.484375 0.58671875 0.06875 0.009375
0 0.41484375 0.89140625 0.05 0.021875
0 0.41796875 0.95703125 0.05 0.021875
18 0.4875 0.453125 0.06875 0.009375