0 0.48203125 0.58828125 0.021875 0.05
18 0.49140625 0.52734375 0.009375 0.0625
0 0.5765625 0.5859375 0.021875 0.05
0 0.0234375 0.2109375 0.0421875 0.0375
0 0.140625 0.5890625 0.021875 0.05
18 0.39609375 0.5265625 0.009375 0.0625
18 0.19140625 0.53046875 0.009375 0.0625
0 0.6640625 0.58515625 0.021875 0.05
0 0.62265625 0.5859375 0.021875 0.05
18 0.15078125 0.5265625 0.009375 0.0625
0 0.41875 0.5203125 0.0203125 0.053125
7 0.4078125 0.53828125 0.0109375 0.0234375
18 0.06015625 0.52578125 0.009375 0.0625
0 0.05 0.5875 0.021875 0.05
0 0.38515625 0.5890625 0.021875 0.05
0 0.8140625 0.584375 0.021875 0.05
21 0.234375 0.26796875 0.00625 0.0375
18 0.965625 0.5171875 0.009375 0.06875
0 0.22421875 0.30390625 0.021875 0.05
0 0.44296875 0.5859375 0.021875 0.05
0 0.7390625 0.584375 0.021875 0.05
18 0.9 0.51484375 0.009375 0.06875
0 0.18125 0.5890625 0.021875 0.05
18 0.82265625 0.515625 0.009375 0.06875
18 0.74765625 0.515625 0.009375 0.06875
18 0.67421875 0.51484375 0.009375 0.06875
18 0.63203125 0.515625 0.009375 0.06875
18 0.58671875 0.515625 0.009375 0.06875
0 0.89140625 0.58515625 0.021875 0.05
0 0.95703125 0.58203125 0.021875 0.05
18 0.453125 0.5125 0.009375 0.06875