18 0.7328125 0.29765625 0.009375 0.015625
18 0.68515625 0.29609375 0.009375 0.015625
18 0.63828125 0.2953125 0.009375 0.015625
18 0.590625 0.29609375 0.009375 0.015625
18 0.3515625 0.2953125 0.009375 0.015625
0 0.24296875 0.30078125 0.0203125 0.01875
18 0.54296875 0.2953125 0.009375 0.015625
0 0.29140625 0.3015625 0.0203125 0.01875
0 0.4328125 0.30078125 0.0203125 0.01875
0 0.946875 0.15703125 0.025 0.0171875
0 0.67265625 0.30078125 0.0203125 0.01875
0 0.24296875 0.17421875 0.0203125 0.01875
0 0.3859375 0.30078125 0.0203125 0.01875
0 0.76640625 0.30078125 0.0203125 0.01875
0 0.7203125 0.30234375 0.0203125 0.01875
0 0.33828125 0.3015625 0.0203125 0.01875
0 0.62421875 0.30078125 0.0203125 0.01875
0 0.48125 0.3015625 0.0203125 0.01875
0 0.5765625 0.30078125 0.0203125 0.01875
18 0.49453125 0.29375 0.009375 0.015625
18 0.446875 0.29609375 0.009375 0.015625
21 0.25859375 0.1703125 0.0140625 0.015625
18 0.4 0.29609375 0.009375 0.015625
18 0.25703125 0.29609375 0.009375 0.015625
0 0.52890625 0.3015625 0.0203125 0.01875
18 0.78046875 0.2953125 0.009375 0.015625
18 0.3046875 0.2953125 0.009375 0.015625