18 0.29765625 0.2671875 0.015625 0.00859375
18 0.29609375 0.31484375 0.015625 0.00859375
18 0.2953125 0.36171875 0.015625 0.00859375
18 0.29609375 0.409375 0.015625 0.00859375
18 0.2953125 0.6484375 0.015625 0.00859375
0 0.30078125 0.75703125 0.01796875 0.0203125
18 0.2953125 0.45703125 0.015625 0.00859375
0 0.3015625 0.70859375 0.01796875 0.0203125
0 0.30078125 0.5671875 0.01796875 0.0203125
0 0.15703125 0.053125 0.0171875 0.02578125
0 0.30078125 0.32734375 0.01796875 0.0203125
0 0.17421875 0.75703125 0.01796875 0.0203125
0 0.30078125 0.6140625 0.01796875 0.0203125
0 0.30078125 0.23359375 0.01796875 0.0203125
0 0.30234375 0.2796875 0.01796875 0.0203125
0 0.3015625 0.66171875 0.01796875 0.0203125
0 0.30078125 0.37578125 0.01796875 0.0203125
0 0.3015625 0.51875 0.01796875 0.0203125
0 0.30078125 0.4234375 0.01796875 0.0203125
18 0.29375 0.50546875 0.015625 0.00859375
18 0.29609375 0.553125 0.015625 0.00859375
21 0.1703125 0.74140625 0.01640625 0.0140625
18 0.29609375 0.6 0.015625 0.00859375
18 0.29609375 0.74296875 0.015625 0.00859375
0 0.3015625 0.47109375 0.01796875 0.0203125
18 0.2953125 0.21953125 0.015625 0.00859375
18 0.2953125 0.6953125 0.015625 0.00859375