18 0.29609375 0.5515625 0.0171875 0.009375
18 0.29609375 0.6 0.0171875 0.009375
18 0.29765625 0.6484375 0.0171875 0.009375
18 0.2953125 0.6953125 0.0171875 0.009375
0 0.15703125 0.31796875 0.015625 0.021875
0 0.30234375 0.75625 0.0203125 0.021875
0 0.30234375 0.6125 0.0203125 0.021875
0 0.3015625 0.6609375 0.0203125 0.021875
0 0.30234375 0.4234375 0.0203125 0.021875
0 0.30234375 0.70859375 0.0203125 0.021875
0 0.30234375 0.51875 0.0203125 0.021875
0 0.30078125 0.4703125 0.0203125 0.021875
0 0.3015625 0.565625 0.0203125 0.021875
0 0.18515625 0.771875 0.0375 0.053125
21 0.1703125 0.74296875 0.015625 0.009375
18 0.29609375 0.409375 0.0171875 0.009375
18 0.29609375 0.74296875 0.0171875 0.009375
18 0.2953125 0.50625 0.0171875 0.009375
18 0.2953125 0.4578125 0.0171875 0.009375