19 0.365625 0.509375 0.015625 0.01171875
0 0.3671875 0.49140625 0.0140625 0.0203125
0 0.36796875 0.80546875 0.0140625 0.01328125
0 0.36796875 0.55546875 0.0140625 0.0203125
0 0.36796875 0.67890625 0.0140625 0.01328125
0 0.3671875 0.8375 0.0140625 0.01328125
0 0.28671875 0.1140625 0.02109375 0.075
0 0.36796875 0.71015625 0.0140625 0.01328125
0 0.36640625 0.615625 0.0140625 0.01328125
0 0.3671875 0.39609375 0.0140625 0.0203125
0 0.3671875 0.428125 0.0140625 0.0203125
0 0.2828125 0.8375 0.0140625 0.01328125
0 0.3671875 0.36484375 0.0140625 0.0203125
0 0.3671875 0.7421875 0.0140625 0.01328125
0 0.3671875 0.46015625 0.0140625 0.0203125
0 0.3671875 0.5234375 0.0140625 0.0203125
0 0.3671875 0.58359375 0.0140625 0.01328125
0 0.3671875 0.646875 0.0140625 0.01328125
0 0.36796875 0.7734375 0.0140625 0.01328125
21 0.2796875 0.828125 0.0109375 0.00625
18 0.3640625 0.82890625 0.01171875 0.00625
18 0.36484375 0.796875 0.01171875 0.00625
18 0.36328125 0.765625 0.01171875 0.00625
18 0.3640625 0.734375 0.01171875 0.00625
18 0.3640625 0.70234375 0.01171875 0.00625
18 0.36484375 0.6703125 0.01171875 0.00625
18 0.3640625 0.6390625 0.01171875 0.00625
18 0.36328125 0.60625 0.01171875 0.00625
18 0.3625 0.575 0.01171875 0.00625
19 0.36640625 0.35078125 0.015625 0.01171875
19 0.36640625 0.38203125 0.015625 0.01171875
19 0.36640625 0.4140625 0.015625 0.01171875
19 0.36640625 0.44609375 0.015625 0.01171875
19 0.36640625 0.4765625 0.015625 0.01171875
19 0.36640625 0.540625 0.015625 0.01171875