19 0.490625 0.365625 0.0125 0.015625
0 0.50859375 0.3671875 0.0203125 0.0140625
0 0.19453125 0.36796875 0.0125 0.0140625
0 0.44453125 0.36796875 0.0203125 0.0140625
0 0.32109375 0.36796875 0.0125 0.0140625
0 0.1625 0.3671875 0.0125 0.0140625
0 0.8859375 0.28671875 0.075 0.021875
0 0.28984375 0.36796875 0.0125 0.0140625
0 0.384375 0.36640625 0.0125 0.0140625
0 0.60390625 0.3671875 0.0203125 0.0140625
0 0.571875 0.3671875 0.0203125 0.0140625
0 0.1625 0.2828125 0.0125 0.0140625
0 0.63515625 0.3671875 0.0203125 0.0140625
0 0.2578125 0.3671875 0.0125 0.0140625
0 0.53984375 0.3671875 0.0203125 0.0140625
0 0.4765625 0.3671875 0.0203125 0.0140625
0 0.41640625 0.3671875 0.0125 0.0140625
0 0.353125 0.3671875 0.0125 0.0140625
0 0.2265625 0.36796875 0.0125 0.0140625
21 0.171875 0.2796875 0.00625 0.0109375
18 0.17109375 0.3640625 0.00625 0.0125
18 0.203125 0.36484375 0.00625 0.0125
18 0.234375 0.36328125 0.00625 0.0125
18 0.265625 0.3640625 0.00625 0.0125
18 0.29765625 0.3640625 0.00625 0.0125
18 0.3296875 0.36484375 0.00625 0.0125
18 0.3609375 0.3640625 0.00625 0.0125
18 0.39375 0.36328125 0.00625 0.0125
18 0.425 0.3625 0.00625 0.0125
19 0.64921875 0.36640625 0.0125 0.015625
19 0.61796875 0.36640625 0.0125 0.015625
19 0.5859375 0.36640625 0.0125 0.015625
19 0.55390625 0.36640625 0.0125 0.015625
19 0.5234375 0.36640625 0.0125 0.015625
19 0.459375 0.36640625 0.0125 0.015625