9 0.28125 0.64765625 0.03125 0.0125
0 0.2421875 0.4671875 0.021875 0.021875
0 0.29140625 0.66796875 0.025 0.0375
0 0.1 0.6671875 0.025 0.025
0 0.23984375 0.76875 0.021875 0.021875
0 0.24140625 0.5671875 0.021875 0.021875
0 0.29296875 0.71875 0.025 0.0375
0 0.24140625 0.71953125 0.021875 0.021875
0 0.2921875 0.76875 0.025 0.0375
0 0.1046875 0.403125 0.015625 0.053125
0 0.24140625 0.61640625 0.021875 0.021875
0 0.2421875 0.51640625 0.021875 0.021875
0 0.24296875 0.41640625 0.021875 0.021875
0 0.24140625 0.66640625 0.021875 0.021875
9 0.2828125 0.69921875 0.03125 0.0125
21 0.09609375 0.64765625 0.03125 0.0125
9 0.28203125 0.74765625 0.03125 0.0125
18 0.2234375 0.74921875 0.0453125 0.0125
18 0.225 0.69765625 0.046875 0.0125
18 0.22421875 0.646875 0.046875 0.0125
18 0.22421875 0.596875 0.046875 0.0125
18 0.22421875 0.546875 0.046875 0.0125
18 0.22578125 0.49765625 0.046875 0.0125
18 0.225 0.446875 0.046875 0.0125
18 0.22578125 0.39609375 0.046875 0.0125