18 0.2171875 0.6578125 0.0375 0.0140625
0 0.23359375 0.70625 0.04296875 0.02578125
21 0.12734375 0.43828125 0.028125 0.01015625
18 0.21796875 0.3703125 0.03515625 0.01171875
0 0.24921875 0.34609375 0.04296875 0.02578125
0 0.14921875 0.4125 0.0265625 0.02578125
18 0.21875 0.4421875 0.0375 0.0140625
18 0.215625 0.51484375 0.0375 0.0140625
18 0.21875 0.72734375 0.0375 0.0140625
0 0.2328125 0.4890625 0.04296875 0.02578125
0 0.23359375 0.4171875 0.04296875 0.02578125
0 0.22578125 0.56015625 0.0265625 0.02578125
0 0.2328125 0.634375 0.04296875 0.02578125
18 0.21640625 0.5859375 0.0375 0.0140625
0 0.1515625 0.69375 0.0296875 0.11796875