18 0.7828125 0.3421875 0.0375 0.0140625
0 0.76640625 0.29375 0.04375 0.025
21 0.87265625 0.56171875 0.028125 0.0109375
18 0.78203125 0.6296875 0.034375 0.0125
0 0.75078125 0.65390625 0.04375 0.025
0 0.85078125 0.5875 0.0265625 0.0265625
18 0.78125 0.5578125 0.0375 0.0140625
18 0.784375 0.48515625 0.0375 0.0140625
18 0.78125 0.27265625 0.0375 0.0140625
0 0.7671875 0.5109375 0.04375 0.025
0 0.76640625 0.5828125 0.04375 0.025
0 0.77421875 0.43984375 0.0265625 0.025
0 0.7671875 0.365625 0.04375 0.025
18 0.78359375 0.4140625 0.0375 0.0140625
0 0.8484375 0.30625 0.0296875 0.11875