18 0.3421875 0.2171875 0.0140625 0.0375
0 0.29375 0.23359375 0.025 0.04375
21 0.56171875 0.12734375 0.009375 0.028125
18 0.6296875 0.21796875 0.0125 0.034375
0 0.65390625 0.24921875 0.025 0.04375
0 0.5875 0.14921875 0.025 0.0265625
18 0.5578125 0.21875 0.0140625 0.0375
18 0.48515625 0.215625 0.0140625 0.0375
18 0.27265625 0.21875 0.0140625 0.0375
0 0.5109375 0.2328125 0.025 0.04375
0 0.5828125 0.23359375 0.025 0.04375
0 0.43984375 0.22578125 0.025 0.0265625
0 0.365625 0.2328125 0.025 0.04375
18 0.4140625 0.21640625 0.0140625 0.0375
0 0.30625 0.1515625 0.11875 0.0296875