19 0.803125 0.41640625 0.009375 0.11875
19 0.8765625 0.41640625 0.009375 0.11875
19 0.9125 0.41640625 0.009375 0.11875
19 0.95 0.4203125 0.009375 0.11875
21 0.17890625 0.22890625 0.00625 0.05625
0 0.2265625 0.44296875 0.015625 0.1109375
0 0.18984375 0.44609375 0.015625 0.1109375
0 0.3375 0.44453125 0.015625 0.1109375
0 0.88984375 0.44296875 0.015625 0.1109375
0 0.63125 0.44453125 0.015625 0.1109375
0 0.66875 0.44609375 0.015625 0.1109375
0 0.30078125 0.4390625 0.015625 0.1109375
0 0.44765625 0.4390625 0.015625 0.1109375
0 0.85234375 0.44296875 0.015625 0.1109375
0 0.815625 0.440625 0.015625 0.1109375
0 0.07890625 0.44296875 0.015625 0.1109375
0 0.02890625 0.278125 0.025 0.03125
0 0.48515625 0.44609375 0.015625 0.1109375
0 0.15234375 0.440625 0.015625 0.1109375
0 0.11640625 0.44296875 0.015625 0.1109375
0 0.74296875 0.4390625 0.015625 0.1109375
0 0.521875 0.44453125 0.015625 0.1109375
0 0.375 0.44296875 0.015625 0.1109375
0 0.559375 0.440625 0.015625 0.1109375
0 0.0421875 0.44296875 0.015625 0.1109375
0 0.70546875 0.440625 0.015625 0.1109375
0 0.4109375 0.44609375 0.015625 0.1109375
0 0.26328125 0.44296875 0.015625 0.1109375
0 0.77890625 0.4375 0.015625 0.1109375
0 0.59609375 0.44296875 0.015625 0.1109375
0 0.9265625 0.4390625 0.015625 0.1109375
0 0.19140625 0.26015625 0.0125 0.053125
0 0.96328125 0.4390625 0.015625 0.1109375
19 0.0296875 0.4203125 0.009375 0.11875
19 0.06640625 0.41640625 0.009375 0.11875
19 0.103125 0.41875 0.009375 0.11875
19 0.1390625 0.4203125 0.009375 0.11875
19 0.17578125 0.4203125 0.009375 0.11875
19 0.21328125 0.41875 0.009375 0.11875
19 0.25 0.4203125 0.009375 0.11875
19 0.2875 0.41640625 0.009375 0.11875
19 0.3234375 0.4203125 0.009375 0.11875
19 0.3609375 0.41640625 0.009375 0.11875
19 0.3984375 0.41875 0.009375 0.11875
19 0.43515625 0.4203125 0.009375 0.11875
19 0.47109375 0.4203125 0.009375 0.11875
19 0.5078125 0.41640625 0.009375 0.11875
19 0.5453125 0.4203125 0.009375 0.11875
19 0.58203125 0.41484375 0.009375 0.11875
19 0.61875 0.41484375 0.009375 0.11875
19 0.6546875 0.41875 0.009375 0.11875
19 0.69296875 0.41640625 0.009375 0.11875
19 0.7296875 0.4203125 0.009375 0.11875
19 0.765625 0.41640625 0.009375 0.11875
19 0.83984375 0.4203125 0.009375 0.11875