19 0.58359375 0.803125 0.11875 0.009375
19 0.58359375 0.8765625 0.11875 0.009375
19 0.58359375 0.9125 0.11875 0.0109375
19 0.5796875 0.95 0.11875 0.0109375
21 0.77109375 0.17890625 0.05625 0.00625
0 0.55703125 0.2265625 0.1109375 0.015625
0 0.55390625 0.18984375 0.1109375 0.015625
0 0.55546875 0.3375 0.1109375 0.015625
0 0.55703125 0.88984375 0.1109375 0.015625
0 0.55546875 0.63125 0.1109375 0.015625
0 0.55390625 0.66875 0.1109375 0.015625
0 0.5609375 0.30078125 0.1109375 0.015625
0 0.5609375 0.44765625 0.1109375 0.015625
0 0.55703125 0.85234375 0.1109375 0.015625
0 0.559375 0.815625 0.1109375 0.015625
0 0.55703125 0.07890625 0.1109375 0.015625
0 0.721875 0.02890625 0.03125 0.025
0 0.55390625 0.48515625 0.1109375 0.015625
0 0.559375 0.15234375 0.1109375 0.015625
0 0.55703125 0.11640625 0.1109375 0.015625
0 0.5609375 0.74296875 0.1109375 0.015625
0 0.55546875 0.521875 0.1109375 0.015625
0 0.55703125 0.375 0.1109375 0.015625
0 0.559375 0.559375 0.1109375 0.015625
0 0.55703125 0.0421875 0.1109375 0.015625
0 0.559375 0.70546875 0.1109375 0.015625
0 0.55390625 0.4109375 0.1109375 0.015625
0 0.55703125 0.26328125 0.1109375 0.015625
0 0.5625 0.77890625 0.1109375 0.015625
0 0.55703125 0.59609375 0.1109375 0.015625
0 0.5609375 0.9265625 0.1109375 0.015625
0 0.73984375 0.19140625 0.053125 0.0125
0 0.5609375 0.96328125 0.1109375 0.015625
19 0.5796875 0.0296875 0.11875 0.009375
19 0.58359375 0.06640625 0.11875 0.009375
19 0.58125 0.103125 0.11875 0.009375
19 0.5796875 0.1390625 0.11875 0.009375
19 0.5796875 0.17578125 0.11875 0.009375
19 0.58125 0.21328125 0.11875 0.009375
19 0.5796875 0.25 0.11875 0.009375
19 0.58359375 0.2875 0.11875 0.009375
19 0.5796875 0.3234375 0.11875 0.009375
19 0.58359375 0.3609375 0.11875 0.009375
19 0.58125 0.3984375 0.11875 0.009375
19 0.5796875 0.43515625 0.11875 0.009375
19 0.5796875 0.47109375 0.11875 0.009375
19 0.58359375 0.5078125 0.11875 0.009375
19 0.5796875 0.5453125 0.11875 0.009375
19 0.58515625 0.58203125 0.11875 0.009375
19 0.58515625 0.61875 0.11875 0.009375
19 0.58125 0.6546875 0.11875 0.009375
19 0.58359375 0.69296875 0.11875 0.009375
19 0.5796875 0.7296875 0.11875 0.009375
19 0.58359375 0.765625 0.11875 0.009375
19 0.5796875 0.83984375 0.11875 0.009375