18 0.37265625 0.7765625 0.0125 0.0375
18 0.44375 0.7765625 0.0140625 0.0390625
18 0.5875 0.77734375 0.0140625 0.0390625
18 0.659375 0.77578125 0.0140625 0.0390625
18 0.515625 0.77578125 0.0140625 0.0390625
18 0.7296875 0.775 0.0140625 0.0390625
0 0.63515625 0.7609375 0.021875 0.040625
0 0.62890625 0.8578125 0.046875 0.0609375
0 0.4203125 0.76171875 0.021875 0.040625
0 0.3484375 0.746875 0.021875 0.040625
31 0.55703125 0.8984375 0.0984375 0.0296875
0 0.5625 0.76171875 0.021875 0.040625
0 0.490625 0.76015625 0.021875 0.040625
0 0.73046875 0.83828125 0.0453125 0.0125
0 0.70546875 0.76171875 0.021875 0.040625