18 0.7765625 0.62734375 0.0375 0.0125
18 0.7765625 0.55625 0.0390625 0.0140625
18 0.77734375 0.4125 0.0390625 0.0140625
18 0.77578125 0.340625 0.0390625 0.0140625
18 0.77578125 0.484375 0.0390625 0.0140625
18 0.775 0.2703125 0.0390625 0.0140625
0 0.7609375 0.36484375 0.040625 0.021875
0 0.8578125 0.37109375 0.0609375 0.046875
0 0.76171875 0.5796875 0.040625 0.021875
0 0.746875 0.6515625 0.040625 0.021875
31 0.8984375 0.44296875 0.0296875 0.0984375
0 0.76171875 0.4375 0.040625 0.021875
0 0.76015625 0.509375 0.040625 0.021875
0 0.83828125 0.26953125 0.0125 0.0453125
0 0.76171875 0.29453125 0.040625 0.021875