18 0.56171875 0.22265625 0.0125 0.0375
0 0.3125 0.15625 0.11875 0.0265625
18 0.6328125 0.22265625 0.0125 0.0375
18 0.490625 0.225 0.0140625 0.0375
0 0.8734375 0.253125 0.025 0.040625
0 0.371875 0.23828125 0.025 0.040625
0 0.8015625 0.2390625 0.025 0.040625
0 0.6578125 0.253125 0.025 0.040625
0 0.515625 0.2359375 0.025 0.040625
18 0.7765625 0.221875 0.0140625 0.0375
18 0.84765625 0.22265625 0.0125 0.0375
18 0.41875 0.2234375 0.0140625 0.0375
0 0.44375 0.2375 0.025 0.040625
0 0.7296875 0.23828125 0.025 0.040625
21 0.56640625 0.1359375 0.0125 0.0328125
18 0.2765625 0.22265625 0.0140625 0.0375
18 0.3484375 0.22265625 0.0140625 0.0375
0 0.5859375 0.25390625 0.025 0.040625
18 0.703125 0.2234375 0.0140625 0.0375
0 0.3 0.2375 0.025 0.040625
0 0.5921875 0.1546875 0.025 0.025