18 0.22265625 0.43828125 0.03671875 0.01328125
0 0.15625 0.6875 0.0265625 0.11796875
18 0.22265625 0.3671875 0.03671875 0.01328125
18 0.225 0.509375 0.03671875 0.0140625
0 0.253125 0.1265625 0.040625 0.025
0 0.23828125 0.628125 0.040625 0.025
0 0.2390625 0.1984375 0.040625 0.025
0 0.253125 0.3421875 0.040625 0.025
0 0.2359375 0.484375 0.040625 0.025
18 0.221875 0.2234375 0.03671875 0.0140625
18 0.22265625 0.15234375 0.03671875 0.01328125
18 0.2234375 0.58125 0.03671875 0.0140625
0 0.2375 0.55625 0.040625 0.025
0 0.23828125 0.2703125 0.040625 0.025
21 0.1359375 0.43359375 0.0328125 0.01171875
18 0.22265625 0.7234375 0.03671875 0.0140625
18 0.22265625 0.6515625 0.03671875 0.0140625
0 0.25390625 0.4140625 0.040625 0.025
18 0.2234375 0.296875 0.03671875 0.0140625
0 0.2375 0.7 0.040625 0.025
0 0.1546875 0.4078125 0.025 0.025