18 0.2625 0.46171875 0.0546875 0.0109375
0 0.090625 0.790625 0.01953125 0.01953125
0 0.28359375 0.6203125 0.015625 0.01328125
0 0.284375 0.32421875 0.015625 0.01328125
0 0.10390625 0.65078125 0.015625 0.01875
0 0.284375 0.696875 0.015625 0.01875
0 0.284375 0.546875 0.015625 0.0140625
0 0.28359375 0.39921875 0.015625 0.0140625
0 0.284375 0.7703125 0.015625 0.01875
0 0.284375 0.471875 0.015625 0.0140625
18 0.26328125 0.38984375 0.0546875 0.0109375
18 0.26171875 0.53671875 0.0546875 0.0109375
18 0.26328125 0.61171875 0.0546875 0.0109375
18 0.26328125 0.684375 0.0546875 0.0109375
18 0.26328125 0.759375 0.0546875 0.0109375
18 0.09375 0.66796875 0.02734375 0.01171875
18 0.26328125 0.315625 0.0546875 0.0109375