18 0.7375 0.53828125 0.0546875 0.0109375
0 0.909375 0.209375 0.01875 0.01875
0 0.71640625 0.3796875 0.015625 0.0125
0 0.715625 0.67578125 0.015625 0.0125
0 0.89609375 0.34921875 0.015625 0.01875
0 0.715625 0.303125 0.015625 0.01875
0 0.715625 0.453125 0.015625 0.0140625
0 0.71640625 0.60078125 0.015625 0.0140625
0 0.715625 0.2296875 0.015625 0.01875
0 0.715625 0.528125 0.015625 0.0140625
18 0.73671875 0.61015625 0.0546875 0.0109375
18 0.73828125 0.46328125 0.0546875 0.0109375
18 0.73671875 0.38828125 0.0546875 0.0109375
18 0.73671875 0.315625 0.0546875 0.0109375
18 0.73671875 0.240625 0.0546875 0.0109375
18 0.90625 0.33203125 0.028125 0.0125
18 0.73671875 0.684375 0.0546875 0.0109375