18 0.08125 0.6578125 0.02421875 0.01015625
18 0.25 0.6015625 0.0546875 0.0109375
18 0.2515625 0.38046875 0.0546875 0.0109375
18 0.25078125 0.52734375 0.0546875 0.0109375
18 0.25078125 0.7484375 0.0546875 0.0109375
0 0.07890625 0.77890625 0.01953125 0.0265625
18 0.2515625 0.30703125 0.0546875 0.0109375
0 0.271875 0.609375 0.015625 0.0140625
0 0.27109375 0.5359375 0.015625 0.0140625
0 0.27265625 0.3890625 0.015625 0.0140625
0 0.27265625 0.31484375 0.015625 0.0140625
18 0.25234375 0.45390625 0.0546875 0.0109375
0 0.2734375 0.4625 0.015625 0.0140625
0 0.27265625 0.7578125 0.015625 0.0140625
18 0.253125 0.67578125 0.0546875 0.0109375
0 0.0921875 0.64140625 0.015625 0.01875
0 0.27265625 0.684375 0.015625 0.0140625