18 0.25234375 0.52734375 0.05234375 0.0125
18 0.25234375 0.60078125 0.0515625 0.01015625
18 0.25078125 0.675 0.0546875 0.0109375
18 0.08203125 0.6578125 0.02421875 0.01171875
0 0.27109375 0.684375 0.0140625 0.015625
0 0.271875 0.609375 0.0140625 0.015625
18 0.25078125 0.7484375 0.0546875 0.0109375
0 0.2703125 0.46328125 0.0140625 0.015625
0 0.271875 0.7578125 0.0140625 0.015625
0 0.27265625 0.315625 0.0140625 0.015625
0 0.09140625 0.64296875 0.0140625 0.015625
0 0.078125 0.77890625 0.02109375 0.02265625
0 0.27265625 0.53671875 0.0140625 0.015625
0 0.271875 0.38984375 0.0140625 0.015625
18 0.253125 0.30546875 0.0546875 0.0109375
18 0.25234375 0.38046875 0.0546875 0.0109375
18 0.253125 0.453125 0.05390625 0.0125