18 0.88125 0.3703125 0.03125 0.0125
19 0.778125 0.2140625 0.0390625 0.0265625
19 0.778125 0.28203125 0.0390625 0.0265625
19 0.77890625 0.3484375 0.0390625 0.0265625
19 0.778125 0.41640625 0.0390625 0.0265625
19 0.778125 0.484375 0.0390625 0.0265625
0 0.87265625 0.35078125 0.025 0.03125
18 0.78359375 0.54296875 0.025 0.0125
0 0.77578125 0.521875 0.0265625 0.03125
0 0.9390625 0.20390625 0.0109375 0.01875
0 0.76875 0.1859375 0.0453125 0.03125
0 0.77109375 0.4546875 0.0453125 0.03125
0 0.76953125 0.253125 0.0453125 0.03125
0 0.76875 0.32109375 0.0453125 0.03125
0 0.7703125 0.38515625 0.0453125 0.03125