18 0.11875 0.6296875 0.03125 0.0125
19 0.221875 0.7859375 0.0390625 0.0265625
19 0.221875 0.71796875 0.0390625 0.0265625
19 0.22109375 0.6515625 0.0390625 0.0265625
19 0.221875 0.58359375 0.0390625 0.0265625
19 0.221875 0.515625 0.0390625 0.0265625
0 0.12734375 0.64921875 0.025 0.03125
18 0.21640625 0.45703125 0.025 0.0125
0 0.22421875 0.478125 0.0265625 0.03125
0 0.0609375 0.79609375 0.0109375 0.01875
0 0.23125 0.8140625 0.0453125 0.03125
0 0.22890625 0.5453125 0.0453125 0.03125
0 0.23046875 0.746875 0.0453125 0.03125
0 0.23125 0.67890625 0.0453125 0.03125
0 0.2296875 0.61484375 0.0453125 0.03125