0 0.84765625 0.6203125 0.015625 0.05625
0 0.36953125 0.621875 0.015625 0.0515625
0 0.41796875 0.62109375 0.015625 0.0515625
18 0.36796875 0.66953125 0.009375 0.0203125
0 0.5609375 0.62109375 0.015625 0.0515625
18 0.4390625 0.66875 0.009375 0.0203125
0 0.584375 0.62109375 0.015625 0.0515625
18 0.34453125 0.66796875 0.009375 0.0203125
18 0.32109375 0.66875 0.009375 0.0203125
0 0.7515625 0.62109375 0.015625 0.0515625
18 0.29609375 0.66796875 0.009375 0.0203125
0 0.72734375 0.6203125 0.015625 0.0515625
0 0.53671875 0.621875 0.015625 0.0515625
0 0.3296875 0.79453125 0.109375 0.0125
0 0.775 0.62109375 0.015625 0.0515625
0 0.63046875 0.74453125 0.040625 0.0109375
0 0.79765625 0.62109375 0.015625 0.0515625
18 0.390625 0.66875 0.009375 0.0203125
18 0.4140625 0.66875 0.009375 0.0203125
18 0.4625 0.66875 0.009375 0.0203125
0 0.65546875 0.62109375 0.015625 0.0515625
18 0.4859375 0.66796875 0.009375 0.0203125
18 0.509375 0.66953125 0.009375 0.0203125
18 0.534375 0.66796875 0.009375 0.0203125
0 0.48984375 0.621875 0.015625 0.0515625
18 0.5578125 0.66796875 0.009375 0.0203125
18 0.58125 0.66953125 0.009375 0.0203125
18 0.60625 0.66875 0.009375 0.0203125
0 0.821875 0.62109375 0.015625 0.0515625
0 0.60859375 0.6203125 0.015625 0.0515625
18 0.62890625 0.66953125 0.009375 0.0203125
18 0.653125 0.66875 0.009375 0.0203125
0 0.29921875 0.62109375 0.015625 0.0515625
0 0.86796875 0.6203125 0.021875 0.05
0 0.34609375 0.62109375 0.015625 0.0515625
0 0.32265625 0.62109375 0.015625 0.0515625
18 0.67734375 0.66875 0.009375 0.0203125
18 0.70078125 0.66875 0.009375 0.0203125
18 0.725 0.66796875 0.009375 0.0203125
0 0.465625 0.62109375 0.015625 0.0515625
18 0.7484375 0.66953125 0.009375 0.0203125
18 0.77265625 0.6671875 0.009375 0.0203125
18 0.79609375 0.66953125 0.009375 0.0203125
18 0.81953125 0.66875 0.009375 0.0203125
0 0.63125 0.62109375 0.015625 0.0515625
0 0.5125 0.62109375 0.015625 0.0515625
18 0.84375 0.66875 0.009375 0.0203125
19 0.86875 0.66484375 0.015625 0.0265625
21 0.66171875 0.74765625 0.009375 0.0140625
0 0.39375 0.62109375 0.015625 0.0515625
0 0.44140625 0.6203125 0.015625 0.0515625
0 0.6796875 0.6203125 0.015625 0.0515625
0 0.703125 0.62109375 0.015625 0.0515625