0 0.15234375 0.3796875 0.015625 0.05625
0 0.63046875 0.378125 0.015625 0.0515625
0 0.58203125 0.37890625 0.015625 0.0515625
18 0.63203125 0.33046875 0.009375 0.0203125
0 0.4390625 0.37890625 0.015625 0.0515625
18 0.5609375 0.33125 0.009375 0.0203125
0 0.415625 0.37890625 0.015625 0.0515625
18 0.65546875 0.33203125 0.009375 0.0203125
18 0.67890625 0.33125 0.009375 0.0203125
0 0.2484375 0.37890625 0.015625 0.0515625
18 0.70390625 0.33203125 0.009375 0.0203125
0 0.27265625 0.3796875 0.015625 0.0515625
0 0.46328125 0.378125 0.015625 0.0515625
0 0.6703125 0.20546875 0.109375 0.0125
0 0.225 0.37890625 0.015625 0.0515625
0 0.36953125 0.25546875 0.040625 0.0109375
0 0.20234375 0.37890625 0.015625 0.0515625
18 0.609375 0.33125 0.009375 0.0203125
18 0.5859375 0.33125 0.009375 0.0203125
18 0.5375 0.33125 0.009375 0.0203125
0 0.34453125 0.37890625 0.015625 0.0515625
18 0.5140625 0.33203125 0.009375 0.0203125
18 0.490625 0.33046875 0.009375 0.0203125
18 0.465625 0.33203125 0.009375 0.0203125
0 0.51015625 0.378125 0.015625 0.0515625
18 0.4421875 0.33203125 0.009375 0.0203125
18 0.41875 0.33046875 0.009375 0.0203125
18 0.39375 0.33125 0.009375 0.0203125
0 0.178125 0.37890625 0.015625 0.0515625
0 0.39140625 0.3796875 0.015625 0.0515625
18 0.37109375 0.33046875 0.009375 0.0203125
18 0.346875 0.33125 0.009375 0.0203125
0 0.70078125 0.37890625 0.015625 0.0515625
0 0.13203125 0.3796875 0.021875 0.05
0 0.65390625 0.37890625 0.015625 0.0515625
0 0.67734375 0.37890625 0.015625 0.0515625
18 0.32265625 0.33125 0.009375 0.0203125
18 0.29921875 0.33125 0.009375 0.0203125
18 0.275 0.33203125 0.009375 0.0203125
0 0.534375 0.37890625 0.015625 0.0515625
18 0.2515625 0.33046875 0.009375 0.0203125
18 0.22734375 0.3328125 0.009375 0.0203125
18 0.20390625 0.33046875 0.009375 0.0203125
18 0.18046875 0.33125 0.009375 0.0203125
0 0.36875 0.37890625 0.015625 0.0515625
0 0.4875 0.37890625 0.015625 0.0515625
18 0.15625 0.33125 0.009375 0.0203125
19 0.13125 0.33515625 0.015625 0.0265625
21 0.33828125 0.25234375 0.009375 0.0140625
0 0.60625 0.37890625 0.015625 0.0515625
0 0.55859375 0.3796875 0.015625 0.0515625
0 0.3203125 0.3796875 0.015625 0.0515625
0 0.296875 0.37890625 0.015625 0.0515625