0 0.3796875 0.84765625 0.05703125 0.015625
0 0.378125 0.36953125 0.0515625 0.015625
0 0.37890625 0.41796875 0.0515625 0.015625
18 0.33046875 0.36796875 0.0203125 0.009375
0 0.37890625 0.5609375 0.0515625 0.015625
18 0.33125 0.4390625 0.0203125 0.009375
0 0.37890625 0.584375 0.0515625 0.015625
18 0.33203125 0.34453125 0.0203125 0.009375
18 0.33125 0.32109375 0.0203125 0.009375
0 0.37890625 0.7515625 0.0515625 0.015625
18 0.33203125 0.29609375 0.0203125 0.009375
0 0.3796875 0.72734375 0.0515625 0.015625
0 0.378125 0.53671875 0.0515625 0.015625
0 0.20546875 0.3296875 0.01171875 0.109375
0 0.37890625 0.775 0.0515625 0.015625
0 0.25546875 0.63046875 0.0109375 0.04140625
0 0.37890625 0.79765625 0.0515625 0.015625
18 0.33125 0.390625 0.0203125 0.009375
18 0.33125 0.4140625 0.0203125 0.009375
18 0.33125 0.4625 0.0203125 0.009375
0 0.37890625 0.65546875 0.0515625 0.015625
18 0.33203125 0.4859375 0.0203125 0.009375
18 0.33046875 0.509375 0.0203125 0.009375
18 0.33203125 0.534375 0.0203125 0.009375
0 0.378125 0.48984375 0.0515625 0.015625
18 0.33203125 0.5578125 0.0203125 0.009375
18 0.33046875 0.58125 0.0203125 0.009375
18 0.33125 0.60625 0.0203125 0.009375
0 0.37890625 0.821875 0.0515625 0.015625
0 0.3796875 0.60859375 0.0515625 0.015625
18 0.33046875 0.62890625 0.0203125 0.009375
18 0.33125 0.653125 0.0203125 0.009375
0 0.37890625 0.29921875 0.0515625 0.015625
0 0.3796875 0.86796875 0.05 0.02265625
0 0.37890625 0.34609375 0.0515625 0.015625
0 0.37890625 0.32265625 0.0515625 0.015625
18 0.33125 0.67734375 0.0203125 0.009375
18 0.33125 0.70078125 0.0203125 0.009375
18 0.33203125 0.725 0.0203125 0.009375
0 0.37890625 0.465625 0.0515625 0.015625
18 0.33046875 0.7484375 0.0203125 0.009375
18 0.3328125 0.77265625 0.0203125 0.009375
18 0.33046875 0.79609375 0.0203125 0.009375
18 0.33125 0.81953125 0.0203125 0.009375
0 0.37890625 0.63125 0.0515625 0.015625
0 0.37890625 0.5125 0.0515625 0.015625
18 0.33125 0.84375 0.0203125 0.009375
19 0.33515625 0.86875 0.0265625 0.01484375
21 0.25234375 0.66171875 0.0140625 0.009375
0 0.37890625 0.39375 0.0515625 0.015625
0 0.3796875 0.44140625 0.0515625 0.015625
0 0.3796875 0.6796875 0.0515625 0.015625
0 0.37890625 0.703125 0.0515625 0.015625