18 0.24609375 0.08671875 0.028125 0.01484375
0 0.10546875 0.76328125 0.01484375 0.12734375
0 0.321875 0.51875 0.0796875 0.02578125
21 0.1296875 0.49375 0.02734375 0.0140625
18 0.24609375 0.80078125 0.02734375 0.015625
0 0.3234375 0.12734375 0.0796875 0.02578125
0 0.321875 0.3765625 0.0796875 0.02578125
18 0.24765625 0.12421875 0.02734375 0.015625
18 0.24609375 0.7296875 0.02734375 0.015625
0 0.321875 0.73515625 0.0796875 0.02578125
18 0.24453125 0.19375 0.02734375 0.015625
18 0.24609375 0.2640625 0.02734375 0.015625
0 0.32109375 0.26875 0.0796875 0.02578125
18 0.24609375 0.159375 0.02734375 0.015625
18 0.24765625 0.30078125 0.02734375 0.015625
0 0.32421875 0.4828125 0.0796875 0.02578125
18 0.24453125 0.6921875 0.02734375 0.015625
18 0.24609375 0.584375 0.02734375 0.015625
0 0.32421875 0.8046875 0.0796875 0.02578125
0 0.321875 0.30390625 0.0796875 0.02578125
0 0.134375 0.4578125 0.01796875 0.0640625
0 0.32421875 0.6265625 0.0796875 0.02578125
0 0.32265625 0.1984375 0.0796875 0.02578125
0 0.32265625 0.696875 0.0796875 0.02578125
0 0.32265625 0.16171875 0.0796875 0.02578125
0 0.3234375 0.09140625 0.0796875 0.02578125
18 0.246875 0.47890625 0.02734375 0.01796875
18 0.24765625 0.621875 0.02890625 0.015625
18 0.246875 0.51484375 0.02734375 0.015625
18 0.2453125 0.37265625 0.02734375 0.015625
0 0.32109375 0.58984375 0.0796875 0.02578125