18 0.75390625 0.91328125 0.028125 0.015625
0 0.89453125 0.23671875 0.015625 0.128125
0 0.678125 0.48125 0.0796875 0.025
21 0.8703125 0.50625 0.028125 0.0140625
18 0.75390625 0.19921875 0.028125 0.015625
0 0.6765625 0.87265625 0.0796875 0.025
0 0.678125 0.6234375 0.0796875 0.025
18 0.75234375 0.87578125 0.028125 0.015625
18 0.75390625 0.2703125 0.028125 0.015625
0 0.678125 0.26484375 0.0796875 0.025
18 0.75546875 0.80625 0.028125 0.015625
18 0.75390625 0.7359375 0.028125 0.015625
0 0.67890625 0.73125 0.0796875 0.025
18 0.75390625 0.840625 0.028125 0.015625
18 0.75234375 0.69921875 0.028125 0.015625
0 0.67578125 0.5171875 0.0796875 0.025
18 0.75546875 0.3078125 0.028125 0.015625
18 0.75390625 0.415625 0.028125 0.015625
0 0.67578125 0.1953125 0.0796875 0.025
0 0.678125 0.69609375 0.0796875 0.025
0 0.865625 0.5421875 0.01875 0.0640625
0 0.67578125 0.3734375 0.0796875 0.025
0 0.67734375 0.8015625 0.0796875 0.025
0 0.67734375 0.303125 0.0796875 0.025
0 0.67734375 0.83828125 0.0796875 0.025
0 0.6765625 0.90859375 0.0796875 0.025
18 0.753125 0.52109375 0.028125 0.01875
18 0.75234375 0.378125 0.028125 0.015625
18 0.753125 0.48515625 0.028125 0.015625
18 0.7546875 0.62734375 0.028125 0.015625
0 0.67890625 0.41015625 0.0796875 0.025