0 0.33828125 0.09453125 0.03828125 0.01328125
18 0.77578125 0.2515625 0.0125 0.03046875
0 0.71875 0.25546875 0.0328125 0.05859375
18 0.37265625 0.2515625 0.0125 0.03046875
18 0.32890625 0.25078125 0.0125 0.03046875
19 0.4265625 0.2640625 0.0328125 0.04921875
18 0.284375 0.24921875 0.0125 0.03046875
19 0.60546875 0.2640625 0.0328125 0.04921875
19 0.6953125 0.2625 0.0328125 0.04921875
18 0.73125 0.25078125 0.0125 0.03046875
0 0.584375 0.2578125 0.0328125 0.059375
0 0.7625 0.25703125 0.0328125 0.05546875
0 0.4953125 0.25625 0.0328125 0.059375
18 0.23828125 0.25078125 0.0125 0.03046875
0 0.3140625 0.25625 0.0328125 0.05546875
18 0.19375 0.25078125 0.0125 0.03046875
0 0.40546875 0.2578125 0.0328125 0.059375
0 0.53984375 0.2578125 0.0328125 0.059375
0 0.18125 0.25703125 0.0328125 0.0578125
18 0.21640625 0.16015625 0.01328125 0.0296875
0 0.6734375 0.25703125 0.0328125 0.059375
0 0.44921875 0.25703125 0.0328125 0.059375
0 0.62890625 0.2578125 0.0328125 0.059375
0 0.225 0.25703125 0.0328125 0.05390625
0 0.18984375 0.1671875 0.0453125 0.03125
19 0.47265625 0.26484375 0.0328125 0.04921875
0 0.2703125 0.25625 0.0328125 0.05546875
0 0.359375 0.25625 0.0328125 0.05546875
19 0.5171875 0.2640625 0.0328125 0.04921875
19 0.56171875 0.26328125 0.0328125 0.04921875
19 0.65 0.2640625 0.0328125 0.04921875