0 0.09453125 0.66171875 0.0125 0.0375
18 0.2515625 0.22421875 0.03125 0.0125
0 0.25546875 0.28125 0.059375 0.0328125
18 0.2515625 0.62734375 0.03125 0.0125
18 0.25078125 0.67109375 0.03125 0.0125
19 0.2640625 0.5734375 0.05 0.0328125
18 0.24921875 0.715625 0.03125 0.0125
19 0.2640625 0.39453125 0.05 0.0328125
19 0.2625 0.3046875 0.05 0.0328125
18 0.25078125 0.26875 0.03125 0.0125
0 0.2578125 0.415625 0.059375 0.0328125
0 0.25703125 0.2375 0.05625 0.0328125
0 0.25625 0.5046875 0.059375 0.0328125
18 0.25078125 0.76171875 0.03125 0.0125
0 0.25625 0.6859375 0.05625 0.0328125
18 0.25078125 0.80625 0.03125 0.0125
0 0.2578125 0.59453125 0.059375 0.0328125
0 0.2578125 0.46015625 0.059375 0.0328125
0 0.25703125 0.81875 0.0578125 0.0328125
18 0.16015625 0.78359375 0.0296875 0.0125
0 0.25703125 0.3265625 0.059375 0.0328125
0 0.25703125 0.55078125 0.059375 0.0328125
0 0.2578125 0.37109375 0.059375 0.0328125
0 0.25703125 0.775 0.053125 0.0328125
0 0.1671875 0.81015625 0.03125 0.0453125
19 0.26484375 0.52734375 0.05 0.0328125
0 0.25625 0.7296875 0.05625 0.0328125
0 0.25625 0.640625 0.05625 0.0328125
19 0.2640625 0.4828125 0.05 0.0328125
19 0.26328125 0.43828125 0.05 0.0328125
19 0.2640625 0.35 0.05 0.0328125