0 0.38046875 0.60546875 0.05 0.021875
0 0.38046875 0.1765625 0.05 0.021875
19 0.334375 0.678125 0.0265625 0.015625
19 0.334375 0.70078125 0.0265625 0.015625
19 0.33515625 0.72578125 0.0265625 0.015625
19 0.33515625 0.74921875 0.0265625 0.015625
19 0.33515625 0.7734375 0.0265625 0.015625
19 0.3328125 0.796875 0.0265625 0.015625
19 0.33515625 0.65390625 0.0265625 0.015625
19 0.3328125 0.8203125 0.0265625 0.015625
19 0.334375 0.8453125 0.0265625 0.015625
19 0.33515625 0.86953125 0.0265625 0.015625
21 0.25234375 0.6625 0.015625 0.0078125
0 0.38046875 0.2734375 0.05 0.021875
0 0.3796875 0.2015625 0.05 0.021875
19 0.33359375 0.63046875 0.0265625 0.015625
19 0.33515625 0.60703125 0.0265625 0.015625
19 0.3328125 0.58203125 0.0265625 0.015625
19 0.3328125 0.55859375 0.0265625 0.015625
19 0.33359375 0.534375 0.0265625 0.015625
19 0.334375 0.51015625 0.0265625 0.015625
19 0.3328125 0.4875 0.0265625 0.015625
19 0.334375 0.4390625 0.0265625 0.015625
19 0.334375 0.415625 0.0265625 0.015625
19 0.334375 0.3921875 0.0265625 0.015625
19 0.334375 0.36796875 0.0265625 0.015625
19 0.33515625 0.3453125 0.0265625 0.015625
19 0.3328125 0.321875 0.0265625 0.015625
19 0.33515625 0.29609375 0.0265625 0.015625
19 0.3359375 0.275 0.0265625 0.015625
19 0.334375 0.24921875 0.0265625 0.015625
19 0.33515625 0.22578125 0.0265625 0.015625
19 0.334375 0.203125 0.0265625 0.015625
19 0.33359375 0.178125 0.0265625 0.015625
0 0.38046875 0.29609375 0.05 0.021875
0 0.3796875 0.390625 0.05 0.021875
0 0.2390625 0.7546875 0.0109375 0.109375
0 0.3796875 0.81953125 0.05 0.021875
0 0.38046875 0.34296875 0.05 0.021875
0 0.38046875 0.4390625 0.05 0.021875
0 0.38046875 0.79453125 0.05 0.021875
0 0.38046875 0.32109375 0.05 0.021875
0 0.38046875 0.58125 0.05 0.021875
0 0.38046875 0.55703125 0.05 0.021875
0 0.2546875 0.63828125 0.009375 0.040625
0 0.3796875 0.65390625 0.05 0.021875
0 0.38046875 0.24921875 0.05 0.021875
0 0.3796875 0.84375 0.05 0.021875
0 0.38046875 0.77109375 0.05 0.021875
0 0.38046875 0.415625 0.05 0.021875
0 0.38046875 0.48671875 0.05 0.021875
0 0.3796875 0.62890625 0.05 0.021875
0 0.38046875 0.72421875 0.05 0.021875
0 0.38046875 0.46328125 0.05 0.021875
0 0.38046875 0.86796875 0.05 0.021875
0 0.38046875 0.53359375 0.05 0.021875
0 0.3796875 0.22421875 0.05 0.021875
0 0.38046875 0.3671875 0.05 0.021875
0 0.38046875 0.7484375 0.05 0.021875
0 0.3796875 0.70078125 0.05 0.021875
0 0.38046875 0.51015625 0.05 0.021875
0 0.38046875 0.67734375 0.05 0.021875
19 0.334375 0.465625 0.0265625 0.015625