0 0.60546875 0.61953125 0.021875 0.05
0 0.1765625 0.61953125 0.021875 0.05
19 0.678125 0.665625 0.015625 0.0265625
19 0.70078125 0.665625 0.015625 0.0265625
19 0.72578125 0.66484375 0.015625 0.0265625
19 0.74921875 0.66484375 0.015625 0.0265625
19 0.7734375 0.66484375 0.015625 0.0265625
19 0.796875 0.6671875 0.015625 0.0265625
19 0.65390625 0.66484375 0.015625 0.0265625
19 0.8203125 0.6671875 0.015625 0.0265625
19 0.8453125 0.665625 0.015625 0.0265625
19 0.86953125 0.66484375 0.015625 0.0265625
21 0.6625 0.74765625 0.0078125 0.015625
0 0.2734375 0.61953125 0.021875 0.05
0 0.2015625 0.6203125 0.021875 0.05
19 0.63046875 0.66640625 0.015625 0.0265625
19 0.60703125 0.66484375 0.015625 0.0265625
19 0.58203125 0.6671875 0.015625 0.0265625
19 0.55859375 0.6671875 0.015625 0.0265625
19 0.534375 0.66640625 0.015625 0.0265625
19 0.51015625 0.665625 0.015625 0.0265625
19 0.4875 0.6671875 0.015625 0.0265625
19 0.4390625 0.665625 0.015625 0.0265625
19 0.415625 0.665625 0.015625 0.0265625
19 0.3921875 0.665625 0.015625 0.0265625
19 0.36796875 0.665625 0.015625 0.0265625
19 0.3453125 0.66484375 0.015625 0.0265625
19 0.321875 0.6671875 0.015625 0.0265625
19 0.29609375 0.66484375 0.015625 0.0265625
19 0.275 0.6640625 0.015625 0.0265625
19 0.24921875 0.665625 0.015625 0.0265625
19 0.22578125 0.66484375 0.015625 0.0265625
19 0.203125 0.665625 0.015625 0.0265625
19 0.178125 0.66640625 0.015625 0.0265625
0 0.29609375 0.61953125 0.021875 0.05
0 0.390625 0.6203125 0.021875 0.05
0 0.7546875 0.7609375 0.109375 0.0109375
0 0.81953125 0.6203125 0.021875 0.05
0 0.34296875 0.61953125 0.021875 0.05
0 0.4390625 0.61953125 0.021875 0.05
0 0.79453125 0.61953125 0.021875 0.05
0 0.32109375 0.61953125 0.021875 0.05
0 0.58125 0.61953125 0.021875 0.05
0 0.55703125 0.61953125 0.021875 0.05
0 0.63828125 0.7453125 0.040625 0.009375
0 0.65390625 0.6203125 0.021875 0.05
0 0.24921875 0.61953125 0.021875 0.05
0 0.84375 0.6203125 0.021875 0.05
0 0.77109375 0.61953125 0.021875 0.05
0 0.415625 0.61953125 0.021875 0.05
0 0.48671875 0.61953125 0.021875 0.05
0 0.62890625 0.6203125 0.021875 0.05
0 0.72421875 0.61953125 0.021875 0.05
0 0.46328125 0.61953125 0.021875 0.05
0 0.86796875 0.61953125 0.021875 0.05
0 0.53359375 0.61953125 0.021875 0.05
0 0.22421875 0.6203125 0.021875 0.05
0 0.3671875 0.61953125 0.021875 0.05
0 0.7484375 0.61953125 0.021875 0.05
0 0.70078125 0.6203125 0.021875 0.05
0 0.51015625 0.61953125 0.021875 0.05
0 0.67734375 0.61953125 0.021875 0.05
19 0.465625 0.665625 0.015625 0.0265625