0 0.66171875 0.25078125 0.0546875 0.021875
19 0.678125 0.22734375 0.053125 0.01875
19 0.67734375 0.18984375 0.053125 0.01875
21 0.8234375 0.15390625 0.03125 0.0109375
0 0.66484375 0.4171875 0.0546875 0.021875
0 0.76953125 0.1875 0.04375 0.0328125
0 0.665625 0.33203125 0.0546875 0.021875
0 0.6609375 0.46015625 0.0546875 0.021875
0 0.6609375 0.29296875 0.0546875 0.021875
0 0.665625 0.50078125 0.0546875 0.021875
19 0.678125 0.31015625 0.053125 0.01875
0 0.665625 0.375 0.0546875 0.021875
19 0.6765625 0.4796875 0.053125 0.0203125
18 0.6953125 0.5171875 0.0234375 0.009375
19 0.6765625 0.26953125 0.053125 0.01875
0 0.6609375 0.17265625 0.0546875 0.021875
18 0.69375 0.43125 0.0234375 0.009375
0 0.92109375 0.34453125 0.0125 0.0375
0 0.815625 0.18671875 0.0421875 0.01875
18 0.69296875 0.38984375 0.0234375 0.009375
0 0.66015625 0.2109375 0.0546875 0.021875
18 0.69375 0.34921875 0.0234375 0.009375
28 0.7703125 0.1578125 0.046875 0.0234375