0 0.33828125 0.74921875 0.0546875 0.02109375
19 0.321875 0.77265625 0.053125 0.01875
19 0.32265625 0.81015625 0.053125 0.01875
21 0.1765625 0.84609375 0.03125 0.0109375
0 0.33515625 0.5828125 0.0546875 0.02109375
0 0.23046875 0.8125 0.04453125 0.0328125
0 0.334375 0.66796875 0.0546875 0.02109375
0 0.3390625 0.53984375 0.0546875 0.02109375
0 0.3390625 0.70703125 0.0546875 0.02109375
0 0.334375 0.49921875 0.0546875 0.02109375
19 0.321875 0.68984375 0.053125 0.01875
0 0.334375 0.625 0.0546875 0.02109375
19 0.3234375 0.5203125 0.053125 0.0203125
18 0.3046875 0.4828125 0.0234375 0.01015625
19 0.3234375 0.73046875 0.053125 0.01875
0 0.3390625 0.82734375 0.0546875 0.02109375
18 0.30625 0.56875 0.0234375 0.01015625
0 0.07890625 0.65546875 0.01328125 0.03671875
0 0.184375 0.81328125 0.0421875 0.01796875
18 0.30703125 0.61015625 0.0234375 0.01015625
0 0.33984375 0.7890625 0.0546875 0.02109375
18 0.30625 0.65078125 0.0234375 0.01015625
28 0.2296875 0.8421875 0.046875 0.0234375