21 0.84609375 0.78046875 0.0140625 0.03125
19 0.54609375 0.67890625 0.01875 0.05
0 0.5640625 0.6609375 0.0203125 0.05625
0 0.68828125 0.66171875 0.0203125 0.05625
19 0.5875 0.6765625 0.01875 0.05
0 0.73046875 0.6625 0.0203125 0.05625
19 0.83828125 0.6765625 0.01875 0.05
0 0.521875 0.66171875 0.0203125 0.05625
0 0.81328125 0.76953125 0.025 0.0421875
19 0.79609375 0.6765625 0.01875 0.05
0 0.60703125 0.66171875 0.0203125 0.05625
0 0.6484375 0.6609375 0.0203125 0.05625
19 0.465625 0.67734375 0.01875 0.05
0 0.81640625 0.66015625 0.0203125 0.05625
0 0.4828125 0.66015625 0.0203125 0.05625
0 0.8578125 0.66171875 0.0203125 0.05625
19 0.503125 0.6765625 0.01875 0.05
19 0.6296875 0.6765625 0.01875 0.05
19 0.7546875 0.67734375 0.01875 0.05
19 0.71328125 0.67734375 0.01875 0.05
19 0.6703125 0.678125 0.01875 0.05
0 0.6640625 0.90546875 0.06875 0.015625
0 0.77421875 0.66171875 0.0203125 0.05625