21 0.15390625 0.21953125 0.0140625 0.03125
19 0.45390625 0.32109375 0.01875 0.05
0 0.4359375 0.3390625 0.0203125 0.05625
0 0.31171875 0.33828125 0.0203125 0.05625
19 0.4125 0.3234375 0.01875 0.05
0 0.26953125 0.3375 0.0203125 0.05625
19 0.16171875 0.3234375 0.01875 0.05
0 0.478125 0.33828125 0.0203125 0.05625
0 0.18671875 0.23046875 0.025 0.0421875
19 0.20390625 0.3234375 0.01875 0.05
0 0.39296875 0.33828125 0.0203125 0.05625
0 0.3515625 0.3390625 0.0203125 0.05625
19 0.534375 0.32265625 0.01875 0.05
0 0.18359375 0.33984375 0.0203125 0.05625
0 0.5171875 0.33984375 0.0203125 0.05625
0 0.1421875 0.33828125 0.0203125 0.05625
19 0.496875 0.3234375 0.01875 0.05
19 0.3703125 0.3234375 0.01875 0.05
19 0.2453125 0.32265625 0.01875 0.05
19 0.28671875 0.32265625 0.01875 0.05
19 0.3296875 0.321875 0.01875 0.05
0 0.3359375 0.09453125 0.06875 0.015625
0 0.22578125 0.33828125 0.0203125 0.05625