21 0.21953125 0.84609375 0.03125 0.0140625
19 0.32109375 0.54609375 0.05078125 0.01875
0 0.3390625 0.5640625 0.05546875 0.0203125
0 0.33828125 0.68828125 0.05546875 0.0203125
19 0.3234375 0.5875 0.05078125 0.01875
0 0.3375 0.73046875 0.05546875 0.0203125
19 0.3234375 0.83828125 0.05078125 0.01875
0 0.33828125 0.521875 0.05546875 0.0203125
0 0.23046875 0.81328125 0.0421875 0.02421875
19 0.3234375 0.79609375 0.05078125 0.01875
0 0.33828125 0.60703125 0.05546875 0.0203125
0 0.3390625 0.6484375 0.05546875 0.0203125
19 0.32265625 0.465625 0.05078125 0.01875
0 0.33984375 0.81640625 0.05546875 0.0203125
0 0.33984375 0.4828125 0.05546875 0.0203125
0 0.33828125 0.8578125 0.05546875 0.0203125
19 0.3234375 0.503125 0.05078125 0.01875
19 0.3234375 0.6296875 0.05078125 0.01875
19 0.32265625 0.7546875 0.05078125 0.01875
19 0.32265625 0.71328125 0.05078125 0.01875
19 0.321875 0.6703125 0.05078125 0.01875
0 0.09453125 0.6640625 0.01484375 0.06875
0 0.33828125 0.77421875 0.05546875 0.0203125