21 0.5953125 0.86640625 0.0125 0.046875
18 0.72578125 0.70703125 0.0234375 0.04375
0 0.68984375 0.71953125 0.0375 0.028125
0 0.49765625 0.71953125 0.0375 0.028125
18 0.471875 0.70859375 0.0234375 0.04375
9 0.60859375 0.8265625 0.0375 0.01875
0 0.75390625 0.71875 0.0375 0.028125
18 0.53359375 0.7078125 0.0234375 0.04375
0 0.56171875 0.71953125 0.0375 0.028125
18 0.59765625 0.70703125 0.0234375 0.04375
0 0.3390625 0.9203125 0.03125 0.015625
0 0.61328125 0.859375 0.028125 0.0265625
18 0.66328125 0.70703125 0.0234375 0.04375
0 0.43046875 0.7203125 0.0375 0.028125
18 0.40546875 0.7078125 0.0234375 0.04375
0 0.6265625 0.71875 0.0375 0.028125