21 0.13359375 0.5953125 0.046875 0.0125
18 0.29296875 0.72578125 0.04453125 0.0234375
0 0.28046875 0.68984375 0.02890625 0.03828125
0 0.28046875 0.49765625 0.02890625 0.03828125
18 0.29140625 0.471875 0.04453125 0.0234375
9 0.1734375 0.60859375 0.01875 0.03671875
0 0.28125 0.75390625 0.02890625 0.03828125
18 0.2921875 0.53359375 0.04453125 0.0234375
0 0.28046875 0.56171875 0.02890625 0.03828125
18 0.29296875 0.59765625 0.04453125 0.0234375
0 0.0796875 0.3390625 0.015625 0.03125
0 0.140625 0.61328125 0.0265625 0.028125
18 0.29296875 0.66328125 0.04453125 0.0234375
0 0.2796875 0.43046875 0.02890625 0.03828125
18 0.2921875 0.40546875 0.04453125 0.0234375
0 0.28125 0.6265625 0.02890625 0.03828125