21 0.86640625 0.4046875 0.046875 0.0125
18 0.70703125 0.27421875 0.04375 0.0234375
0 0.71953125 0.31015625 0.028125 0.0375
0 0.71953125 0.50234375 0.028125 0.0375
18 0.70859375 0.528125 0.04375 0.0234375
9 0.8265625 0.39140625 0.01875 0.0375
0 0.71875 0.24609375 0.028125 0.0375
18 0.7078125 0.46640625 0.04375 0.0234375
0 0.71953125 0.43828125 0.028125 0.0375
18 0.70703125 0.40234375 0.04375 0.0234375
0 0.9203125 0.6609375 0.015625 0.03125
0 0.859375 0.38671875 0.0265625 0.028125
18 0.70703125 0.33671875 0.04375 0.0234375
0 0.7203125 0.56953125 0.028125 0.0375
18 0.7078125 0.59453125 0.04375 0.0234375
0 0.71875 0.3734375 0.028125 0.0375