0 0.71875 0.31171875 0.028125 0.0375
0 0.71796875 0.3765625 0.028125 0.0375
0 0.91953125 0.61875 0.015625 0.0328125
18 0.875 0.26015625 0.034375 0.0171875
18 0.70625 0.403125 0.04375 0.021875
18 0.709375 0.59609375 0.04375 0.021875
18 0.70703125 0.2734375 0.04375 0.021875
0 0.7203125 0.4390625 0.028125 0.0375
0 0.71796875 0.5703125 0.028125 0.0375
0 0.8765625 0.22734375 0.028125 0.0375
18 0.70859375 0.33828125 0.04375 0.021875
0 0.7203125 0.50546875 0.028125 0.0375
18 0.70859375 0.46640625 0.04375 0.021875
18 0.7078125 0.53125 0.04375 0.021875
0 0.7203125 0.24765625 0.028125 0.0375