0 0.28125 0.68828125 0.028125 0.03671875
0 0.28203125 0.6234375 0.028125 0.03671875
0 0.08046875 0.38125 0.015625 0.0328125
18 0.125 0.73984375 0.034375 0.01640625
18 0.29375 0.596875 0.04453125 0.021875
18 0.290625 0.40390625 0.04453125 0.021875
18 0.29296875 0.7265625 0.04453125 0.021875
0 0.2796875 0.5609375 0.028125 0.03671875
0 0.28203125 0.4296875 0.028125 0.03671875
0 0.1234375 0.77265625 0.02890625 0.03671875
18 0.29140625 0.66171875 0.04453125 0.021875
0 0.2796875 0.49453125 0.028125 0.03671875
18 0.29140625 0.53359375 0.04453125 0.021875
18 0.2921875 0.46875 0.04453125 0.021875
0 0.2796875 0.75234375 0.028125 0.03671875