0 0.68828125 0.71875 0.0375 0.028125
0 0.6234375 0.71796875 0.0375 0.028125
0 0.38125 0.91953125 0.0328125 0.015625
18 0.73984375 0.875 0.015625 0.034375
18 0.596875 0.70625 0.021875 0.04375
18 0.40390625 0.709375 0.021875 0.04375
18 0.7265625 0.70703125 0.021875 0.04375
0 0.5609375 0.7203125 0.0375 0.028125
0 0.4296875 0.71796875 0.0375 0.028125
0 0.77265625 0.8765625 0.0375 0.028125
18 0.66171875 0.70859375 0.021875 0.04375
0 0.49453125 0.7203125 0.0375 0.028125
18 0.53359375 0.70859375 0.021875 0.04375
18 0.46875 0.7078125 0.021875 0.04375
0 0.75234375 0.7203125 0.0375 0.028125