18 0.3140625 0.321875 0.0234375 0.0078125
3 0.3421875 0.6703125 0.028125 0.01875
0 0.334375 0.2578125 0.028125 0.015625
0 0.41171875 0.54375 0.028125 0.015625
0 0.4125 0.734375 0.028125 0.015625
0 0.4125 0.35390625 0.028125 0.015625
0 0.4125 0.4484375 0.028125 0.015625
0 0.27421875 0.7984375 0.009375 0.0296875
9 0.34140625 0.70859375 0.028125 0.046875
0 0.2625 0.61328125 0.028125 0.015625
18 0.2578125 0.63046875 0.01875 0.00625
0 0.4125 0.59140625 0.028125 0.015625
18 0.39375 0.7984375 0.025 0.0078125
18 0.39296875 0.7515625 0.0234375 0.0078125
18 0.3921875 0.70234375 0.0234375 0.0078125
18 0.3921875 0.65546875 0.0234375 0.0078125
18 0.39296875 0.60703125 0.0234375 0.0078125
18 0.39296875 0.56015625 0.0234375 0.0078125
18 0.39296875 0.5125 0.0234375 0.0078125
0 0.41171875 0.4015625 0.028125 0.015625
18 0.3921875 0.4640625 0.0234375 0.0078125
18 0.3921875 0.4171875 0.0234375 0.0078125
0 0.41328125 0.6390625 0.028125 0.015625
18 0.39296875 0.3703125 0.0234375 0.0078125
0 0.33515625 0.30625 0.028125 0.015625
0 0.41328125 0.78203125 0.028125 0.015625
0 0.41328125 0.496875 0.028125 0.015625
18 0.315625 0.275 0.0234375 0.0078125
0 0.4125 0.6875 0.028125 0.015625