18 0.678125 0.3140625 0.0078125 0.0234375
3 0.3296875 0.3421875 0.01875 0.028125
0 0.7421875 0.334375 0.015625 0.028125
0 0.45625 0.41171875 0.015625 0.028125
0 0.265625 0.4125 0.015625 0.028125
0 0.64609375 0.4125 0.015625 0.028125
0 0.5515625 0.4125 0.015625 0.028125
0 0.2015625 0.27421875 0.0296875 0.009375
9 0.29140625 0.34140625 0.046875 0.028125
0 0.38671875 0.2625 0.015625 0.028125
18 0.36953125 0.2578125 0.00625 0.01875
0 0.40859375 0.4125 0.015625 0.028125
18 0.2015625 0.39375 0.0078125 0.025
18 0.2484375 0.39296875 0.0078125 0.0234375
18 0.29765625 0.3921875 0.0078125 0.0234375
18 0.34453125 0.3921875 0.0078125 0.0234375
18 0.39296875 0.39296875 0.0078125 0.0234375
18 0.43984375 0.39296875 0.0078125 0.0234375
18 0.4875 0.39296875 0.0078125 0.0234375
0 0.5984375 0.41171875 0.015625 0.028125
18 0.5359375 0.3921875 0.0078125 0.0234375
18 0.5828125 0.3921875 0.0078125 0.0234375
0 0.3609375 0.41328125 0.015625 0.028125
18 0.6296875 0.39296875 0.0078125 0.0234375
0 0.69375 0.33515625 0.015625 0.028125
0 0.21796875 0.41328125 0.015625 0.028125
0 0.503125 0.41328125 0.015625 0.028125
18 0.725 0.315625 0.0078125 0.0234375
0 0.3125 0.4125 0.015625 0.028125