0 0.48515625 0.6765625 0.025 0.0125
0 0.55 0.63359375 0.0203125 0.01875
0 0.434375 0.63125 0.0203125 0.0234375
0 0.73984375 0.63359375 0.0203125 0.01875
0 0.50859375 0.6328125 0.0203125 0.0234375
18 0.4609375 0.62578125 0.0078125 0.01875
0 0.75625 0.6859375 0.028125 0.0125
18 0.496875 0.62578125 0.0078125 0.01875
0 0.47109375 0.6328125 0.0203125 0.0234375
0 0.65625 0.63359375 0.0203125 0.01875
0 0.32421875 0.63125 0.0203125 0.025
0 0.396875 0.63203125 0.0203125 0.0234375
0 0.69765625 0.63515625 0.0203125 0.01875
18 0.6453125 0.625 0.0078125 0.01875
18 0.6828125 0.62578125 0.0078125 0.01875
18 0.38671875 0.62578125 0.0078125 0.01875
18 0.278125 0.62421875 0.0078125 0.01875
0 0.365625 0.63203125 0.0203125 0.01875
0 0.58359375 0.63515625 0.0203125 0.01875
0 0.61953125 0.63359375 0.0203125 0.01875
18 0.57109375 0.625 0.0078125 0.01875
18 0.6078125 0.62578125 0.0078125 0.01875
18 0.4234375 0.62578125 0.0078125 0.01875
0 0.28828125 0.63125 0.0203125 0.025
18 0.3140625 0.625 0.0078125 0.01875
18 0.7546875 0.625 0.0078125 0.01875
18 0.4703125 0.67734375 0.00625 0.015625
18 0.35078125 0.625 0.0078125 0.01875
18 0.534375 0.6265625 0.0078125 0.01875