18 0.1171875 0.60546875 0.009375 0.0453125
0 0.91171875 0.61875 0.021875 0.0828125
19 0.92421875 0.61015625 0.0140625 0.0578125
18 0.565625 0.609375 0.0078125 0.046875
0 0.375 0.61171875 0.021875 0.065625
0 0.1953125 0.609375 0.021875 0.0625
0 0.88203125 0.61796875 0.021875 0.0828125
0 0.70390625 0.61875 0.021875 0.0828125
18 0.89453125 0.6078125 0.0078125 0.046875
18 0.95234375 0.60625 0.0078125 0.046875
0 0.46328125 0.6203125 0.021875 0.0828125
18 0.32734375 0.61015625 0.009375 0.053125
0 0.40234375 0.61796875 0.021875 0.0828125
0 0.43359375 0.41484375 0.025 0.0828125
19 0.5953125 0.6125 0.0140625 0.0578125
18 0.9828125 0.61015625 0.009375 0.046875
18 0.38671875 0.61015625 0.009375 0.053125
0 0.76328125 0.61640625 0.021875 0.0828125
19 0.41640625 0.6140625 0.0140625 0.0578125
0 0.55234375 0.61640625 0.021875 0.0828125
0 0.22421875 0.61796875 0.021875 0.0828125
19 0.50625 0.61171875 0.0140625 0.0578125
19 0.446875 0.61015625 0.0140625 0.0578125
0 0.3140625 0.61015625 0.021875 0.065625
19 0.296875 0.609375 0.0140625 0.0578125
19 0.2671875 0.61171875 0.0140625 0.0578125
19 0.23671875 0.61015625 0.0140625 0.0578125
0 0.10546875 0.6078125 0.021875 0.0625
0 0.43359375 0.621875 0.021875 0.0828125
0 0.8515625 0.61875 0.021875 0.0828125
18 0.625 0.60625 0.009375 0.046875
18 0.14765625 0.60625 0.009375 0.0453125
0 0.67265625 0.61875 0.021875 0.0828125
0 0.5828125 0.61875 0.021875 0.0828125
0 0.28359375 0.61796875 0.021875 0.0828125
0 0.7328125 0.609375 0.021875 0.065625
0 0.6421875 0.61875 0.021875 0.0828125
18 0.2078125 0.6078125 0.009375 0.0453125
0 0.01484375 0.61875 0.021875 0.0828125
0 0.16484375 0.61015625 0.021875 0.0625
18 0.178125 0.6078125 0.009375 0.0453125
0 0.04453125 0.621875 0.021875 0.0828125
0 0.6140625 0.61015625 0.021875 0.0625
19 0.47578125 0.6078125 0.0140625 0.0578125
0 0.7921875 0.61875 0.021875 0.0828125
0 0.25546875 0.61875 0.021875 0.0828125
18 0.7453125 0.609375 0.009375 0.046875
19 0.35625 0.61015625 0.0140625 0.0578125
0 0.075 0.61640625 0.021875 0.0828125
0 0.971875 0.6125 0.021875 0.059375
18 0.0875 0.60546875 0.0078125 0.046875
0 0.13515625 0.6078125 0.021875 0.0625
0 0.4921875 0.61875 0.021875 0.0828125
18 0.684375 0.60546875 0.0078125 0.046875
18 0.715625 0.60546875 0.0078125 0.046875
18 0.77421875 0.60546875 0.0078125 0.046875
0 0.5234375 0.61171875 0.021875 0.0625
18 0.8046875 0.60625 0.0078125 0.046875
18 0.83359375 0.6078125 0.0078125 0.046875
0 0.82265625 0.61640625 0.021875 0.0828125
0 0.86953125 0.371875 0.03125 0.05
18 0.8640625 0.60546875 0.0078125 0.046875
18 0.41171875 0.40078125 0.009375 0.059375
19 0.65546875 0.61171875 0.0140625 0.0578125
0 0.93984375 0.61875 0.021875 0.0828125
18 0.028125 0.60390625 0.00625 0.046875
0 0.34375 0.6203125 0.021875 0.0828125
19 0.05703125 0.609375 0.0125 0.05625
18 0.5359375 0.609375 0.009375 0.046875