18 0.39453125 0.1171875 0.0453125 0.009375
0 0.38125 0.91171875 0.0828125 0.021875
19 0.38984375 0.92421875 0.0578125 0.0140625
18 0.390625 0.565625 0.046875 0.0078125
0 0.38828125 0.375 0.065625 0.021875
0 0.390625 0.1953125 0.0625 0.021875
0 0.38203125 0.88203125 0.0828125 0.021875
0 0.38125 0.70390625 0.0828125 0.021875
18 0.3921875 0.89453125 0.046875 0.0078125
18 0.39375 0.95234375 0.046875 0.0078125
0 0.3796875 0.46328125 0.0828125 0.021875
18 0.38984375 0.32734375 0.053125 0.009375
0 0.38203125 0.40234375 0.0828125 0.021875
0 0.58515625 0.43359375 0.0828125 0.025
19 0.3875 0.5953125 0.0578125 0.0140625
18 0.38984375 0.9828125 0.046875 0.009375
18 0.38984375 0.38671875 0.053125 0.009375
0 0.38359375 0.76328125 0.0828125 0.021875
19 0.3859375 0.41640625 0.0578125 0.0140625
0 0.38359375 0.55234375 0.0828125 0.021875
0 0.38203125 0.22421875 0.0828125 0.021875
19 0.38828125 0.50625 0.0578125 0.0140625
19 0.38984375 0.446875 0.0578125 0.0140625
0 0.38984375 0.3140625 0.065625 0.021875
19 0.390625 0.296875 0.0578125 0.0140625
19 0.38828125 0.2671875 0.0578125 0.0140625
19 0.38984375 0.23671875 0.0578125 0.0140625
0 0.3921875 0.10546875 0.0625 0.021875
0 0.378125 0.43359375 0.0828125 0.021875
0 0.38125 0.8515625 0.0828125 0.021875
18 0.39375 0.625 0.046875 0.009375
18 0.39375 0.14765625 0.0453125 0.009375
0 0.38125 0.67265625 0.0828125 0.021875
0 0.38125 0.5828125 0.0828125 0.021875
0 0.38203125 0.28359375 0.0828125 0.021875
0 0.390625 0.7328125 0.065625 0.021875
0 0.38125 0.6421875 0.0828125 0.021875
18 0.3921875 0.2078125 0.0453125 0.009375
0 0.38125 0.01484375 0.0828125 0.021875
0 0.38984375 0.16484375 0.0625 0.021875
18 0.3921875 0.178125 0.0453125 0.009375
0 0.378125 0.04453125 0.0828125 0.021875
0 0.38984375 0.6140625 0.0625 0.021875
19 0.3921875 0.47578125 0.0578125 0.0140625
0 0.38125 0.7921875 0.0828125 0.021875
0 0.38125 0.25546875 0.0828125 0.021875
18 0.390625 0.7453125 0.046875 0.009375
19 0.38984375 0.35625 0.0578125 0.0140625
0 0.38359375 0.075 0.0828125 0.021875
0 0.3875 0.971875 0.059375 0.021875
18 0.39453125 0.0875 0.046875 0.0078125
0 0.3921875 0.13515625 0.0625 0.021875
0 0.38125 0.4921875 0.0828125 0.021875
18 0.39453125 0.684375 0.046875 0.0078125
18 0.39453125 0.715625 0.046875 0.0078125
18 0.39453125 0.77421875 0.046875 0.0078125
0 0.38828125 0.5234375 0.0625 0.021875
18 0.39375 0.8046875 0.046875 0.0078125
18 0.3921875 0.83359375 0.046875 0.0078125
0 0.38359375 0.82265625 0.0828125 0.021875
0 0.628125 0.86953125 0.05 0.03125
18 0.39453125 0.8640625 0.046875 0.0078125
18 0.59921875 0.41171875 0.059375 0.009375
19 0.38828125 0.65546875 0.0578125 0.0140625
0 0.38125 0.93984375 0.0828125 0.021875
18 0.39609375 0.028125 0.046875 0.00625
0 0.3796875 0.34375 0.0828125 0.021875
19 0.390625 0.05703125 0.05625 0.0125
18 0.390625 0.5359375 0.046875 0.009375