19 0.35546875 0.3453125 0.021875 0.0421875
0 0.48203125 0.35546875 0.0375 0.05
19 0.7921875 0.34453125 0.021875 0.0421875
19 0.84140625 0.34296875 0.021875 0.0421875
19 0.88984375 0.34453125 0.021875 0.0421875
0 0.67578125 0.35546875 0.0375 0.05
19 0.4515625 0.34765625 0.021875 0.0421875
19 0.40390625 0.34453125 0.021875 0.0421875
0 0.2375 0.35703125 0.0375 0.05
0 0.87109375 0.35546875 0.0375 0.05
19 0.646875 0.34453125 0.021875 0.0421875
0 0.33671875 0.35703125 0.0375 0.05
19 0.30703125 0.34296875 0.021875 0.0421875
19 0.25703125 0.34453125 0.021875 0.0421875
19 0.6953125 0.34296875 0.021875 0.0421875
0 0.725 0.3578125 0.0375 0.05
0 0.525 0.24375 0.0375 0.034375
0 0.5296875 0.35703125 0.0375 0.05
0 0.62734375 0.35703125 0.0375 0.05
19 0.5015625 0.34375 0.021875 0.0421875
19 0.74453125 0.34375 0.021875 0.0421875
0 0.91953125 0.35546875 0.0375 0.05
0 0.2859375 0.3578125 0.0375 0.05
0 0.8734375 0.21484375 0.0515625 0.028125
0 0.775 0.35703125 0.0375 0.05
0 0.43359375 0.35703125 0.0375 0.05
19 0.55078125 0.34453125 0.021875 0.0421875
0 0.384375 0.3578125 0.0375 0.05
18 0.4875 0.23125 0.0140625 0.03125
0 0.57734375 0.35546875 0.0375 0.05
19 0.9390625 0.34296875 0.021875 0.0421875
0 0.82109375 0.35546875 0.0375 0.05
19 0.59765625 0.34296875 0.021875 0.0421875