19 0.3453125 0.64453125 0.0421875 0.021875
0 0.35546875 0.51796875 0.05 0.0375
19 0.34453125 0.2078125 0.0421875 0.021875
19 0.34296875 0.15859375 0.0421875 0.021875
19 0.34453125 0.11015625 0.0421875 0.021875
0 0.35546875 0.32421875 0.05 0.0375
19 0.34765625 0.5484375 0.0421875 0.021875
19 0.34453125 0.59609375 0.0421875 0.021875
0 0.35703125 0.7625 0.05 0.0375
0 0.35546875 0.12890625 0.05 0.0375
19 0.34453125 0.353125 0.0421875 0.021875
0 0.35703125 0.66328125 0.05 0.0375
19 0.34296875 0.69296875 0.0421875 0.021875
19 0.34453125 0.74296875 0.0421875 0.021875
19 0.34296875 0.3046875 0.0421875 0.021875
0 0.3578125 0.275 0.05 0.0375
0 0.24375 0.475 0.034375 0.0375
0 0.35703125 0.4703125 0.05 0.0375
0 0.35703125 0.37265625 0.05 0.0375
19 0.34375 0.4984375 0.0421875 0.021875
19 0.34375 0.25546875 0.0421875 0.021875
0 0.35546875 0.08046875 0.05 0.0375
0 0.3578125 0.7140625 0.05 0.0375
0 0.21484375 0.1265625 0.028125 0.0515625
0 0.35703125 0.225 0.05 0.0375
0 0.35703125 0.56640625 0.05 0.0375
19 0.34453125 0.44921875 0.0421875 0.021875
0 0.3578125 0.615625 0.05 0.0375
18 0.23125 0.5125 0.03125 0.0140625
0 0.35546875 0.42265625 0.05 0.0375
19 0.34296875 0.0609375 0.0421875 0.021875
0 0.35546875 0.17890625 0.05 0.0375
19 0.34296875 0.40234375 0.0421875 0.021875