18 0.18984375 0.575 0.0109375 0.071875
0 0.525 0.4625 0.028125 0.10625
0 0.525 0.60078125 0.021875 0.10625
0 0.846875 0.615625 0.021875 0.084375
0 0.47890625 0.4640625 0.028125 0.10625
0 0.63515625 0.7875 0.03125 0.05
0 0.6625 0.4640625 0.028125 0.10625
0 0.56953125 0.6 0.021875 0.10625
18 0.96953125 0.58125 0.009375 0.071875
0 0.06796875 0.60234375 0.0234375 0.10625
18 0.9265625 0.58125 0.009375 0.071875
18 0.88203125 0.571875 0.009375 0.071875
0 0.29609375 0.465625 0.028125 0.10625
18 0.83515625 0.5765625 0.009375 0.071875
0 0.79921875 0.6171875 0.021875 0.084375
18 0.78828125 0.575 0.009375 0.071875
18 0.7421875 0.578125 0.009375 0.071875
18 0.696875 0.575 0.009375 0.071875
18 0.65078125 0.578125 0.009375 0.071875
18 0.61796875 0.7875 0.009375 0.071875
9 0.46328125 0.4609375 0.0140625 0.121875
18 0.0546875 0.5765625 0.0109375 0.071875
0 0.1140625 0.60078125 0.0234375 0.10625
9 0.55625 0.4609375 0.0140625 0.121875
9 0.41796875 0.465625 0.0140625 0.121875
18 0.10078125 0.5796875 0.0109375 0.071875
18 0.146875 0.575 0.0109375 0.071875
0 0.6625 0.6125 0.021875 0.084375
9 0.3265625 0.4609375 0.0140625 0.121875
18 0.23671875 0.5734375 0.009375 0.071875
18 0.28359375 0.578125 0.009375 0.071875
18 0.32890625 0.5765625 0.009375 0.071875
18 0.37421875 0.5796875 0.009375 0.071875
0 0.4328125 0.60078125 0.021875 0.10625
0 0.38671875 0.6 0.021875 0.10625
9 0.3734375 0.4625 0.0140625 0.121875
18 0.4203125 0.5796875 0.009375 0.071875
0 0.5703125 0.465625 0.028125 0.10625
18 0.465625 0.575 0.009375 0.071875
18 0.5125 0.578125 0.009375 0.071875
18 0.55859375 0.58203125 0.009375 0.071875
0 0.15859375 0.615625 0.0234375 0.078125
0 0.61640625 0.60078125 0.021875 0.10625
18 0.6046875 0.58359375 0.009375 0.071875
0 0.7078125 0.6140625 0.021875 0.084375
9 0.2796875 0.46640625 0.0140625 0.121875
0 0.340625 0.6 0.021875 0.10625
0 0.2484375 0.6 0.021875 0.10625
0 0.89296875 0.615625 0.021875 0.084375
0 0.98203125 0.6140625 0.021875 0.084375
0 0.38671875 0.459375 0.028125 0.10625
0 0.96953125 0.8296875 0.0484375 0.053125
0 0.4328125 0.4640625 0.028125 0.10625
9 0.6484375 0.4625 0.0140625 0.121875
0 0.61640625 0.4640625 0.028125 0.10625
0 0.93671875 0.6171875 0.021875 0.084375
9 0.51015625 0.465625 0.0140625 0.121875
0 0.47890625 0.60078125 0.021875 0.10625
0 0.340625 0.465625 0.028125 0.10625
0 0.29453125 0.596875 0.021875 0.10625
0 0.20234375 0.5984375 0.021875 0.10625
0 0.7546875 0.6125 0.021875 0.084375
9 0.60234375 0.465625 0.0140625 0.121875