18 0.81015625 0.425 0.01015625 0.071875
0 0.475 0.5375 0.028125 0.10703125
0 0.475 0.39921875 0.02265625 0.10703125
0 0.153125 0.384375 0.02265625 0.08359375
0 0.52109375 0.5359375 0.028125 0.10703125
0 0.36484375 0.2125 0.03203125 0.04921875
0 0.3375 0.5359375 0.028125 0.10703125
0 0.43046875 0.4 0.02265625 0.10703125
18 0.03046875 0.41875 0.01015625 0.071875
0 0.93203125 0.39765625 0.02265625 0.10703125
18 0.0734375 0.41875 0.01015625 0.071875
18 0.11796875 0.428125 0.01015625 0.071875
0 0.70390625 0.534375 0.028125 0.10703125
18 0.16484375 0.4234375 0.01015625 0.071875
0 0.20078125 0.3828125 0.02265625 0.08359375
18 0.21171875 0.425 0.01015625 0.071875
18 0.2578125 0.421875 0.01015625 0.071875
18 0.303125 0.425 0.01015625 0.071875
18 0.34921875 0.421875 0.01015625 0.071875
18 0.38203125 0.2125 0.01015625 0.071875
9 0.53671875 0.5390625 0.0140625 0.12109375
18 0.9453125 0.4234375 0.01015625 0.071875
0 0.8859375 0.39921875 0.02265625 0.10703125
9 0.44375 0.5390625 0.0140625 0.12109375
9 0.58203125 0.534375 0.0140625 0.12109375
18 0.89921875 0.4203125 0.01015625 0.071875
18 0.853125 0.425 0.01015625 0.071875
0 0.3375 0.3875 0.02265625 0.08359375
9 0.6734375 0.5390625 0.0140625 0.12109375
18 0.76328125 0.4265625 0.01015625 0.071875
18 0.71640625 0.421875 0.01015625 0.071875
18 0.67109375 0.4234375 0.01015625 0.071875
18 0.62578125 0.4203125 0.01015625 0.071875
0 0.5671875 0.39921875 0.02265625 0.10703125
0 0.61328125 0.4 0.02265625 0.10703125
9 0.6265625 0.5375 0.0140625 0.12109375
18 0.5796875 0.4203125 0.01015625 0.071875
0 0.4296875 0.534375 0.028125 0.10703125
18 0.534375 0.425 0.01015625 0.071875
18 0.4875 0.421875 0.01015625 0.071875
18 0.44140625 0.41796875 0.01015625 0.071875
0 0.84140625 0.384375 0.02265625 0.078125
0 0.38359375 0.39921875 0.02265625 0.10703125
18 0.3953125 0.41640625 0.01015625 0.071875
0 0.2921875 0.3859375 0.02265625 0.08359375
9 0.7203125 0.53359375 0.0140625 0.12109375
0 0.659375 0.4 0.02265625 0.10703125
0 0.7515625 0.4 0.02265625 0.10703125
0 0.10703125 0.384375 0.02265625 0.08359375
0 0.01796875 0.3859375 0.02265625 0.08359375
0 0.61328125 0.540625 0.028125 0.10703125
0 0.03046875 0.1703125 0.0484375 0.05234375
0 0.5671875 0.5359375 0.028125 0.10703125
9 0.3515625 0.5375 0.0140625 0.12109375
0 0.38359375 0.5359375 0.028125 0.10703125
0 0.06328125 0.3828125 0.02265625 0.08359375
9 0.48984375 0.534375 0.0140625 0.12109375
0 0.52109375 0.39921875 0.02265625 0.10703125
0 0.659375 0.534375 0.028125 0.10703125
0 0.70546875 0.403125 0.02265625 0.10703125
0 0.79765625 0.4015625 0.02265625 0.10703125
0 0.2453125 0.3875 0.02265625 0.08359375
9 0.39765625 0.534375 0.0140625 0.12109375