0 0.2578125 0.415625 0.05625 0.0328125
0 0.0953125 0.6609375 0.015625 0.0375
18 0.2515625 0.3578125 0.0265625 0.0125
18 0.25078125 0.40390625 0.028125 0.0140625
19 0.2609375 0.43828125 0.053125 0.03125
0 0.25859375 0.684375 0.059375 0.0359375
19 0.26171875 0.4828125 0.053125 0.03125
19 0.26328125 0.528125 0.053125 0.03125
19 0.26171875 0.5734375 0.053125 0.03125
0 0.2578125 0.72890625 0.059375 0.0359375
0 0.16640625 0.8109375 0.03125 0.046875
19 0.26171875 0.61875 0.053125 0.03125
0 0.25625 0.6390625 0.059375 0.0359375
0 0.2578125 0.55 0.059375 0.0359375
0 0.2578125 0.4609375 0.059375 0.0359375
0 0.2578125 0.7734375 0.059375 0.0359375
19 0.2609375 0.66171875 0.053125 0.03125
0 0.2578125 0.50546875 0.059375 0.0359375
19 0.26171875 0.70703125 0.053125 0.03125
19 0.26171875 0.7515625 0.053125 0.03125
0 0.25546875 0.3703125 0.0578125 0.0328125
0 0.2578125 0.8203125 0.059375 0.0359375
0 0.2578125 0.59453125 0.059375 0.0359375
19 0.26328125 0.79609375 0.053125 0.0328125
18 0.1609375 0.784375 0.0296875 0.0125