0 0.584375 0.2578125 0.0328125 0.05625
0 0.3390625 0.0953125 0.03828125 0.015625
18 0.6421875 0.2515625 0.01171875 0.0265625
18 0.59609375 0.25078125 0.0140625 0.028125
19 0.56171875 0.2609375 0.03203125 0.05234375
0 0.315625 0.25859375 0.0359375 0.06015625
19 0.5171875 0.26171875 0.03203125 0.05234375
19 0.471875 0.26328125 0.03203125 0.05234375
19 0.4265625 0.26171875 0.03203125 0.05234375
0 0.27109375 0.2578125 0.0359375 0.06015625
0 0.1890625 0.16640625 0.046875 0.03046875
19 0.38125 0.26171875 0.03203125 0.05234375
0 0.3609375 0.25625 0.0359375 0.06015625
0 0.45 0.2578125 0.0359375 0.06015625
0 0.5390625 0.2578125 0.0359375 0.06015625
0 0.2265625 0.2578125 0.0359375 0.06015625
19 0.33828125 0.2609375 0.03203125 0.05234375
0 0.49453125 0.2578125 0.0359375 0.06015625
19 0.29296875 0.26171875 0.03203125 0.05234375
19 0.2484375 0.26171875 0.03203125 0.05234375
0 0.6296875 0.25546875 0.0328125 0.0578125
0 0.1796875 0.2578125 0.0359375 0.06015625
0 0.40546875 0.2578125 0.0359375 0.06015625
19 0.20390625 0.26328125 0.03203125 0.05234375
18 0.215625 0.1609375 0.01171875 0.0296875