0 0.7421875 0.584375 0.05625 0.0328125
0 0.9046875 0.3390625 0.015625 0.0375
18 0.7484375 0.6421875 0.0265625 0.0125
18 0.74921875 0.59609375 0.028125 0.0140625
19 0.7390625 0.56171875 0.053125 0.03125
0 0.74140625 0.315625 0.059375 0.0359375
19 0.73828125 0.5171875 0.053125 0.03125
19 0.73671875 0.471875 0.053125 0.03125
19 0.73828125 0.4265625 0.053125 0.03125
0 0.7421875 0.27109375 0.059375 0.0359375
0 0.83359375 0.1890625 0.03125 0.046875
19 0.73828125 0.38125 0.053125 0.03125
0 0.74375 0.3609375 0.059375 0.0359375
0 0.7421875 0.45 0.059375 0.0359375
0 0.7421875 0.5390625 0.059375 0.0359375
0 0.7421875 0.2265625 0.059375 0.0359375
19 0.7390625 0.33828125 0.053125 0.03125
0 0.7421875 0.49453125 0.059375 0.0359375
19 0.73828125 0.29296875 0.053125 0.03125
19 0.73828125 0.2484375 0.053125 0.03125
0 0.74453125 0.6296875 0.0578125 0.0328125
0 0.7421875 0.1796875 0.059375 0.0359375
0 0.7421875 0.40546875 0.059375 0.0359375
19 0.73671875 0.20390625 0.053125 0.03125
18 0.8390625 0.215625 0.0296875 0.0125