19 0.265625 0.6640625 0.0390625 0.01875
0 0.26796875 0.50390625 0.025 0.03125
0 0.27421875 0.64296875 0.0390625 0.03125
0 0.275 0.59765625 0.0390625 0.03125
0 0.26640625 0.68984375 0.0265625 0.0328125
28 0.19609375 0.66484375 0.03125 0.021875
21 0.159375 0.66328125 0.0390625 0.0140625
18 0.259375 0.7546875 0.0265625 0.0140625
18 0.25703125 0.70859375 0.0265625 0.0140625
0 0.27421875 0.45703125 0.0390625 0.03125
0 0.26796875 0.7359375 0.0265625 0.0328125
0 0.16015625 0.64453125 0.028125 0.025
0 0.14375 0.48125 0.015625 0.0453125
0 0.196875 0.609375 0.028125 0.08125
0 0.27578125 0.55078125 0.0390625 0.03125
18 0.259375 0.521875 0.025 0.0125
19 0.26484375 0.478125 0.0390625 0.01875
19 0.2640625 0.571875 0.0390625 0.01875
19 0.26484375 0.61796875 0.0390625 0.01875