19 0.6640625 0.734375 0.01875 0.0390625
0 0.50390625 0.73203125 0.03125 0.025
0 0.64296875 0.72578125 0.03125 0.0390625
0 0.59765625 0.725 0.03125 0.0390625
0 0.68984375 0.73359375 0.0328125 0.0265625
28 0.66484375 0.80390625 0.021875 0.03125
21 0.66328125 0.840625 0.0140625 0.0390625
18 0.7546875 0.740625 0.0140625 0.0265625
18 0.70859375 0.74296875 0.0140625 0.0265625
0 0.45703125 0.72578125 0.03125 0.0390625
0 0.7359375 0.73203125 0.0328125 0.0265625
0 0.64453125 0.83984375 0.025 0.028125
0 0.48125 0.85625 0.0453125 0.015625
0 0.609375 0.803125 0.08125 0.028125
0 0.55078125 0.72421875 0.03125 0.0390625
18 0.521875 0.740625 0.0125 0.025
19 0.478125 0.73515625 0.01875 0.0390625
19 0.571875 0.7359375 0.01875 0.0390625
19 0.61796875 0.73515625 0.01875 0.0390625