0 0.7125 0.2359375 0.071875 0.009375
0 0.715625 0.44765625 0.071875 0.009375
0 0.7140625 0.30625 0.071875 0.009375
0 0.83515625 0.17265625 0.0328125 0.0453125
0 0.7140625 0.27265625 0.071875 0.009375
0 0.82578125 0.3109375 0.021875 0.078125
0 0.7140625 0.4828125 0.071875 0.009375
0 0.7140625 0.41171875 0.071875 0.009375
0 0.71328125 0.3765625 0.071875 0.009375
18 0.7125 0.29609375 0.0578125 0.015625
18 0.7125 0.33125 0.0578125 0.015625
18 0.7125 0.36640625 0.0578125 0.015625
18 0.71171875 0.471875 0.0578125 0.015625
18 0.8234375 0.2609375 0.0359375 0.01875
18 0.7125 0.26171875 0.0578125 0.015625
18 0.7125 0.40234375 0.0578125 0.015625
0 0.71484375 0.16640625 0.071875 0.009375
18 0.7140625 0.190625 0.0578125 0.015625
18 0.71328125 0.1546875 0.0578125 0.015625
18 0.7125 0.225 0.0578125 0.015625
18 0.71171875 0.4359375 0.0578125 0.015625
0 0.7140625 0.3421875 0.071875 0.009375
0 0.7140625 0.2015625 0.071875 0.009375