0 0.2359375 0.2875 0.00859375 0.07109375
0 0.44765625 0.284375 0.00859375 0.07109375
0 0.30625 0.2859375 0.00859375 0.07109375
0 0.17265625 0.16484375 0.0453125 0.0328125
0 0.27265625 0.2859375 0.00859375 0.07109375
0 0.3109375 0.17421875 0.07890625 0.02109375
0 0.4828125 0.2859375 0.00859375 0.07109375
0 0.41171875 0.2859375 0.00859375 0.07109375
0 0.3765625 0.28671875 0.00859375 0.07109375
18 0.29609375 0.2875 0.015625 0.0578125
18 0.33125 0.2875 0.015625 0.0578125
18 0.36640625 0.2875 0.015625 0.0578125
18 0.471875 0.28828125 0.015625 0.0578125
18 0.2609375 0.1765625 0.01875 0.0359375
18 0.26171875 0.2875 0.015625 0.0578125
18 0.40234375 0.2875 0.015625 0.0578125
0 0.16640625 0.28515625 0.00859375 0.07109375
18 0.190625 0.2859375 0.015625 0.0578125
18 0.1546875 0.28671875 0.015625 0.0578125
18 0.225 0.2875 0.015625 0.0578125
18 0.4359375 0.28828125 0.015625 0.0578125
0 0.3421875 0.2859375 0.00859375 0.07109375
0 0.2015625 0.2859375 0.00859375 0.07109375