18 0.79921875 0.3328125 0.00625 0.0125
18 0.8625 0.3328125 0.00625 0.0140625
0 0.7828125 0.3296875 0.0125 0.01875
0 0.33828125 0.3296875 0.0125 0.01875
0 0.29375 0.25703125 0.028125 0.0109375
0 0.39375 0.2578125 0.009375 0.009375
0 0.5609375 0.33046875 0.0125 0.01875
0 0.40234375 0.3296875 0.0125 0.01875
0 0.43515625 0.2859375 0.0453125 0.0203125
0 0.6546875 0.32890625 0.0125 0.01875
0 0.36953125 0.3296875 0.0125 0.01875
0 0.49765625 0.3296875 0.0125 0.01875
0 0.87734375 0.3296875 0.0125 0.01875
0 0.4328125 0.32890625 0.0125 0.01875
28 0.39921875 0.2765625 0.0125 0.021875
18 0.3546875 0.3328125 0.00625 0.0140625
18 0.38671875 0.334375 0.00625 0.0140625
18 0.41796875 0.33203125 0.00625 0.0140625
18 0.40078125 0.2578125 0.00625 0.0125
18 0.290625 0.3328125 0.00625 0.0140625
18 0.32265625 0.33359375 0.00625 0.0140625
18 0.45 0.33359375 0.00625 0.0140625
18 0.70390625 0.3328125 0.00625 0.0140625
18 0.671875 0.334375 0.00625 0.0140625
18 0.640625 0.3328125 0.00625 0.0140625
18 0.60859375 0.33359375 0.00625 0.0140625
18 0.5765625 0.3328125 0.00625 0.0140625
18 0.54453125 0.33359375 0.00625 0.0140625
18 0.51328125 0.334375 0.00625 0.0140625
0 0.6875 0.3296875 0.0125 0.01875
0 0.465625 0.3296875 0.0125 0.01875
0 0.75078125 0.32890625 0.0125 0.01875
0 0.52890625 0.3296875 0.0125 0.01875
18 0.48203125 0.33359375 0.00625 0.0140625
0 0.30625 0.3296875 0.0125 0.01875
0 0.8140625 0.3296875 0.0125 0.01875
0 0.5921875 0.3296875 0.0125 0.01875
0 0.71796875 0.33046875 0.009375 0.01875
0 0.62421875 0.3296875 0.0125 0.01875
18 0.734375 0.3328125 0.00625 0.0140625
18 0.7671875 0.33203125 0.00625 0.0140625