18 0.2046875 0.43046875 0.0203125 0.009375
0 0.08984375 0.45390625 0.03125 0.06875
0 0.03984375 0.42578125 0.025 0.01875
7 0.22734375 0.30625 0.0171875 0.0125
18 0.2078125 0.29921875 0.0203125 0.009375
0 0.2 0.50859375 0.025 0.01875
28 0.059375 0.4671875 0.0296875 0.0171875
0 0.19921875 0.55625 0.025 0.01875
0 0.20859375 0.7328125 0.034375 0.009375
0 0.14921875 0.1859375 0.025 0.01875
18 0.16484375 0.209375 0.0203125 0.009375
18 0.20703125 0.715625 0.021875 0.009375
18 0.04921875 0.4421875 0.015625 0.0125
0 0.20859375 0.4484375 0.034375 0.0078125
0 0.2 0.69140625 0.025 0.01875
0 0.209375 0.3171875 0.034375 0.009375
18 0.20546875 0.5328125 0.0203125 0.009375
7 0.2265625 0.43671875 0.0171875 0.0125
18 0.20703125 0.62734375 0.0203125 0.009375
0 0.12109375 0.72890625 0.015625 0.0125
0 0.20078125 0.27578125 0.025 0.01875
7 0.2265625 0.7234375 0.015625 0.0125
0 0.2 0.60390625 0.025 0.01875
0 0.19921875 0.40625 0.025 0.01875
18 0.2046875 0.5796875 0.0203125 0.009375