18 0.56953125 0.2046875 0.01015625 0.0203125
0 0.54609375 0.08984375 0.06875 0.03046875
0 0.57421875 0.03984375 0.01875 0.025
7 0.69375 0.22734375 0.01171875 0.0171875
18 0.70078125 0.2078125 0.01015625 0.0203125
0 0.49140625 0.2 0.01796875 0.02578125
28 0.5328125 0.059375 0.0171875 0.0296875
0 0.44375 0.19921875 0.01796875 0.02578125
0 0.2671875 0.20859375 0.009375 0.034375
0 0.8140625 0.14921875 0.01796875 0.025
18 0.790625 0.16484375 0.01015625 0.0203125
18 0.284375 0.20703125 0.009375 0.021875
18 0.5578125 0.04921875 0.0125 0.01640625
0 0.5515625 0.20859375 0.0078125 0.034375
0 0.30859375 0.2 0.01796875 0.02578125
0 0.6828125 0.209375 0.009375 0.034375
18 0.4671875 0.20546875 0.01015625 0.0203125
7 0.56328125 0.2265625 0.01171875 0.0171875
18 0.37265625 0.20703125 0.01015625 0.0203125
0 0.27109375 0.12109375 0.01328125 0.01640625
0 0.72421875 0.20078125 0.01796875 0.02421875
7 0.2765625 0.2265625 0.01171875 0.01640625
0 0.39609375 0.2 0.01796875 0.02578125
0 0.59375 0.19921875 0.01796875 0.02421875
18 0.4203125 0.2046875 0.01015625 0.0203125