18 0.43046875 0.7953125 0.009375 0.0203125
0 0.45390625 0.91015625 0.06875 0.03125
0 0.42578125 0.96015625 0.01875 0.025
7 0.30625 0.77265625 0.0125 0.0171875
18 0.29921875 0.7921875 0.009375 0.0203125
0 0.50859375 0.8 0.01875 0.025
28 0.4671875 0.940625 0.0171875 0.0296875
0 0.55625 0.80078125 0.01875 0.025
0 0.7328125 0.79140625 0.009375 0.034375
0 0.1859375 0.85078125 0.01875 0.025
18 0.209375 0.83515625 0.009375 0.0203125
18 0.715625 0.79296875 0.009375 0.021875
18 0.4421875 0.95078125 0.0125 0.015625
0 0.4484375 0.79140625 0.0078125 0.034375
0 0.69140625 0.8 0.01875 0.025
0 0.3171875 0.790625 0.009375 0.034375
18 0.5328125 0.79453125 0.009375 0.0203125
7 0.43671875 0.7734375 0.0125 0.0171875
18 0.62734375 0.79296875 0.009375 0.0203125
0 0.72890625 0.87890625 0.0125 0.015625
0 0.27578125 0.79921875 0.01875 0.025
7 0.7234375 0.7734375 0.0125 0.015625
0 0.60390625 0.8 0.01875 0.025
0 0.40625 0.80078125 0.0171875 0.025
18 0.5796875 0.7953125 0.009375 0.0203125