0 0.36484375 0.18671875 0.02109375 0.02578125
0 0.7109375 0.1921875 0.021875 0.0359375
0 0.5609375 0.1875 0.02109375 0.02578125
18 0.4359375 0.19140625 0.009375 0.0234375
18 0.63828125 0.190625 0.0109375 0.021875
18 0.734375 0.19296875 0.01015625 0.02109375
18 0.4890625 0.19296875 0.009375 0.0234375
18 0.58359375 0.19375 0.009375 0.0234375
19 0.68828125 0.19765625 0.01796875 0.02890625
18 0.5375 0.190625 0.009375 0.0234375
18 0.38828125 0.1921875 0.009375 0.0234375
18 0.3421875 0.19296875 0.009375 0.0234375
18 0.5125 0.1046875 0.009375 0.0234375
0 0.6609375 0.18671875 0.01953125 0.02578125
0 0.7578125 0.18671875 0.01953125 0.02578125
0 0.609375 0.1859375 0.02109375 0.02578125
0 0.4125 0.1859375 0.02109375 0.02578125
0 0.5140625 0.1875 0.02109375 0.02578125
0 0.5359375 0.0984375 0.02109375 0.0265625
0 0.459375 0.1859375 0.02109375 0.02578125
0 0.38125 0.1078125 0.0859375 0.015625