0 0.81328125 0.36484375 0.025 0.021875
0 0.8078125 0.7109375 0.0359375 0.021875
0 0.8125 0.5609375 0.025 0.021875
18 0.80859375 0.4359375 0.0234375 0.009375
18 0.809375 0.63828125 0.021875 0.0109375
18 0.80703125 0.734375 0.021875 0.009375
18 0.80703125 0.4890625 0.0234375 0.009375
18 0.80625 0.58359375 0.0234375 0.009375
19 0.80234375 0.68828125 0.028125 0.01875
18 0.809375 0.5375 0.0234375 0.009375
18 0.8078125 0.38828125 0.0234375 0.009375
18 0.80703125 0.3421875 0.0234375 0.009375
18 0.8953125 0.5125 0.0234375 0.009375
0 0.81328125 0.6609375 0.025 0.01875
0 0.81328125 0.7578125 0.025 0.01875
0 0.8140625 0.609375 0.025 0.021875
0 0.8140625 0.4125 0.025 0.021875
0 0.8125 0.5140625 0.025 0.021875
0 0.9015625 0.5359375 0.0265625 0.021875
0 0.8140625 0.459375 0.025 0.021875
0 0.8921875 0.38125 0.015625 0.0859375