0 0.225 0.61171875 0.0625 0.02421875
18 0.25 0.5390625 0.03515625 0.0171875
18 0.2484375 0.784375 0.0328125 0.0171875
18 0.24921875 0.47890625 0.03515625 0.0171875
18 0.24765625 0.7375 0.0328125 0.0171875
0 0.22421875 0.709375 0.0625 0.02421875
18 0.13359375 0.71015625 0.03515625 0.0171875
18 0.25078125 0.590625 0.0328125 0.0171875
0 0.225 0.5609375 0.0625 0.02421875
0 0.2265625 0.4421875 0.0625 0.02421875
0 0.22734375 0.50078125 0.0625 0.02421875
0 0.22578125 0.6609375 0.0625 0.02421875
0 0.084375 0.790625 0.015625 0.05703125
0 0.12421875 0.66953125 0.03671875 0.053125
18 0.2484375 0.4203125 0.03515625 0.0171875
18 0.246875 0.6890625 0.0328125 0.0171875
0 0.2265625 0.7578125 0.0625 0.02421875
0 0.2265625 0.80625 0.0625 0.02421875
18 0.24921875 0.64140625 0.0328125 0.0171875