0 0.38828125 0.225 0.025 0.0625
18 0.4609375 0.25 0.0171875 0.034375
18 0.215625 0.2484375 0.0171875 0.0328125
18 0.52109375 0.24921875 0.0171875 0.034375
18 0.2625 0.24765625 0.0171875 0.0328125
0 0.290625 0.22421875 0.025 0.0625
18 0.28984375 0.13359375 0.0171875 0.034375
18 0.409375 0.25078125 0.0171875 0.0328125
0 0.4390625 0.225 0.025 0.0625
0 0.5578125 0.2265625 0.025 0.0625
0 0.49921875 0.22734375 0.025 0.0625
0 0.3390625 0.22578125 0.025 0.0625
0 0.209375 0.084375 0.05625 0.015625
0 0.33046875 0.12421875 0.053125 0.0375
18 0.5796875 0.2484375 0.0171875 0.034375
18 0.3109375 0.246875 0.0171875 0.0328125
0 0.2421875 0.2265625 0.025 0.0625
0 0.19375 0.2265625 0.025 0.0625
18 0.35859375 0.24921875 0.0171875 0.0328125