0 0.43203125 0.04765625 0.065625 0.01875
18 0.39140625 0.709375 0.06875 0.00625
0 0.43046875 0.4703125 0.065625 0.01875
0 0.43046875 0.12578125 0.065625 0.01875
18 0.39453125 0.74765625 0.06875 0.00625
0 0.42890625 0.696875 0.065625 0.01875
0 0.43046875 0.1640625 0.065625 0.01875
0 0.42890625 0.73671875 0.065625 0.01875
0 0.43203125 0.509375 0.065625 0.01875
0 0.4265625 0.25625 0.065625 0.01875
0 0.42890625 0.8140625 0.065625 0.01875
0 0.42890625 0.203125 0.065625 0.01875
0 0.42890625 0.0859375 0.065625 0.01875
18 0.39140625 0.78671875 0.06875 0.00625
0 0.43046875 0.3109375 0.065625 0.01875
0 0.43046875 0.56171875 0.065625 0.01875
18 0.38984375 0.82578125 0.06875 0.00625
18 0.39140625 0.8640625 0.06875 0.00625
0 0.42890625 0.61484375 0.065625 0.01875
18 0.3875 0.91796875 0.06875 0.00625
0 0.4265625 0.9609375 0.065625 0.0203125
0 0.43203125 0.85390625 0.065625 0.01875
0 0.23125 0.87734375 0.075 0.0203125
7 0.23984375 0.9203125 0.0375 0.00625
18 0.3859375 0.97109375 0.06875 0.00625
18 0.21796875 0.89140625 0.0921875 0.00625
0 0.43359375 0.4296875 0.065625 0.01875
0 0.12890625 0.96796875 0.034375 0.028125
0 0.42890625 0.39140625 0.065625 0.01875
0 0.43046875 0.90625 0.065625 0.0203125
0 0.42890625 0.775 0.065625 0.01875
18 0.39140625 0.57421875 0.06875 0.00625
18 0.39140625 0.5203125 0.06875 0.00625
18 0.39140625 0.48125 0.06875 0.00625
18 0.39140625 0.44296875 0.06875 0.00625
18 0.39296875 0.628125 0.06875 0.00625
0 0.43203125 0.353125 0.065625 0.01875
0 0.42890625 0.6578125 0.065625 0.01875
18 0.38984375 0.40390625 0.06875 0.00625
18 0.39140625 0.365625 0.06875 0.00625
18 0.38984375 0.66953125 0.06875 0.00625
18 0.39140625 0.321875 0.06875 0.00625
18 0.39140625 0.2671875 0.06875 0.00625
18 0.38984375 0.21484375 0.06875 0.00625
18 0.39296875 0.17578125 0.06875 0.00625
18 0.39296875 0.13671875 0.06875 0.00625
18 0.39453125 0.09765625 0.06875 0.00625
18 0.39296875 0.05859375 0.06875 0.00625