0 0.56796875 0.95234375 0.065625 0.0203125
18 0.60859375 0.290625 0.06875 0.00625
0 0.56953125 0.5296875 0.065625 0.01875
0 0.56953125 0.87421875 0.065625 0.01875
18 0.60546875 0.25234375 0.06875 0.00625
0 0.57109375 0.303125 0.065625 0.01875
0 0.56953125 0.8359375 0.065625 0.01875
0 0.57109375 0.26328125 0.065625 0.01875
0 0.56796875 0.490625 0.065625 0.01875
0 0.5734375 0.74375 0.065625 0.01875
0 0.57109375 0.1859375 0.065625 0.01875
0 0.57109375 0.796875 0.065625 0.01875
0 0.57109375 0.9140625 0.065625 0.0203125
18 0.60859375 0.21328125 0.06875 0.00625
0 0.56953125 0.6890625 0.065625 0.01875
0 0.56953125 0.43828125 0.065625 0.01875
18 0.61015625 0.17421875 0.06875 0.00625
18 0.60859375 0.1359375 0.06875 0.00625
0 0.57109375 0.38515625 0.065625 0.01875
18 0.6125 0.08203125 0.06875 0.00625
0 0.5734375 0.0390625 0.065625 0.01875
0 0.56796875 0.14609375 0.065625 0.01875
0 0.76875 0.12265625 0.075 0.0203125
7 0.76015625 0.0796875 0.0375 0.00625
18 0.6140625 0.02890625 0.06875 0.00625
18 0.78203125 0.10859375 0.0921875 0.00625
0 0.56640625 0.5703125 0.065625 0.01875
0 0.87109375 0.03203125 0.034375 0.028125
0 0.57109375 0.60859375 0.065625 0.01875
0 0.56953125 0.09375 0.065625 0.01875
0 0.57109375 0.225 0.065625 0.01875
18 0.60859375 0.42578125 0.06875 0.00625
18 0.60859375 0.4796875 0.06875 0.00625
18 0.60859375 0.51875 0.06875 0.00625
18 0.60859375 0.55703125 0.06875 0.00625
18 0.60703125 0.371875 0.06875 0.00625
0 0.56796875 0.646875 0.065625 0.01875
0 0.57109375 0.3421875 0.065625 0.01875
18 0.61015625 0.59609375 0.06875 0.00625
18 0.60859375 0.634375 0.06875 0.00625
18 0.61015625 0.33046875 0.06875 0.00625
18 0.60859375 0.678125 0.06875 0.00625
18 0.60859375 0.7328125 0.06875 0.00625
18 0.61015625 0.78515625 0.06875 0.00625
18 0.60703125 0.82421875 0.06875 0.00625
18 0.60703125 0.86328125 0.06875 0.00625
18 0.60546875 0.90234375 0.06875 0.00625
18 0.60703125 0.94140625 0.06875 0.00625