19 0.4296875 0.45859375 0.01875 0.11484375
0 0.315625 0.48046875 0.0171875 0.06484375
0 0.77109375 0.48359375 0.0171875 0.06484375
0 0.37578125 0.48359375 0.0171875 0.06484375
0 0.7375 0.48359375 0.0171875 0.06484375
0 0.0828125 0.2515625 0.0125 0.0578125
0 0.20078125 0.48359375 0.0171875 0.06484375
0 0.4453125 0.48203125 0.0171875 0.06484375
0 0.5734375 0.48359375 0.0171875 0.06484375
0 0.41328125 0.48046875 0.0171875 0.06484375
0 0.98515625 0.48203125 0.0171875 0.06484375
0 0.040625 0.48046875 0.0171875 0.06484375
0 0.803125 0.48359375 0.0171875 0.06484375
0 0.08359375 0.48359375 0.0171875 0.06484375
0 0.18125 0.48359375 0.0171875 0.06484375
0 0.925 0.4859375 0.0171875 0.06484375
19 0.359375 0.4640625 0.01875 0.11484375
19 0.396875 0.4625 0.01875 0.11484375
18 0.0703125 0.228125 0.0078125 0.096875
19 0.02421875 0.465625 0.01875 0.11484375
19 0.10390625 0.46015625 0.01875 0.11484375
19 0.13046875 0.46015625 0.01875 0.11484375
19 0.1640625 0.4625 0.01875 0.11484375
19 0.21953125 0.4640625 0.01875 0.11484375
19 0.2984375 0.4625 0.01875 0.11484375
19 0.49140625 0.46015625 0.01875 0.11484375
19 0.55703125 0.4625 0.01875 0.11484375
19 0.62421875 0.4625 0.01875 0.11484375
19 0.72109375 0.45859375 0.01875 0.11484375
19 0.75546875 0.4625 0.01875 0.11484375
19 0.78671875 0.4625 0.01875 0.11484375
19 0.8203125 0.4625 0.01875 0.11484375
19 0.94296875 0.4625 0.01875 0.11484375
19 0.96875 0.46015625 0.01875 0.11484375
0 0.5078125 0.48203125 0.0171875 0.06484375
0 0.0328125 0.18671875 0.0375 0.0359375
0 0.63984375 0.48203125 0.0171875 0.06484375
0 0.14765625 0.48203125 0.0171875 0.06484375
0 0.8375 0.48203125 0.0171875 0.06484375