19 0.45859375 0.5703125 0.115625 0.01875
0 0.48046875 0.684375 0.065625 0.0171875
0 0.48359375 0.22890625 0.065625 0.0171875
0 0.48359375 0.62421875 0.065625 0.0171875
0 0.48359375 0.2625 0.065625 0.0171875
0 0.2515625 0.9171875 0.0578125 0.0125
0 0.48359375 0.79921875 0.065625 0.0171875
0 0.48203125 0.5546875 0.065625 0.0171875
0 0.48359375 0.4265625 0.065625 0.0171875
0 0.48046875 0.58671875 0.065625 0.0171875
0 0.48203125 0.01484375 0.065625 0.0171875
0 0.48046875 0.959375 0.065625 0.0171875
0 0.48359375 0.196875 0.065625 0.0171875
0 0.48359375 0.91640625 0.065625 0.0171875
0 0.48359375 0.81875 0.065625 0.0171875
0 0.4859375 0.075 0.065625 0.0171875
19 0.4640625 0.640625 0.115625 0.01875
19 0.4625 0.603125 0.115625 0.01875
18 0.228125 0.9296875 0.096875 0.0078125
19 0.465625 0.97578125 0.115625 0.01875
19 0.46015625 0.89609375 0.115625 0.01875
19 0.46015625 0.86953125 0.115625 0.01875
19 0.4625 0.8359375 0.115625 0.01875
19 0.4640625 0.78046875 0.115625 0.01875
19 0.4625 0.7015625 0.115625 0.01875
19 0.46015625 0.50859375 0.115625 0.01875
19 0.4625 0.44296875 0.115625 0.01875
19 0.4625 0.37578125 0.115625 0.01875
19 0.45859375 0.27890625 0.115625 0.01875
19 0.4625 0.24453125 0.115625 0.01875
19 0.4625 0.21328125 0.115625 0.01875
19 0.4625 0.1796875 0.115625 0.01875
19 0.4625 0.05703125 0.115625 0.01875
19 0.46015625 0.03125 0.115625 0.01875
0 0.48203125 0.4921875 0.065625 0.0171875
0 0.18671875 0.9671875 0.0359375 0.0375
0 0.48203125 0.36015625 0.065625 0.0171875
0 0.48203125 0.85234375 0.065625 0.0171875
0 0.48203125 0.1625 0.065625 0.0171875