18 0.78125 0.20703125 0.034375 0.009375
0 0.86015625 0.4921875 0.028125 0.0375
0 0.75234375 0.2859375 0.028125 0.0375
0 0.753125 0.76171875 0.028125 0.0375
0 0.75234375 0.52421875 0.028125 0.0375
0 0.753125 0.5828125 0.028125 0.0375
18 0.78046875 0.7390625 0.034375 0.009375
18 0.7796875 0.678125 0.034375 0.009375
18 0.78359375 0.61953125 0.034375 0.009375
18 0.784375 0.56015625 0.034375 0.009375
18 0.7828125 0.50078125 0.034375 0.009375
18 0.78203125 0.44140625 0.034375 0.009375
18 0.78125 0.38203125 0.034375 0.009375
18 0.78125 0.321875 0.034375 0.009375
18 0.78203125 0.26328125 0.034375 0.009375
0 0.8921875 0.225 0.0171875 0.05625
0 0.75234375 0.40625 0.028125 0.0375
0 0.75234375 0.2296875 0.028125 0.0375
0 0.753125 0.46328125 0.028125 0.0375
0 0.75234375 0.703125 0.028125 0.0375
0 0.75234375 0.34609375 0.028125 0.0375
0 0.753125 0.64296875 0.028125 0.0375
18 0.8671875 0.46640625 0.04375 0.0109375