0 0.33984375 0.3625 0.01875 0.0546875
0 0.37890625 0.3625 0.01875 0.0546875
19 0.35234375 0.36171875 0.015625 0.0546875
19 0.39140625 0.3625 0.015625 0.0546875
0 0.30078125 0.3625 0.01875 0.0546875
0 0.45859375 0.36328125 0.01875 0.0546875
0 0.2609375 0.3625 0.01875 0.0546875
19 0.43125 0.3625 0.015625 0.0546875
0 0.09140625 0.2734375 0.046875 0.0171875
19 0.47109375 0.3625 0.015625 0.0546875
0 0.06484375 0.3046875 0.01875 0.015625
19 0.5109375 0.36171875 0.015625 0.0546875
18 0.54765625 0.36171875 0.0125 0.053125
0 0.65703125 0.35625 0.01875 0.06875
18 0.58671875 0.36015625 0.0125 0.053125
0 0.61796875 0.3625 0.01875 0.053125
18 0.66796875 0.36015625 0.0125 0.053125
0 0.578125 0.3578125 0.01875 0.0671875
0 0.5390625 0.35625 0.01875 0.0671875
0 0.4203125 0.36171875 0.01875 0.0546875
0 0.4984375 0.36171875 0.01875 0.0546875
0 0.1375 0.26171875 0.00625 0.06875
28 0.1234375 0.26953125 0.01875 0.01875
0 0.14140625 0.3609375 0.01875 0.0546875
0 0.22109375 0.36171875 0.01875 0.0546875
18 0.11953125 0.24140625 0.00625 0.015625
19 0.153125 0.3625 0.015625 0.0546875
19 0.19375 0.3625 0.015625 0.0546875
19 0.23359375 0.3625 0.015625 0.0546875
19 0.27265625 0.3609375 0.015625 0.0546875
19 0.3125 0.3625 0.015625 0.0546875
19 0.63046875 0.36171875 0.015625 0.0546875
0 0.18125 0.3625 0.01875 0.0546875