0 0.3625 0.66015625 0.0546875 0.01875
0 0.3625 0.62109375 0.0546875 0.01875
19 0.36171875 0.64765625 0.0546875 0.015625
19 0.3625 0.60859375 0.0546875 0.015625
0 0.3625 0.69921875 0.0546875 0.01875
0 0.36328125 0.54140625 0.0546875 0.01875
0 0.3625 0.7390625 0.0546875 0.01875
19 0.3625 0.56875 0.0546875 0.015625
0 0.2734375 0.90859375 0.0171875 0.046875
19 0.3625 0.52890625 0.0546875 0.015625
0 0.3046875 0.93515625 0.015625 0.01875
19 0.36171875 0.4890625 0.0546875 0.015625
18 0.36171875 0.45234375 0.053125 0.0125
0 0.35625 0.34296875 0.06875 0.01875
18 0.36015625 0.41328125 0.053125 0.0125
0 0.3625 0.38203125 0.053125 0.01875
18 0.36015625 0.33203125 0.053125 0.0125
0 0.3578125 0.421875 0.0671875 0.01875
0 0.35625 0.4609375 0.0671875 0.01875
0 0.36171875 0.5796875 0.0546875 0.01875
0 0.36171875 0.5015625 0.0546875 0.01875
0 0.26171875 0.8625 0.06875 0.00625
28 0.26953125 0.8765625 0.01875 0.01875
0 0.3609375 0.85859375 0.0546875 0.01875
0 0.36171875 0.77890625 0.0546875 0.01875
18 0.24140625 0.88046875 0.015625 0.00625
19 0.3625 0.846875 0.0546875 0.015625
19 0.3625 0.80625 0.0546875 0.015625
19 0.3625 0.76640625 0.0546875 0.015625
19 0.3609375 0.72734375 0.0546875 0.015625
19 0.3625 0.6875 0.0546875 0.015625
19 0.36171875 0.36953125 0.0546875 0.015625
0 0.3625 0.81875 0.0546875 0.01875