0 0.578125 0.8375 0.03125 0.03125
0 0.578125 0.7203125 0.03125 0.03125
0 0.57890625 0.60078125 0.03125 0.03125
0 0.57890625 0.29921875 0.03125 0.0359375
18 0.6171875 0.3234375 0.021875 0.0125
0 0.57890625 0.89765625 0.03125 0.03125
18 0.61484375 0.3828125 0.021875 0.0125
0 0.57890625 0.53828125 0.03125 0.0359375
0 0.578125 0.47734375 0.03125 0.0359375
19 0.61015625 0.621875 0.03125 0.01875
0 0.74375 0.38203125 0.01875 0.0203125
0 0.578125 0.41796875 0.03125 0.0359375
18 0.61484375 0.5609375 0.021875 0.0125
18 0.6140625 0.50234375 0.021875 0.0125
0 0.578125 0.66015625 0.03125 0.03125
0 0.57734375 0.36015625 0.03125 0.0359375
18 0.6140625 0.44296875 0.021875 0.0125
0 0.72109375 0.2671875 0.021875 0.0375
0 0.578125 0.77890625 0.03125 0.03125
19 0.6109375 0.68203125 0.03125 0.01875
19 0.61015625 0.74140625 0.03125 0.01875
19 0.6109375 0.8015625 0.03125 0.01875
19 0.609375 0.8609375 0.03125 0.01875
18 0.72578125 0.290625 0.021875 0.009375
19 0.6109375 0.9203125 0.03125 0.01875
18 0.61484375 0.2640625 0.021875 0.0125
0 0.578125 0.23984375 0.03125 0.0359375