0 0.8375 0.421875 0.03046875 0.03046875
0 0.7203125 0.421875 0.03046875 0.03046875
0 0.60078125 0.42109375 0.03046875 0.03046875
0 0.29921875 0.42109375 0.0359375 0.03046875
18 0.3234375 0.3828125 0.01171875 0.02265625
0 0.89765625 0.42109375 0.03046875 0.03046875
18 0.3828125 0.38515625 0.01171875 0.02265625
0 0.53828125 0.42109375 0.0359375 0.03046875
0 0.47734375 0.421875 0.0359375 0.03046875
19 0.621875 0.38984375 0.01796875 0.03046875
0 0.38203125 0.25625 0.0203125 0.01875
0 0.41796875 0.421875 0.0359375 0.03046875
18 0.5609375 0.38515625 0.01171875 0.02265625
18 0.50234375 0.3859375 0.01171875 0.02265625
0 0.66015625 0.421875 0.03046875 0.03046875
0 0.36015625 0.42265625 0.0359375 0.03046875
18 0.44296875 0.3859375 0.01171875 0.02265625
0 0.2671875 0.27890625 0.0375 0.02109375
0 0.77890625 0.421875 0.03046875 0.03046875
19 0.68203125 0.3890625 0.01796875 0.03046875
19 0.74140625 0.38984375 0.01796875 0.03046875
19 0.8015625 0.3890625 0.01796875 0.03046875
19 0.8609375 0.390625 0.01796875 0.03046875
18 0.290625 0.27421875 0.01015625 0.02265625
19 0.9203125 0.3890625 0.01796875 0.03046875
18 0.2640625 0.38515625 0.01171875 0.02265625
0 0.23984375 0.421875 0.0359375 0.03046875