0 0.546875 0.209375 0.0359375 0.06875
18 0.50625 0.2015625 0.0125 0.025
18 0.5640625 0.20078125 0.0125 0.025
18 0.625 0.203125 0.0125 0.025
18 0.684375 0.2015625 0.0125 0.025
18 0.7453125 0.2 0.0125 0.025
18 0.80234375 0.2015625 0.0125 0.025
0 0.78515625 0.2109375 0.0359375 0.06875
0 0.48671875 0.20859375 0.0359375 0.06875
0 0.4296875 0.209375 0.0359375 0.06875
0 0.72109375 0.20859375 0.0359375 0.06875
0 0.30859375 0.21015625 0.0359375 0.06875
0 0.36796875 0.2078125 0.0359375 0.06875
9 0.62734375 0.2453125 0.0140625 0.01875
0 0.26171875 0.12890625 0.109375 0.01875
0 0.4734375 0.07578125 0.034375 0.0328125
9 0.56796875 0.2453125 0.0140625 0.01875
0 0.60546875 0.2078125 0.0359375 0.06875
0 0.66484375 0.209375 0.0359375 0.06875
9 0.39140625 0.24453125 0.0140625 0.01875
0 0.18984375 0.209375 0.0359375 0.06875
9 0.6859375 0.24453125 0.0140625 0.01875
9 0.50859375 0.24453125 0.0140625 0.01875
0 0.25 0.21015625 0.0359375 0.06875
21 0.50859375 0.084375 0.025 0.0265625
18 0.21015625 0.20234375 0.0125 0.025
18 0.26953125 0.20234375 0.0125 0.025
18 0.3265625 0.2015625 0.0125 0.025
18 0.38828125 0.20234375 0.0125 0.025
18 0.44765625 0.20078125 0.0125 0.025