18 0.20078125 0.61171875 0.025 0.0125
18 0.20078125 0.67109375 0.025 0.0125
18 0.2015625 0.73046875 0.025 0.0125
18 0.20078125 0.78984375 0.0265625 0.0125
21 0.08359375 0.5875 0.025 0.021875
0 0.2 0.515625 0.0671875 0.0375
0 0.203125 0.45546875 0.0671875 0.0375
0 0.2 0.63359375 0.0671875 0.0375
0 0.07734375 0.62265625 0.0328125 0.028125
0 0.19765625 0.809375 0.0671875 0.0375
0 0.2 0.74921875 0.0671875 0.0375
18 0.20078125 0.49296875 0.025 0.0125
0 0.12890625 0.746875 0.021875 0.090625
0 0.20078125 0.5734375 0.0671875 0.0375
0 0.2 0.69140625 0.0671875 0.0375
18 0.20078125 0.434375 0.025 0.0125
18 0.2 0.5515625 0.025 0.0125