18 0.38828125 0.20078125 0.01171875 0.025
18 0.32890625 0.20078125 0.01171875 0.025
18 0.26953125 0.2015625 0.01171875 0.025
18 0.21015625 0.20078125 0.0125 0.0265625
21 0.4125 0.08359375 0.021875 0.025
0 0.484375 0.2 0.0375 0.0671875
0 0.54453125 0.203125 0.0375 0.0671875
0 0.36640625 0.2 0.0375 0.0671875
0 0.37734375 0.07734375 0.02734375 0.0328125
0 0.190625 0.19765625 0.0375 0.0671875
0 0.25078125 0.2 0.0375 0.0671875
18 0.50703125 0.20078125 0.01171875 0.025
0 0.253125 0.12890625 0.090625 0.021875
0 0.4265625 0.20078125 0.0375 0.0671875
0 0.30859375 0.2 0.0375 0.0671875
18 0.565625 0.20078125 0.01171875 0.025
18 0.4484375 0.2 0.01171875 0.025