0 0.69765625 0.790625 0.028125 0.1296875
0 0.646875 0.790625 0.028125 0.1296875
0 0.75703125 0.7890625 0.028125 0.1296875
0 0.4296875 0.79140625 0.028125 0.13125
18 0.31171875 0.83671875 0.0125 0.028125
0 0.4875 0.790625 0.028125 0.1296875
0 0.52109375 0.90859375 0.2796875 0.015625
0 0.59453125 0.790625 0.028125 0.1296875
18 0.5796875 0.834375 0.0125 0.028125
18 0.3640625 0.83515625 0.0125 0.028125
18 0.415625 0.84140625 0.0125 0.0390625
0 0.3765625 0.78984375 0.028125 0.13125
0 0.53984375 0.78984375 0.028125 0.1296875
18 0.6859375 0.83671875 0.0125 0.028125
0 0.325 0.78984375 0.028125 0.13125
18 0.63515625 0.83671875 0.0125 0.028125
18 0.475 0.8359375 0.0125 0.028125
18 0.52734375 0.84140625 0.0125 0.0390625
18 0.7390625 0.81484375 0.0140625 0.0890625