0 0.790625 0.30234375 0.1296875 0.028125
0 0.790625 0.353125 0.1296875 0.028125
0 0.7890625 0.24296875 0.1296875 0.028125
0 0.79140625 0.5703125 0.13125 0.028125
18 0.83671875 0.68828125 0.028125 0.0125
0 0.790625 0.5125 0.1296875 0.028125
0 0.90859375 0.47890625 0.015625 0.2796875
0 0.790625 0.40546875 0.1296875 0.028125
18 0.834375 0.4203125 0.028125 0.0125
18 0.83515625 0.6359375 0.028125 0.0125
18 0.84140625 0.584375 0.0390625 0.0125
0 0.78984375 0.6234375 0.13125 0.028125
0 0.78984375 0.46015625 0.1296875 0.028125
18 0.83671875 0.3140625 0.028125 0.0125
0 0.78984375 0.675 0.13125 0.028125
18 0.83671875 0.36484375 0.028125 0.0125
18 0.8359375 0.525 0.028125 0.0125
18 0.84140625 0.47265625 0.0390625 0.0125
18 0.81484375 0.2609375 0.0890625 0.0140625