0 0.30234375 0.209375 0.02890625 0.1296875
0 0.353125 0.209375 0.02890625 0.1296875
0 0.24296875 0.2109375 0.02890625 0.1296875
0 0.5703125 0.20859375 0.02734375 0.13203125
18 0.68828125 0.16328125 0.01328125 0.02734375
0 0.5125 0.209375 0.02890625 0.1296875
0 0.47890625 0.09140625 0.27890625 0.015625
0 0.40546875 0.209375 0.02890625 0.1296875
18 0.4203125 0.165625 0.01328125 0.02734375
18 0.6359375 0.16484375 0.01328125 0.02734375
18 0.584375 0.15859375 0.01328125 0.0390625
0 0.6234375 0.21015625 0.02734375 0.13203125
0 0.46015625 0.21015625 0.02890625 0.1296875
18 0.3140625 0.16328125 0.01328125 0.02734375
0 0.675 0.21015625 0.02734375 0.13203125
18 0.36484375 0.16328125 0.01328125 0.02734375
18 0.525 0.1640625 0.01328125 0.02734375
18 0.47265625 0.15859375 0.01328125 0.0390625
18 0.2609375 0.18515625 0.0140625 0.0890625