0 0.240625 0.2078125 0.02578125 0.1390625
0 0.5125 0.20234375 0.0265625 0.1421875
0 0.46015625 0.203125 0.0265625 0.1421875
19 0.83359375 0.16953125 0.021875 0.03515625
19 0.78671875 0.17109375 0.021875 0.03515625
19 0.734375 0.1703125 0.021875 0.03515625
19 0.6875 0.171875 0.021875 0.03515625
0 0.61875 0.20390625 0.0265625 0.1421875
19 0.63828125 0.16875 0.021875 0.03515625
19 0.58515625 0.16875 0.021875 0.03515625
19 0.53203125 0.1703125 0.021875 0.03515625
19 0.4796875 0.16953125 0.021875 0.03515625
19 0.425 0.16875 0.021875 0.03515625
19 0.37109375 0.16796875 0.021875 0.03515625
19 0.31875 0.16875 0.021875 0.03515625
18 0.26015625 0.1796875 0.0140625 0.08359375
0 0.40625 0.203125 0.0265625 0.1421875
0 0.7171875 0.20234375 0.0265625 0.1421875
0 0.353125 0.203125 0.0265625 0.1421875
0 0.66875 0.203125 0.0265625 0.1421875
0 0.37890625 0.08671875 0.07265625 0.01484375
0 0.3 0.20390625 0.0265625 0.1421875
0 0.565625 0.203125 0.0265625 0.1421875
0 0.815625 0.20390625 0.0265625 0.1421875
0 0.7671875 0.203125 0.0265625 0.1421875