0 0.7921875 0.240625 0.1390625 0.025
0 0.79765625 0.5125 0.1421875 0.0265625
0 0.796875 0.46015625 0.1421875 0.0265625
19 0.83046875 0.83359375 0.034375 0.021875
19 0.82890625 0.78671875 0.034375 0.021875
19 0.8296875 0.734375 0.034375 0.021875
19 0.828125 0.6875 0.034375 0.021875
0 0.79609375 0.61875 0.1421875 0.0265625
19 0.83125 0.63828125 0.034375 0.021875
19 0.83125 0.58515625 0.034375 0.021875
19 0.8296875 0.53203125 0.034375 0.021875
19 0.83046875 0.4796875 0.034375 0.021875
19 0.83125 0.425 0.034375 0.021875
19 0.83203125 0.37109375 0.034375 0.021875
19 0.83125 0.31875 0.034375 0.021875
18 0.8203125 0.26015625 0.084375 0.0140625
0 0.796875 0.40625 0.1421875 0.0265625
0 0.79765625 0.7171875 0.1421875 0.0265625
0 0.796875 0.353125 0.1421875 0.0265625
0 0.796875 0.66875 0.1421875 0.0265625
0 0.91328125 0.37890625 0.015625 0.071875
0 0.79609375 0.3 0.1421875 0.0265625
0 0.796875 0.565625 0.1421875 0.0265625
0 0.79609375 0.815625 0.1421875 0.0265625
0 0.796875 0.7671875 0.1421875 0.0265625