0 0.34921875 0.62265625 0.028125 0.015625
0 0.34921875 0.7578125 0.028125 0.015625
19 0.22734375 0.7171875 0.03125 0.0390625
0 0.35234375 0.37109375 0.028125 0.015625
0 0.34921875 0.29140625 0.028125 0.015625
0 0.3515625 0.79296875 0.028125 0.015625
0 0.34921875 0.58984375 0.028125 0.015625
0 0.3515625 0.4078125 0.028125 0.015625
0 0.35 0.65546875 0.028125 0.015625
0 0.34921875 0.5203125 0.028125 0.015625
0 0.34921875 0.7203125 0.028125 0.015625
0 0.3484375 0.44453125 0.028125 0.015625
0 0.35 0.48515625 0.028125 0.015625
0 0.35078125 0.3265625 0.028125 0.015625
0 0.19140625 0.753125 0.0328125 0.046875
0 0.346875 0.8265625 0.028125 0.015625
0 0.35 0.55703125 0.028125 0.015625
18 0.30234375 0.30546875 0.0625 0.0125
0 0.34921875 0.68828125 0.028125 0.015625
18 0.30078125 0.3390625 0.0625 0.0125
18 0.30078125 0.38671875 0.0625 0.0125
18 0.3015625 0.42265625 0.0625 0.0125
18 0.3015625 0.45546875 0.0625 0.0125
0 0.14765625 0.82421875 0.015625 0.053125
18 0.3015625 0.49921875 0.0625 0.0125
18 0.3015625 0.53359375 0.0625 0.0125
18 0.30234375 0.5671875 0.0625 0.0125
18 0.30078125 0.6 0.0625 0.0125
18 0.30234375 0.634375 0.0625 0.0125
18 0.3 0.66796875 0.0625 0.0125
18 0.2984375 0.70234375 0.0625 0.0125
18 0.30078125 0.7359375 0.0625 0.0125
18 0.30078125 0.77109375 0.0625 0.0125
18 0.303125 0.80546875 0.0625 0.0125
18 0.30078125 0.8390625 0.0625 0.0125