0 0.37734375 0.34921875 0.01640625 0.02890625
0 0.2421875 0.34921875 0.01640625 0.02890625
19 0.2828125 0.22734375 0.0390625 0.03203125
0 0.62890625 0.35234375 0.01640625 0.02890625
0 0.70859375 0.34921875 0.01640625 0.02890625
0 0.20703125 0.3515625 0.01640625 0.02890625
0 0.41015625 0.34921875 0.01640625 0.02890625
0 0.5921875 0.3515625 0.01640625 0.02890625
0 0.34453125 0.35 0.01640625 0.02890625
0 0.4796875 0.34921875 0.01640625 0.02890625
0 0.2796875 0.34921875 0.01640625 0.02890625
0 0.55546875 0.3484375 0.01640625 0.02890625
0 0.51484375 0.35 0.01640625 0.02890625
0 0.6734375 0.35078125 0.01640625 0.02890625
0 0.246875 0.19140625 0.04765625 0.0328125
0 0.1734375 0.346875 0.01640625 0.02890625
0 0.44296875 0.35 0.01640625 0.02890625
18 0.69453125 0.30234375 0.01171875 0.0625
0 0.31171875 0.34921875 0.01640625 0.02890625
18 0.6609375 0.30078125 0.01171875 0.0625
18 0.61328125 0.30078125 0.01171875 0.0625
18 0.57734375 0.3015625 0.01171875 0.0625
18 0.54453125 0.3015625 0.01171875 0.0625
0 0.17578125 0.14765625 0.053125 0.01484375
18 0.50078125 0.3015625 0.01171875 0.0625
18 0.46640625 0.3015625 0.01171875 0.0625
18 0.4328125 0.30234375 0.01171875 0.0625
18 0.4 0.30078125 0.01171875 0.0625
18 0.365625 0.30234375 0.01171875 0.0625
18 0.33203125 0.3 0.01171875 0.0625
18 0.29765625 0.2984375 0.01171875 0.0625
18 0.2640625 0.30078125 0.01171875 0.0625
18 0.22890625 0.30078125 0.01171875 0.0625
18 0.19453125 0.303125 0.01171875 0.0625
18 0.1609375 0.30078125 0.01171875 0.0625