18 0.49765625 0.33125 0.015625 0.03125
19 0.6265625 0.3734375 0.0328125 0.0578125
0 0.4859375 0.3171875 0.03125 0.040625
0 0.60390625 0.32421875 0.0265625 0.0546875
0 0.1828125 0.31484375 0.03125 0.040625
0 0.18203125 0.159375 0.021875 0.03125
0 0.3671875 0.3171875 0.03125 0.040625
7 0.259375 0.3671875 0.0078125 0.021875
0 0.4265625 0.31640625 0.03125 0.040625
18 0.37890625 0.32890625 0.015625 0.03125
18 0.43984375 0.33046875 0.015625 0.03125
19 0.56640625 0.3734375 0.0328125 0.0578125
18 0.2734375 0.3640625 0.015625 0.034375
18 0.19765625 0.32890625 0.015625 0.034375
21 0.196875 0.159375 0.0125 0.03125
0 0.54375 0.3234375 0.0265625 0.0546875
0 0.2609375 0.3171875 0.03125 0.040625