18 0.33125 0.50234375 0.03125 0.015625
19 0.3734375 0.3734375 0.0578125 0.0328125
0 0.3171875 0.5140625 0.040625 0.03125
0 0.32421875 0.39609375 0.0546875 0.0265625
0 0.31484375 0.8171875 0.040625 0.03125
0 0.159375 0.81796875 0.03125 0.021875
0 0.3171875 0.6328125 0.040625 0.03125
7 0.3671875 0.740625 0.021875 0.0078125
0 0.31640625 0.5734375 0.040625 0.03125
18 0.32890625 0.62109375 0.03125 0.015625
18 0.33046875 0.56015625 0.03125 0.015625
19 0.3734375 0.43359375 0.0578125 0.0328125
18 0.3640625 0.7265625 0.034375 0.015625
18 0.32890625 0.80234375 0.034375 0.015625
21 0.159375 0.803125 0.03125 0.0140625
0 0.3234375 0.45625 0.0546875 0.0265625
0 0.3171875 0.7390625 0.040625 0.03125