18 0.48671875 0.1953125 0.025 0.021875
0 0.8796875 0.3171875 0.0140625 0.015625
0 0.6328125 0.246875 0.015625 0.0328125
0 0.70078125 0.246875 0.0125 0.03125
0 0.4890625 0.17265625 0.025 0.025
28 0.74609375 0.3 0.0234375 0.015625
0 0.7078125 0.30234375 0.034375 0.0265625
0 0.57265625 0.303125 0.034375 0.0265625
0 0.84453125 0.30234375 0.034375 0.0265625
28 0.68046875 0.30078125 0.0234375 0.015625
0 0.64296875 0.30234375 0.034375 0.0265625
0 0.775 0.303125 0.034375 0.0265625
0 0.446875 0.41640625 0.0578125 0.14375
0 0.8375 0.246875 0.0125 0.03125
18 0.82109375 0.24375 0.015625 0.021875
18 0.7546875 0.24609375 0.015625 0.021875
18 0.6859375 0.24609375 0.015625 0.021875
18 0.62109375 0.24453125 0.015625 0.021875
18 0.55234375 0.24609375 0.015625 0.021875
28 0.61171875 0.30078125 0.0234375 0.015625
28 0.81484375 0.30078125 0.0234375 0.015625
0 0.76875 0.2484375 0.0125 0.03125
0 0.56796875 0.246875 0.015625 0.0328125
28 0.54453125 0.3 0.0234375 0.015625