18 0.1953125 0.51328125 0.021875 0.025
0 0.3171875 0.1203125 0.015625 0.0140625
0 0.246875 0.3671875 0.0328125 0.015625
0 0.246875 0.29921875 0.03125 0.0125
0 0.17265625 0.5109375 0.025 0.025
28 0.3 0.25390625 0.015625 0.0234375
0 0.30234375 0.2921875 0.0265625 0.034375
0 0.303125 0.42734375 0.0265625 0.034375
0 0.30234375 0.15546875 0.0265625 0.034375
28 0.30078125 0.31953125 0.015625 0.0234375
0 0.30234375 0.35703125 0.0265625 0.034375
0 0.303125 0.225 0.0265625 0.034375
0 0.41640625 0.553125 0.14375 0.0578125
0 0.246875 0.1625 0.03125 0.0125
18 0.24375 0.17890625 0.021875 0.015625
18 0.24609375 0.2453125 0.021875 0.015625
18 0.24609375 0.3140625 0.021875 0.015625
18 0.24453125 0.37890625 0.021875 0.015625
18 0.24609375 0.44765625 0.021875 0.015625
28 0.30078125 0.38828125 0.015625 0.0234375
28 0.30078125 0.18515625 0.015625 0.0234375
0 0.2484375 0.23125 0.03125 0.0125
0 0.246875 0.43203125 0.0328125 0.015625
28 0.3 0.45546875 0.015625 0.0234375