0 0.72421875 0.51015625 0.0890625 0.025
21 0.91484375 0.1765625 0.0296875 0.0109375
18 0.7328125 0.22734375 0.084375 0.0171875
18 0.73046875 0.2875 0.084375 0.0171875
18 0.73203125 0.346875 0.084375 0.0171875
19 0.72734375 0.40859375 0.090625 0.0234375
19 0.72578125 0.46796875 0.090625 0.0234375
19 0.725 0.52890625 0.090625 0.0234375
0 0.81875 0.096875 0.025 0.0375
0 0.734375 0.33203125 0.109375 0.025
0 0.725 0.39140625 0.0890625 0.025
0 0.734375 0.271875 0.109375 0.025
0 0.734375 0.21171875 0.109375 0.025
0 0.8921875 0.15625 0.1109375 0.028125
0 0.72421875 0.45078125 0.0890625 0.025
28 0.87890625 0.18515625 0.028125 0.0265625
0 0.87890625 0.240625 0.03125 0.0703125