19 0.40078125 0.61328125 0.04375 0.04375
0 0.3828125 0.340625 0.05 0.01875
0 0.38828125 0.421875 0.08125 0.01875
0 0.24453125 0.18125 0.0140625 0.03125
0 0.3890625 0.58359375 0.08125 0.01875
19 0.403125 0.696875 0.04375 0.04375
21 0.27578125 0.4984375 0.0265625 0.028125
19 0.4015625 0.4546875 0.04375 0.04375
18 0.39296875 0.37421875 0.025 0.01875
0 0.3875 0.50390625 0.08125 0.01875
0 0.38828125 0.6640625 0.08125 0.01875
0 0.28203125 0.55390625 0.01875 0.065625
19 0.40390625 0.534375 0.04375 0.04375