19 0.38671875 0.40078125 0.04296875 0.04296875
0 0.659375 0.3828125 0.01953125 0.05078125
0 0.578125 0.38828125 0.01953125 0.08203125
0 0.81875 0.24453125 0.03046875 0.0140625
0 0.41640625 0.3890625 0.01953125 0.08203125
19 0.303125 0.403125 0.04296875 0.04296875
21 0.5015625 0.27578125 0.028125 0.0265625
19 0.5453125 0.4015625 0.04296875 0.04296875
18 0.62578125 0.39296875 0.01796875 0.02421875
0 0.49609375 0.3875 0.01953125 0.08203125
0 0.3359375 0.38828125 0.01953125 0.08203125
0 0.44609375 0.28203125 0.065625 0.01796875
19 0.465625 0.40390625 0.04296875 0.04296875