18 0.36171875 0.22890625 0.0140625 0.025
0 0.3421875 0.215625 0.01015625 0.03203125
0 0.35078125 0.1234375 0.0328125 0.03125
18 0.40078125 0.2296875 0.01328125 0.0234375
0 0.30234375 0.21640625 0.01015625 0.03515625
18 0.52109375 0.23046875 0.01328125 0.0234375
0 0.315625 0.1625 0.06484375 0.02734375
0 0.5015625 0.2171875 0.0078125 0.0296875
18 0.5609375 0.2296875 0.01328125 0.0234375
0 0.38203125 0.215625 0.01015625 0.03515625
18 0.48125 0.2296875 0.01328125 0.0234375
0 0.46640625 0.2234375 0.0171875 0.0515625
18 0.321875 0.2296875 0.01328125 0.0234375
18 0.3765625 0.12578125 0.01796875 0.0328125
18 0.2828125 0.23203125 0.0140625 0.025
0 0.540625 0.21875 0.0078125 0.0296875
0 0.58046875 0.215625 0.0078125 0.0296875
0 0.425 0.2265625 0.0171875 0.0515625
19 0.44453125 0.228125 0.01796875 0.03984375