18 0.22890625 0.63828125 0.025 0.0140625
0 0.215625 0.6578125 0.03125 0.009375
0 0.1234375 0.64921875 0.03125 0.0328125
18 0.2296875 0.59921875 0.0234375 0.0125
0 0.21640625 0.69765625 0.034375 0.009375
18 0.23046875 0.47890625 0.0234375 0.0125
0 0.1625 0.684375 0.028125 0.065625
0 0.2171875 0.4984375 0.0296875 0.0078125
18 0.2296875 0.4390625 0.0234375 0.0125
0 0.215625 0.61796875 0.034375 0.009375
18 0.2296875 0.51875 0.0234375 0.0125
0 0.2234375 0.53359375 0.0515625 0.0171875
18 0.2296875 0.678125 0.0234375 0.0125
18 0.12578125 0.6234375 0.0328125 0.01875
18 0.23203125 0.7171875 0.025 0.0140625
0 0.21875 0.459375 0.0296875 0.0078125
0 0.215625 0.41953125 0.0296875 0.0078125
0 0.2265625 0.575 0.0515625 0.0171875
19 0.228125 0.55546875 0.040625 0.01875