18 0.63828125 0.77109375 0.0140625 0.025
0 0.6578125 0.784375 0.009375 0.03125
0 0.64921875 0.8765625 0.0328125 0.03125
18 0.59921875 0.7703125 0.0125 0.0234375
0 0.69765625 0.78359375 0.009375 0.034375
18 0.47890625 0.76953125 0.0125 0.0234375
0 0.684375 0.8375 0.065625 0.028125
0 0.4984375 0.7828125 0.0078125 0.0296875
18 0.4390625 0.7703125 0.0125 0.0234375
0 0.61796875 0.784375 0.009375 0.034375
18 0.51875 0.7703125 0.0125 0.0234375
0 0.53359375 0.7765625 0.0171875 0.0515625
18 0.678125 0.7703125 0.0125 0.0234375
18 0.6234375 0.87421875 0.01875 0.0328125
18 0.7171875 0.76796875 0.0140625 0.025
0 0.459375 0.78125 0.0078125 0.0296875
0 0.41953125 0.784375 0.0078125 0.0296875
0 0.575 0.7734375 0.0171875 0.0515625
19 0.55546875 0.771875 0.01875 0.040625