18 0.43671875 0.33515625 0.009375 0.025
18 0.29921875 0.33515625 0.009375 0.025
0 0.81328125 0.33359375 0.025 0.021875
0 0.84453125 0.33359375 0.025 0.021875
0 0.42421875 0.3328125 0.025 0.021875
0 0.909375 0.3328125 0.025 0.021875
0 0.49375 0.33359375 0.025 0.021875
0 0.32578125 0.2328125 0.0234375 0.009375
21 0.30234375 0.246875 0.009375 0.034375
18 0.1671875 0.334375 0.0125 0.025
18 0.19765625 0.33515625 0.0125 0.025
18 0.234375 0.3328125 0.009375 0.025
18 0.26640625 0.334375 0.009375 0.025
0 0.18671875 0.33203125 0.025 0.021875
0 0.71953125 0.33359375 0.025 0.021875
0 0.2859375 0.33203125 0.025 0.021875
18 0.3359375 0.334375 0.009375 0.025
18 0.36796875 0.3359375 0.009375 0.025
18 0.40234375 0.33359375 0.009375 0.025
0 0.94140625 0.3328125 0.025 0.021875
0 0.35546875 0.3328125 0.025 0.021875
18 0.47265625 0.3359375 0.009375 0.025
0 0.32109375 0.33203125 0.025 0.021875
18 0.50703125 0.33515625 0.009375 0.025
18 0.5390625 0.33515625 0.009375 0.025
18 0.571875 0.334375 0.009375 0.025
0 0.38984375 0.3328125 0.025 0.021875
18 0.60390625 0.33515625 0.009375 0.025
18 0.63828125 0.334375 0.009375 0.025
0 0.6890625 0.3328125 0.025 0.021875
0 0.55859375 0.33359375 0.025 0.021875
18 0.66875 0.33515625 0.009375 0.025
0 0.42109375 0.2328125 0.040625 0.0125
18 0.7015625 0.334375 0.009375 0.025
0 0.59140625 0.33203125 0.025 0.021875
0 0.25234375 0.3328125 0.025 0.021875
18 0.7328125 0.3328125 0.009375 0.025
0 0.87421875 0.3328125 0.025 0.021875
0 0.625 0.33359375 0.025 0.021875
18 0.76328125 0.334375 0.009375 0.025
18 0.79296875 0.334375 0.009375 0.025
18 0.825 0.33515625 0.009375 0.025
18 0.8546875 0.3328125 0.009375 0.025
18 0.8859375 0.3328125 0.009375 0.025
18 0.9203125 0.33359375 0.009375 0.025
18 0.95625 0.334375 0.009375 0.025
0 0.21875 0.33203125 0.025 0.021875
0 0.45859375 0.33359375 0.025 0.021875
0 0.65625 0.3328125 0.025 0.021875
0 0.75234375 0.33359375 0.025 0.021875
0 0.78359375 0.3328125 0.025 0.021875
0 0.5265625 0.334375 0.025 0.021875