0 0.2421875 0.31875 0.034375 0.0375
18 0.240625 0.4 0.040625 0.015625
18 0.2390625 0.4515625 0.040625 0.015625
0 0.2421875 0.36875 0.034375 0.0375
0 0.24140625 0.54765625 0.034375 0.0375
18 0.23984375 0.5125 0.040625 0.015625
0 0.1765625 0.6921875 0.015625 0.0734375
0 0.2390625 0.48125 0.034375 0.0375
18 0.24609375 0.58046875 0.040625 0.015625
0 0.24375 0.6140625 0.034375 0.0375
18 0.240625 0.64296875 0.040625 0.015625
9 0.18125 0.5859375 0.0328125 0.084375
18 0.24140625 0.69375 0.040625 0.015625
18 0.24140625 0.753125 0.040625 0.015625
21 0.11171875 0.55078125 0.05 0.0125
18 0.12421875 0.6 0.0328125 0.015625
0 0.2421875 0.66484375 0.034375 0.0375
0 0.09140625 0.37578125 0.01875 0.059375
0 0.24296875 0.2515625 0.034375 0.0375
0 0.24140625 0.42265625 0.034375 0.0375
0 0.13046875 0.57578125 0.034375 0.0328125
0 0.09921875 0.525 0.034375 0.01875
18 0.23828125 0.28203125 0.040625 0.015625
0 0.2421875 0.72265625 0.034375 0.0375
18 0.240625 0.34765625 0.040625 0.015625