0 0.7578125 0.68125 0.034375 0.0375
18 0.759375 0.6 0.040625 0.015625
18 0.7609375 0.5484375 0.040625 0.015625
0 0.7578125 0.63125 0.034375 0.0375
0 0.75859375 0.45234375 0.034375 0.0375
18 0.76015625 0.4875 0.040625 0.015625
0 0.8234375 0.3078125 0.015625 0.0734375
0 0.7609375 0.51875 0.034375 0.0375
18 0.75390625 0.41953125 0.040625 0.015625
0 0.75625 0.3859375 0.034375 0.0375
18 0.759375 0.35703125 0.040625 0.015625
9 0.81875 0.4140625 0.0328125 0.084375
18 0.75859375 0.30625 0.040625 0.015625
18 0.75859375 0.246875 0.040625 0.015625
21 0.88828125 0.44921875 0.05 0.0125
18 0.87578125 0.4 0.0328125 0.015625
0 0.7578125 0.33515625 0.034375 0.0375
0 0.90859375 0.62421875 0.01875 0.059375
0 0.75703125 0.7484375 0.034375 0.0375
0 0.75859375 0.57734375 0.034375 0.0375
0 0.86953125 0.42421875 0.034375 0.0328125
0 0.90078125 0.475 0.034375 0.01875
18 0.76171875 0.71796875 0.040625 0.015625
0 0.7578125 0.27734375 0.034375 0.0375
18 0.759375 0.65234375 0.040625 0.015625