0 0.45234375 0.69609375 0.015625 0.015625
18 0.4453125 0.465625 0.0234375 0.00625
18 0.4453125 0.49296875 0.0234375 0.00625
18 0.44609375 0.51953125 0.0234375 0.00625
0 0.48046875 0.72421875 0.021875 0.0171875
0 0.45234375 0.75234375 0.015625 0.01875
0 0.45234375 0.559375 0.015625 0.015625
0 0.378125 0.71796875 0.015625 0.0125
0 0.453125 0.78046875 0.015625 0.0203125
0 0.453125 0.6140625 0.015625 0.015625
20 0.44296875 0.7390625 0.025 0.0078125
0 0.45234375 0.421875 0.015625 0.015625
0 0.453125 0.36796875 0.015625 0.015625
0 0.34765625 0.790625 0.009375 0.009375
21 0.37421875 0.70546875 0.025 0.0078125
18 0.44375 0.76640625 0.0265625 0.0078125
18 0.4453125 0.684375 0.0234375 0.00625
18 0.44453125 0.65703125 0.0234375 0.00625
18 0.44453125 0.6296875 0.0234375 0.00625
18 0.4453125 0.60234375 0.0234375 0.00625
0 0.47734375 0.39609375 0.015625 0.015625
18 0.44609375 0.575 0.0234375 0.00625
18 0.4453125 0.5484375 0.0234375 0.00625
0 0.45234375 0.34140625 0.015625 0.015625
0 0.453125 0.53203125 0.015625 0.015625
0 0.45234375 0.66875 0.015625 0.015625
6 0.48046875 0.7375 0.009375 0.00625
0 0.45234375 0.31328125 0.015625 0.015625
20 0.44375 0.71171875 0.025 0.0078125
0 0.47578125 0.696875 0.0171875 0.0171875
6 0.48125 0.75078125 0.009375 0.00625
0 0.453125 0.725 0.015625 0.015625
0 0.47734375 0.5875 0.015625 0.01875
6 0.48046875 0.74453125 0.009375 0.00625
19 0.478125 0.68125 0.0234375 0.0125
19 0.478125 0.54375 0.0234375 0.0125
0 0.47734375 0.56015625 0.015625 0.0171875
19 0.47734375 0.57109375 0.0234375 0.0125
19 0.47734375 0.3796875 0.0234375 0.0140625
19 0.4765625 0.4078125 0.0234375 0.0125
18 0.4453125 0.35546875 0.0265625 0.0078125
18 0.44453125 0.38359375 0.0265625 0.0078125
18 0.44375 0.41015625 0.0265625 0.0078125
18 0.4453125 0.3015625 0.0234375 0.00625
18 0.4453125 0.32890625 0.0234375 0.00625
18 0.44609375 0.43828125 0.0234375 0.00625
0 0.45234375 0.45 0.015625 0.015625
0 0.45234375 0.47734375 0.015625 0.015625
0 0.45234375 0.5859375 0.015625 0.015625
0 0.453125 0.39609375 0.015625 0.015625
0 0.45234375 0.5046875 0.015625 0.015625
9 0.4765625 0.765625 0.0125 0.015625
0 0.47734375 0.42421875 0.015625 0.015625
0 0.453125 0.6421875 0.015625 0.015625
5 0.4796875 0.71015625 0.0234375 0.009375