0 0.30390625 0.45234375 0.01484375 0.015625
18 0.534375 0.4453125 0.00703125 0.0234375
18 0.50703125 0.4453125 0.00703125 0.0234375
18 0.48046875 0.44609375 0.00703125 0.0234375
0 0.27578125 0.48046875 0.0171875 0.02265625
0 0.24765625 0.45234375 0.01796875 0.015625
0 0.440625 0.45234375 0.01484375 0.015625
0 0.28203125 0.378125 0.01328125 0.01484375
0 0.21953125 0.453125 0.0203125 0.01640625
0 0.3859375 0.453125 0.01484375 0.015625
20 0.2609375 0.44296875 0.0078125 0.02578125
0 0.578125 0.45234375 0.01484375 0.015625
0 0.63203125 0.453125 0.01484375 0.015625
0 0.209375 0.34765625 0.01015625 0.00859375
21 0.29453125 0.37421875 0.0078125 0.02578125
18 0.23359375 0.44375 0.0078125 0.0265625
18 0.315625 0.4453125 0.00703125 0.0234375
18 0.34296875 0.44453125 0.00703125 0.0234375
18 0.3703125 0.44453125 0.00703125 0.0234375
18 0.39765625 0.4453125 0.00703125 0.0234375
0 0.60390625 0.47734375 0.01640625 0.015625
18 0.425 0.44609375 0.00703125 0.0234375
18 0.4515625 0.4453125 0.00703125 0.0234375
0 0.65859375 0.45234375 0.01484375 0.015625
0 0.46796875 0.453125 0.01484375 0.015625
0 0.33125 0.45234375 0.01484375 0.015625
6 0.2625 0.48046875 0.00703125 0.009375
0 0.68671875 0.45234375 0.01484375 0.015625
20 0.28828125 0.44375 0.0078125 0.02578125
0 0.303125 0.47578125 0.0171875 0.0171875
6 0.24921875 0.48125 0.00703125 0.009375
0 0.275 0.453125 0.01640625 0.015625
0 0.4125 0.47734375 0.01796875 0.015625
6 0.25546875 0.48046875 0.00703125 0.009375
19 0.31875 0.478125 0.01328125 0.0234375
19 0.45625 0.478125 0.01328125 0.0234375
0 0.43984375 0.47734375 0.0171875 0.015625
19 0.42890625 0.47734375 0.01328125 0.0234375
19 0.6203125 0.47734375 0.0140625 0.0234375
19 0.5921875 0.4765625 0.01328125 0.0234375
18 0.64453125 0.4453125 0.0078125 0.0265625
18 0.61640625 0.44453125 0.0078125 0.0265625
18 0.58984375 0.44375 0.0078125 0.0265625
18 0.6984375 0.4453125 0.00703125 0.0234375
18 0.67109375 0.4453125 0.00703125 0.0234375
18 0.56171875 0.44609375 0.00703125 0.0234375
0 0.55 0.45234375 0.01484375 0.015625
0 0.52265625 0.45234375 0.01484375 0.015625
0 0.4140625 0.45234375 0.01484375 0.015625
0 0.60390625 0.453125 0.01484375 0.015625
0 0.4953125 0.45234375 0.01484375 0.015625
9 0.234375 0.4765625 0.01640625 0.01328125
0 0.57578125 0.47734375 0.01640625 0.015625
0 0.3578125 0.453125 0.01484375 0.015625
5 0.28984375 0.4796875 0.01015625 0.0234375