18 0.6921875 0.29453125 0.0375 0.015625
18 0.69296875 0.86484375 0.0375 0.015625
0 0.6984375 0.55546875 0.03125 0.0359375
18 0.6921875 0.8078125 0.0375 0.015625
0 0.6984375 0.61484375 0.03125 0.0359375
18 0.690625 0.3515625 0.0375 0.015625
18 0.69140625 0.75078125 0.0375 0.015625
0 0.6984375 0.328125 0.03125 0.0359375
0 0.69921875 0.21328125 0.03125 0.0359375
0 0.85703125 0.52421875 0.040625 0.04375
0 0.6984375 0.78515625 0.03125 0.0359375
18 0.6921875 0.4640625 0.0375 0.015625
0 0.69765625 0.49921875 0.03125 0.0359375
28 0.79375 0.56484375 0.059375 0.03125
0 0.696875 0.728125 0.03125 0.0359375
18 0.69140625 0.40859375 0.0375 0.015625
0 0.69765625 0.2703125 0.03125 0.0359375
0 0.69765625 0.84296875 0.03125 0.0359375
18 0.69296875 0.69296875 0.0375 0.015625
18 0.8515625 0.5546875 0.0390625 0.0171875
0 0.878125 0.2609375 0.025 0.125
0 0.6984375 0.671875 0.03125 0.0359375
0 0.7984375 0.609375 0.040625 0.053125
18 0.69296875 0.63671875 0.0375 0.015625
18 0.69140625 0.5234375 0.0375 0.015625
0 0.696875 0.4421875 0.03125 0.0359375
18 0.69296875 0.23671875 0.0375 0.015625
18 0.69296875 0.5796875 0.0375 0.015625
0 0.69765625 0.3859375 0.03125 0.0359375