18 0.59453125 0.30859375 0.015625 0.0375
18 0.55703125 0.16328125 0.015625 0.0375
0 0.340625 0.303125 0.0359375 0.03046875
0 0.3484375 0.12109375 0.07890625 0.0234375
18 0.36328125 0.3078125 0.015625 0.0375
0 0.62890625 0.3015625 0.0359375 0.03046875
0 0.57265625 0.303125 0.0359375 0.03046875
0 0.4 0.303125 0.0359375 0.03046875
18 0.48125 0.3078125 0.015625 0.0375
18 0.42265625 0.30859375 0.015625 0.0375
18 0.65234375 0.30859375 0.015625 0.0375
0 0.51484375 0.303125 0.0359375 0.03046875
0 0.52734375 0.1578125 0.04453125 0.0359375
18 0.709375 0.30859375 0.015625 0.0375
0 0.6859375 0.3015625 0.0359375 0.03046875
18 0.5375 0.309375 0.015625 0.0375
0 0.45703125 0.303125 0.0359375 0.03046875