18 0.69140625 0.59453125 0.0375 0.015625
18 0.83671875 0.55703125 0.0375 0.015625
0 0.696875 0.340625 0.03125 0.0359375
0 0.87890625 0.3484375 0.0234375 0.078125
18 0.6921875 0.36328125 0.0375 0.015625
0 0.6984375 0.62890625 0.03125 0.0359375
0 0.696875 0.57265625 0.03125 0.0359375
0 0.696875 0.4 0.03125 0.0359375
18 0.6921875 0.48125 0.0375 0.015625
18 0.69140625 0.42265625 0.0375 0.015625
18 0.69140625 0.65234375 0.0375 0.015625
0 0.696875 0.51484375 0.03125 0.0359375
0 0.8421875 0.52734375 0.0359375 0.04375
18 0.69140625 0.709375 0.0375 0.015625
0 0.6984375 0.6859375 0.03125 0.0359375
18 0.690625 0.5375 0.0375 0.015625
0 0.696875 0.45703125 0.03125 0.0359375