18 0.30859375 0.40546875 0.0375 0.015625
18 0.16328125 0.44296875 0.0375 0.015625
0 0.303125 0.659375 0.03125 0.0359375
0 0.12109375 0.6515625 0.0234375 0.078125
18 0.3078125 0.63671875 0.0375 0.015625
0 0.3015625 0.37109375 0.03125 0.0359375
0 0.303125 0.42734375 0.03125 0.0359375
0 0.303125 0.6 0.03125 0.0359375
18 0.3078125 0.51875 0.0375 0.015625
18 0.30859375 0.57734375 0.0375 0.015625
18 0.30859375 0.34765625 0.0375 0.015625
0 0.303125 0.48515625 0.03125 0.0359375
0 0.1578125 0.47265625 0.0359375 0.04375
18 0.30859375 0.290625 0.0375 0.015625
0 0.3015625 0.3140625 0.03125 0.0359375
18 0.309375 0.4625 0.0375 0.015625
0 0.303125 0.54296875 0.03125 0.0359375