0 0.41015625 0.1734375 0.0265625 0.0421875
19 0.4375 0.50234375 0.07265625 0.034375
0 0.41015625 0.23359375 0.02578125 0.0421875
0 0.409375 0.3484375 0.0265625 0.0421875
0 0.4109375 0.59140625 0.0265625 0.0421875
0 0.4109375 0.53125 0.0265625 0.0421875
0 0.4109375 0.65078125 0.0265625 0.0421875
19 0.43828125 0.5609375 0.07265625 0.034375
0 0.41171875 0.7671875 0.0265625 0.0484375
0 0.41015625 0.71015625 0.0265625 0.0421875
18 0.2875 0.83984375 0.04609375 0.02578125
0 0.4109375 0.29296875 0.0265625 0.0421875
0 0.33984375 0.73125 0.01640625 0.14140625
0 0.4109375 0.409375 0.0265625 0.04921875
19 0.4375 0.3234375 0.07265625 0.034375
19 0.43828125 0.20546875 0.07265625 0.034375
19 0.4375 0.62265625 0.07265625 0.034375
19 0.43984375 0.3828125 0.06796875 0.0328125
0 0.41171875 0.471875 0.0265625 0.0421875
19 0.4375 0.265625 0.07265625 0.034375
19 0.440625 0.1453125 0.07265625 0.034375
19 0.44140625 0.7421875 0.06796875 0.0328125
19 0.43984375 0.4421875 0.07265625 0.034375
0 0.29453125 0.75546875 0.02734375 0.08359375
19 0.43828125 0.68125 0.07265625 0.034375