0 0.8265625 0.41015625 0.0421875 0.0265625
19 0.49765625 0.4375 0.034375 0.071875
0 0.76640625 0.41015625 0.0421875 0.025
0 0.6515625 0.409375 0.0421875 0.0265625
0 0.40859375 0.4109375 0.0421875 0.0265625
0 0.46875 0.4109375 0.0421875 0.0265625
0 0.34921875 0.4109375 0.0421875 0.0265625
19 0.4390625 0.43828125 0.034375 0.071875
0 0.2328125 0.41171875 0.0484375 0.0265625
0 0.28984375 0.41015625 0.0421875 0.0265625
18 0.16015625 0.2875 0.025 0.046875
0 0.70703125 0.4109375 0.0421875 0.0265625
0 0.26875 0.33984375 0.140625 0.015625
0 0.590625 0.4109375 0.05 0.0265625
19 0.6765625 0.4375 0.034375 0.071875
19 0.79453125 0.43828125 0.034375 0.071875
19 0.37734375 0.4375 0.034375 0.071875
19 0.6171875 0.43984375 0.0328125 0.06875
0 0.528125 0.41171875 0.0421875 0.0265625
19 0.734375 0.4375 0.034375 0.071875
19 0.8546875 0.440625 0.034375 0.071875
19 0.2578125 0.44140625 0.0328125 0.06875
19 0.5578125 0.43984375 0.034375 0.071875
0 0.24453125 0.29453125 0.084375 0.028125
19 0.31875 0.43828125 0.034375 0.071875