0 0.5 0.08359375 0.04375 0.0328125
0 0.4984375 0.275 0.04375 0.0328125
0 0.5 0.84765625 0.04375 0.0328125
0 0.49921875 0.89453125 0.04375 0.0328125
0 0.4984375 0.32109375 0.04375 0.0328125
18 0.515625 0.5359375 0.0625 0.0125
18 0.51328125 0.4875 0.0625 0.0125
18 0.51171875 0.43984375 0.0625 0.0125
18 0.5140625 0.39140625 0.0625 0.0125
18 0.51171875 0.3453125 0.0625 0.0125
0 0.50078125 0.7984375 0.04375 0.0328125
0 0.49921875 0.5609375 0.04375 0.0328125
0 0.30234375 0.9125 0.046875 0.0390625
0 0.5015625 0.7515625 0.04375 0.0328125
18 0.51484375 0.296875 0.0625 0.0125
0 0.5015625 0.41640625 0.04375 0.0328125
0 0.5 0.65546875 0.04375 0.0328125
0 0.50078125 0.70390625 0.04375 0.0328125
18 0.51484375 0.9171875 0.0625 0.0125
18 0.5140625 0.86953125 0.0625 0.0125
18 0.51328125 0.24921875 0.0625 0.0125
18 0.5109375 0.2015625 0.0625 0.0125
0 0.38671875 0.91328125 0.021875 0.0328125
0 0.50078125 0.4640625 0.04375 0.0328125
18 0.51328125 0.82265625 0.0625 0.0125
18 0.51484375 0.15390625 0.0625 0.0125
18 0.5125 0.10625 0.0625 0.0125
0 0.5 0.60703125 0.04375 0.0328125
18 0.51328125 0.059375 0.0625 0.0125
18 0.30234375 0.95859375 0.065625 0.0234375
18 0.5125 0.7734375 0.0625 0.0125
18 0.51171875 0.72734375 0.0625 0.0125
0 0.5 0.03515625 0.04375 0.0328125
0 0.50078125 0.36953125 0.04375 0.0328125
0 0.49921875 0.5125 0.04375 0.0328125
18 0.5125 0.678125 0.0625 0.0125
0 0.5 0.1328125 0.04375 0.0328125
18 0.5109375 0.63125 0.0625 0.0125
0 0.5 0.1796875 0.04375 0.0328125
18 0.51484375 0.5828125 0.0625 0.0125
0 0.49921875 0.2265625 0.04375 0.0328125