0 0.91640625 0.5 0.0328125 0.04453125
0 0.725 0.4984375 0.0328125 0.04453125
0 0.15234375 0.5 0.0328125 0.04453125
0 0.10546875 0.49921875 0.0328125 0.04453125
0 0.67890625 0.4984375 0.0328125 0.04453125
18 0.4640625 0.515625 0.01328125 0.06171875
18 0.5125 0.51328125 0.01328125 0.06171875
18 0.56015625 0.51171875 0.01328125 0.06171875
18 0.60859375 0.5140625 0.01328125 0.06171875
18 0.6546875 0.51171875 0.01328125 0.06171875
0 0.2015625 0.50078125 0.0328125 0.04453125
0 0.4390625 0.49921875 0.0328125 0.04453125
0 0.0875 0.30234375 0.0390625 0.04765625
0 0.2484375 0.5015625 0.0328125 0.04453125
18 0.703125 0.51484375 0.01328125 0.06171875
0 0.58359375 0.5015625 0.0328125 0.04453125
0 0.34453125 0.5 0.0328125 0.04453125
0 0.29609375 0.50078125 0.0328125 0.04453125
18 0.0828125 0.51484375 0.01328125 0.06171875
18 0.13046875 0.5140625 0.01328125 0.06171875
18 0.75078125 0.51328125 0.01328125 0.06171875
18 0.7984375 0.5109375 0.01328125 0.06171875
0 0.08671875 0.38671875 0.03203125 0.02265625
0 0.5359375 0.50078125 0.0328125 0.04453125
18 0.17734375 0.51328125 0.01328125 0.06171875
18 0.84609375 0.51484375 0.01328125 0.06171875
18 0.89375 0.5125 0.01328125 0.06171875
0 0.39296875 0.5 0.0328125 0.04453125
18 0.940625 0.51328125 0.01328125 0.06171875
18 0.04140625 0.30234375 0.02265625 0.065625
18 0.2265625 0.5125 0.01328125 0.06171875
18 0.27265625 0.51171875 0.01328125 0.06171875
0 0.96484375 0.5 0.0328125 0.04453125
0 0.63046875 0.50078125 0.0328125 0.04453125
0 0.4875 0.49921875 0.0328125 0.04453125
18 0.321875 0.5125 0.01328125 0.06171875
0 0.8671875 0.5 0.0328125 0.04453125
18 0.36875 0.5109375 0.01328125 0.06171875
0 0.8203125 0.5 0.0328125 0.04453125
18 0.4171875 0.51484375 0.01328125 0.06171875
0 0.7734375 0.49921875 0.0328125 0.04453125