0 0.73828125 0.69609375 0.084375 0.0296875
19 0.4265625 0.54609375 0.034375 0.071875
0 0.4546875 0.575 0.046875 0.03125
18 0.82265625 0.7 0.0265625 0.0484375
0 0.69453125 0.575 0.046875 0.03125
0 0.515625 0.575 0.046875 0.03125
0 0.278125 0.57421875 0.046875 0.03125
0 0.33125 0.57421875 0.046875 0.03125
19 0.24765625 0.54765625 0.034375 0.071875
19 0.6046875 0.54453125 0.0328125 0.06875
19 0.48515625 0.54765625 0.034375 0.071875
19 0.365625 0.54609375 0.0328125 0.06875
0 0.57421875 0.575 0.046875 0.03125
0 0.753125 0.5734375 0.046875 0.03125
19 0.30546875 0.54609375 0.034375 0.071875
0 0.63046875 0.571875 0.046875 0.03125
0 0.2171875 0.5765625 0.046875 0.03125
0 0.39140625 0.5734375 0.046875 0.03125
19 0.54609375 0.546875 0.034375 0.071875
0 0.71328125 0.6453125 0.14375 0.0171875
19 0.18671875 0.5453125 0.034375 0.071875
19 0.6640625 0.546875 0.034375 0.071875
19 0.72421875 0.546875 0.034375 0.071875