0 0.30390625 0.73828125 0.0296875 0.08515625
19 0.45390625 0.4265625 0.07265625 0.034375
0 0.425 0.4546875 0.03125 0.046875
18 0.3 0.82265625 0.0484375 0.0265625
0 0.425 0.69453125 0.03125 0.046875
0 0.425 0.515625 0.03125 0.046875
0 0.42578125 0.278125 0.03125 0.046875
0 0.42578125 0.33125 0.03125 0.046875
19 0.45234375 0.24765625 0.07265625 0.034375
19 0.45546875 0.6046875 0.06796875 0.0328125
19 0.45234375 0.48515625 0.07265625 0.034375
19 0.45390625 0.365625 0.06796875 0.0328125
0 0.425 0.57421875 0.03125 0.046875
0 0.4265625 0.753125 0.03125 0.046875
19 0.45390625 0.30546875 0.07265625 0.034375
0 0.428125 0.63046875 0.03125 0.046875
0 0.4234375 0.2171875 0.03125 0.046875
0 0.4265625 0.39140625 0.03125 0.046875
19 0.453125 0.54609375 0.07265625 0.034375
0 0.3546875 0.71328125 0.0171875 0.14296875
19 0.4546875 0.18671875 0.07265625 0.034375
19 0.453125 0.6640625 0.07265625 0.034375
19 0.453125 0.72421875 0.07265625 0.034375