0 0.58671875 0.74375 0.01875 0.009375
18 0.55 0.74609375 0.0203125 0.028125
0 0.40546875 0.80546875 0.0875 0.01875
0 0.528125 0.74375 0.01875 0.009375
0 0.40859375 0.74375 0.01875 0.009375
18 0.6078125 0.746875 0.0203125 0.028125
0 0.46328125 0.74375 0.01875 0.009375
18 0.37109375 0.7484375 0.0203125 0.028125
18 0.5109375 0.79765625 0.0203125 0.028125
18 0.42890625 0.746875 0.0203125 0.028125
0 0.64375 0.74375 0.01875 0.009375
18 0.66328125 0.74765625 0.0203125 0.028125
0 0.4921875 0.8 0.0203125 0.009375
18 0.48515625 0.74609375 0.0203125 0.028125
0 0.35 0.74296875 0.01875 0.009375