0 0.25625 0.58671875 0.009375 0.01875
18 0.25390625 0.55 0.028125 0.0203125
0 0.19453125 0.40546875 0.01875 0.0875
0 0.25625 0.528125 0.009375 0.01875
0 0.25625 0.40859375 0.009375 0.01875
18 0.253125 0.6078125 0.028125 0.0203125
0 0.25625 0.46328125 0.009375 0.01875
18 0.2515625 0.37109375 0.028125 0.0203125
18 0.20234375 0.5109375 0.028125 0.0203125
18 0.253125 0.42890625 0.028125 0.0203125
0 0.25625 0.64375 0.009375 0.01875
18 0.25234375 0.66328125 0.028125 0.0203125
0 0.2 0.4921875 0.009375 0.0203125
18 0.25390625 0.48515625 0.028125 0.0203125
0 0.25703125 0.35 0.009375 0.01875