0 0.42421875 0.684375 0.0125 0.015625
9 0.3796875 0.6578125 0.028125 0.0265625
0 0.28125 0.665625 0.0109375 0.0125
0 0.33671875 0.68359375 0.0125 0.015625
0 0.6765625 0.66640625 0.0109375 0.0125
9 0.64453125 0.66015625 0.028125 0.0265625
9 0.42578125 0.659375 0.028125 0.0265625
9 0.60078125 0.65859375 0.028125 0.0265625
0 0.5125 0.68359375 0.0125 0.015625
0 0.46796875 0.684375 0.0125 0.015625
0 0.36875 0.66640625 0.0109375 0.0125
0 0.2921875 0.68359375 0.0125 0.015625
0 0.23671875 0.665625 0.0109375 0.0125
0 0.76484375 0.66640625 0.009375 0.009375
0 0.50078125 0.66484375 0.0109375 0.0125
18 0.3890625 0.69921875 0.0125 0.0515625
18 0.3453125 0.69921875 0.0125 0.0515625
18 0.3015625 0.69921875 0.0125 0.0515625
18 0.2578125 0.69921875 0.0125 0.0515625
18 0.2140625 0.69921875 0.0125 0.0515625
18 0.1703125 0.69765625 0.0125 0.0515625
18 0.08125 0.69921875 0.0125 0.0515625
19 0.128125 0.69453125 0.021875 0.0609375
9 0.51328125 0.659375 0.028125 0.0265625
9 0.7328125 0.65859375 0.028125 0.0265625
9 0.20390625 0.6578125 0.0265625 0.0265625
0 0.1125 0.6828125 0.01875 0.015625
9 0.6890625 0.66015625 0.028125 0.0265625
0 0.4421875 0.92734375 0.059375 0.015625
18 0.434375 0.69921875 0.0125 0.0515625
0 0.68828125 0.68359375 0.0125 0.015625
18 0.478125 0.6984375 0.0125 0.0515625
18 0.52109375 0.69921875 0.0125 0.0515625
18 0.56640625 0.69921875 0.0125 0.0515625
9 0.29296875 0.6578125 0.028125 0.0265625
0 0.1921875 0.665625 0.0109375 0.0125
18 0.6546875 0.6984375 0.0125 0.0515625
18 0.69921875 0.69921875 0.0125 0.0515625
18 0.7421875 0.703125 0.0125 0.0515625
18 0.7859375 0.69921875 0.0125 0.0515625
18 0.7125 0.81328125 0.0125 0.040625
0 0.7015625 0.80546875 0.015625 0.01875
0 0.20390625 0.684375 0.0125 0.015625
0 0.7328125 0.68359375 0.0125 0.015625
0 0.6 0.68359375 0.0125 0.015625
0 0.0953125 0.65703125 0.0109375 0.0125
0 0.38046875 0.684375 0.0125 0.015625
9 0.11171875 0.64765625 0.0359375 0.0265625
0 0.72109375 0.665625 0.0109375 0.0125
0 0.63203125 0.66640625 0.0109375 0.0125
0 0.55703125 0.684375 0.0125 0.015625
0 0.7765625 0.684375 0.0125 0.015625
0 0.32421875 0.66640625 0.0109375 0.0125
9 0.7765625 0.66171875 0.028125 0.0265625
0 0.159375 0.684375 0.0125 0.015625
9 0.33671875 0.65703125 0.028125 0.0265625
0 0.07109375 0.684375 0.0125 0.015625
9 0.2484375 0.6578125 0.028125 0.0265625
0 0.64453125 0.68359375 0.0125 0.015625
0 0.2484375 0.68359375 0.0125 0.015625
0 0.41328125 0.66640625 0.0109375 0.0125
9 0.46875 0.65859375 0.028125 0.0265625
0 0.45625 0.665625 0.0109375 0.0125
0 0.58828125 0.665625 0.0109375 0.0125
18 0.61015625 0.7 0.0125 0.0515625