0 0.57578125 0.315625 0.01171875 0.01640625
9 0.6203125 0.3421875 0.02734375 0.0265625
0 0.71875 0.334375 0.0109375 0.01171875
0 0.66328125 0.31640625 0.01171875 0.01640625
0 0.3234375 0.33359375 0.0109375 0.01171875
9 0.35546875 0.33984375 0.02734375 0.0265625
9 0.57421875 0.340625 0.02734375 0.0265625
9 0.39921875 0.34140625 0.02734375 0.0265625
0 0.4875 0.31640625 0.01171875 0.01640625
0 0.53203125 0.315625 0.01171875 0.01640625
0 0.63125 0.33359375 0.0109375 0.01171875
0 0.7078125 0.31640625 0.01171875 0.01640625
0 0.76328125 0.334375 0.0109375 0.01171875
0 0.23515625 0.33359375 0.01015625 0.00859375
0 0.49921875 0.33515625 0.0109375 0.01171875
18 0.6109375 0.30078125 0.01171875 0.0515625
18 0.6546875 0.30078125 0.01171875 0.0515625
18 0.6984375 0.30078125 0.01171875 0.0515625
18 0.7421875 0.30078125 0.01171875 0.0515625
18 0.7859375 0.30078125 0.01171875 0.0515625
18 0.8296875 0.30234375 0.01171875 0.0515625
18 0.91875 0.30078125 0.01171875 0.0515625
19 0.871875 0.30546875 0.02265625 0.0609375
9 0.48671875 0.340625 0.02734375 0.0265625
9 0.2671875 0.34140625 0.02734375 0.0265625
9 0.79609375 0.3421875 0.02734375 0.0265625
0 0.8875 0.3171875 0.01796875 0.01640625
9 0.3109375 0.33984375 0.02734375 0.0265625
0 0.5578125 0.07265625 0.05859375 0.01484375
18 0.565625 0.30078125 0.01171875 0.0515625
0 0.31171875 0.31640625 0.01171875 0.01640625
18 0.521875 0.3015625 0.01171875 0.0515625
18 0.47890625 0.30078125 0.01171875 0.0515625
18 0.43359375 0.30078125 0.01171875 0.0515625
9 0.70703125 0.3421875 0.02734375 0.0265625
0 0.8078125 0.334375 0.0109375 0.01171875
18 0.3453125 0.3015625 0.01171875 0.0515625
18 0.30078125 0.30078125 0.01171875 0.0515625
18 0.2578125 0.296875 0.01171875 0.0515625
18 0.2140625 0.30078125 0.01171875 0.0515625
18 0.2875 0.18671875 0.01171875 0.04140625
0 0.2984375 0.19453125 0.01484375 0.01796875
0 0.79609375 0.315625 0.01171875 0.01640625
0 0.2671875 0.31640625 0.01171875 0.01640625
0 0.4 0.31640625 0.01171875 0.01640625
0 0.9046875 0.34296875 0.0109375 0.01171875
0 0.61953125 0.315625 0.01171875 0.01640625
9 0.88828125 0.35234375 0.03515625 0.0265625
0 0.27890625 0.334375 0.0109375 0.01171875
0 0.36796875 0.33359375 0.0109375 0.01171875
0 0.44296875 0.315625 0.01171875 0.01640625
0 0.2234375 0.315625 0.01171875 0.01640625
0 0.67578125 0.33359375 0.0109375 0.01171875
9 0.2234375 0.33828125 0.02734375 0.0265625
0 0.840625 0.315625 0.01171875 0.01640625
9 0.66328125 0.34296875 0.02734375 0.0265625
0 0.92890625 0.315625 0.01171875 0.01640625
9 0.7515625 0.3421875 0.02734375 0.0265625
0 0.35546875 0.31640625 0.01171875 0.01640625
0 0.7515625 0.31640625 0.01171875 0.01640625
0 0.58671875 0.33359375 0.0109375 0.01171875
9 0.53125 0.34140625 0.02734375 0.0265625
0 0.54375 0.334375 0.0109375 0.01171875
0 0.41171875 0.334375 0.0109375 0.01171875
18 0.38984375 0.3 0.01171875 0.0515625