0 0.8421875 0.478125 0.03125 0.05
18 0.23203125 0.4625 0.0109375 0.05625
18 0.26796875 0.465625 0.0109375 0.05625
18 0.3046875 0.4609375 0.0109375 0.05625
18 0.34296875 0.46328125 0.0109375 0.05625
0 0.3578125 0.47734375 0.03125 0.05
0 0.65546875 0.47734375 0.03125 0.05
0 0.69375 0.475 0.03125 0.05
0 0.09765625 0.47734375 0.03125 0.05
0 0.39609375 0.47734375 0.03125 0.05
0 0.9125 0.5875 0.05 0.0234375
0 0.61796875 0.478125 0.03125 0.05
18 0.3796875 0.46328125 0.0109375 0.05625
18 0.41953125 0.4625 0.0109375 0.05625
18 0.45625 0.46640625 0.0109375 0.05625
18 0.4921875 0.465625 0.0109375 0.05625
18 0.5296875 0.4640625 0.0109375 0.05625
18 0.5671875 0.46640625 0.0109375 0.05625
18 0.6046875 0.4640625 0.0109375 0.05625
18 0.640625 0.4640625 0.0109375 0.05625
18 0.67890625 0.4640625 0.0109375 0.05625
18 0.71640625 0.4625 0.0109375 0.05625
18 0.75234375 0.4625 0.0109375 0.05625
18 0.7890625 0.4609375 0.0109375 0.05625
0 0.5078125 0.4765625 0.03125 0.05
0 0.878125 0.4765625 0.03125 0.05
18 0.82734375 0.4609375 0.0109375 0.05625
18 0.8640625 0.46328125 0.0109375 0.05625
18 0.90078125 0.465625 0.0109375 0.05625
18 0.96171875 0.66484375 0.01875 0.0671875
0 0.46953125 0.4765625 0.03125 0.05
0 0.246875 0.4765625 0.03125 0.05
0 0.06171875 0.478125 0.03125 0.05
0 0.90859375 0.6703125 0.05625 0.046875
0 0.7671875 0.475 0.03125 0.05
0 0.134375 0.4765625 0.03125 0.05
0 0.21015625 0.47734375 0.03125 0.05
0 0.8046875 0.47734375 0.03125 0.05
0 0.28359375 0.475 0.03125 0.05
0 0.54453125 0.475 0.03125 0.05
0 0.17265625 0.47734375 0.03125 0.05
0 0.4328125 0.475 0.03125 0.05
0 0.58203125 0.47421875 0.03125 0.05
0 0.73046875 0.4765625 0.03125 0.05
18 0.04453125 0.465625 0.0109375 0.05625
18 0.08359375 0.4609375 0.0109375 0.05625
0 0.91640625 0.4796875 0.03125 0.05
18 0.12109375 0.4640625 0.0109375 0.05625
18 0.15859375 0.465625 0.0109375 0.05625
0 0.321875 0.4765625 0.03125 0.05
18 0.19609375 0.465625 0.0109375 0.05625