0 0.478125 0.1578125 0.05 0.03125
18 0.4625 0.76796875 0.05625 0.0109375
18 0.465625 0.73203125 0.05625 0.0109375
18 0.4609375 0.6953125 0.05625 0.0109375
18 0.46328125 0.65703125 0.05625 0.0109375
0 0.47734375 0.6421875 0.05 0.03125
0 0.47734375 0.34453125 0.05 0.03125
0 0.475 0.30625 0.05 0.03125
0 0.47734375 0.90234375 0.05 0.03125
0 0.47734375 0.60390625 0.05 0.03125
0 0.5875 0.0875 0.0234375 0.05
0 0.478125 0.38203125 0.05 0.03125
18 0.46328125 0.6203125 0.05625 0.0109375
18 0.4625 0.58046875 0.05625 0.0109375
18 0.46640625 0.54375 0.05625 0.0109375
18 0.465625 0.5078125 0.05625 0.0109375
18 0.4640625 0.4703125 0.05625 0.0109375
18 0.46640625 0.4328125 0.05625 0.0109375
18 0.4640625 0.3953125 0.05625 0.0109375
18 0.4640625 0.359375 0.05625 0.0109375
18 0.4640625 0.32109375 0.05625 0.0109375
18 0.4625 0.28359375 0.05625 0.0109375
18 0.4625 0.24765625 0.05625 0.0109375
18 0.4609375 0.2109375 0.05625 0.0109375
0 0.4765625 0.4921875 0.05 0.03125
0 0.4765625 0.121875 0.05 0.03125
18 0.4609375 0.17265625 0.05625 0.0109375
18 0.46328125 0.1359375 0.05625 0.0109375
18 0.465625 0.09921875 0.05625 0.0109375
18 0.66484375 0.03828125 0.0671875 0.01875
0 0.4765625 0.53046875 0.05 0.03125
0 0.4765625 0.753125 0.05 0.03125
0 0.478125 0.93828125 0.05 0.03125
0 0.6703125 0.09140625 0.046875 0.05625
0 0.475 0.2328125 0.05 0.03125
0 0.4765625 0.865625 0.05 0.03125
0 0.47734375 0.78984375 0.05 0.03125
0 0.47734375 0.1953125 0.05 0.03125
0 0.475 0.71640625 0.05 0.03125
0 0.475 0.45546875 0.05 0.03125
0 0.47734375 0.82734375 0.05 0.03125
0 0.475 0.5671875 0.05 0.03125
0 0.47421875 0.41796875 0.05 0.03125
0 0.4765625 0.26953125 0.05 0.03125
18 0.465625 0.95546875 0.05625 0.0109375
18 0.4609375 0.91640625 0.05625 0.0109375
0 0.4796875 0.08359375 0.05 0.03125
18 0.4640625 0.87890625 0.05625 0.0109375
18 0.465625 0.84140625 0.05625 0.0109375
0 0.4765625 0.678125 0.05 0.03125
18 0.465625 0.80390625 0.05625 0.0109375