18 0.4359375 0.4046875 0.009375 0.034375
0 0.3578125 0.41875 0.02421875 0.02890625
0 0.4046875 0.41953125 0.021875 0.01875
18 0.4828125 0.40546875 0.009375 0.034375
18 0.53125 0.40546875 0.009375 0.034375
0 0.5 0.41875 0.021875 0.01875
19 0.33671875 0.409375 0.01640625 0.04140625
0 0.4515625 0.41875 0.021875 0.01875
0 0.34921875 0.33828125 0.015625 0.01875
9 0.53046875 0.459375 0.00703125 0.02109375
0 0.54765625 0.41875 0.021875 0.01875
21 0.33671875 0.3296875 0.00859375 0.02265625
18 0.38828125 0.40546875 0.009375 0.034375
0 0.409375 0.27890625 0.0171875 0.01015625