18 0.4046875 0.5640625 0.034375 0.009375
0 0.41875 0.6421875 0.028125 0.025
0 0.41953125 0.5953125 0.01875 0.021875
18 0.40546875 0.5171875 0.034375 0.009375
18 0.40546875 0.46875 0.034375 0.009375
0 0.41875 0.5 0.01875 0.021875
19 0.409375 0.66328125 0.040625 0.015625
0 0.41875 0.5484375 0.01875 0.021875
0 0.33828125 0.65078125 0.01875 0.015625
9 0.459375 0.46953125 0.021875 0.00625
0 0.41875 0.45234375 0.01875 0.021875
21 0.3296875 0.66328125 0.021875 0.009375
18 0.40546875 0.61171875 0.034375 0.009375
0 0.27890625 0.590625 0.009375 0.0171875