18 0.5640625 0.5953125 0.009375 0.034375
0 0.6421875 0.58125 0.025 0.028125
0 0.5953125 0.58046875 0.021875 0.01875
18 0.5171875 0.59453125 0.009375 0.034375
18 0.46875 0.59453125 0.009375 0.034375
0 0.5 0.58125 0.021875 0.01875
19 0.66328125 0.590625 0.015625 0.040625
0 0.5484375 0.58125 0.021875 0.01875
0 0.65078125 0.66171875 0.015625 0.01875
9 0.46953125 0.540625 0.00625 0.021875
0 0.45234375 0.58125 0.021875 0.01875
21 0.66328125 0.6703125 0.009375 0.021875
18 0.61171875 0.59453125 0.009375 0.034375
0 0.590625 0.72109375 0.0171875 0.009375