19 0.65703125 0.453125 0.015625 0.0828125
0 0.23203125 0.478125 0.0234375 0.0625
19 0.8328125 0.453125 0.015625 0.0828125
19 0.7890625 0.453125 0.015625 0.0828125
19 0.0375 0.4546875 0.015625 0.0828125
0 0.32109375 0.4765625 0.0234375 0.0625
19 0.74375 0.45625 0.015625 0.0828125
0 0.5421875 0.478125 0.0234375 0.0625
0 0.10078125 0.475 0.0234375 0.0625
0 0.675 0.47734375 0.0234375 0.0625
19 0.70078125 0.4546875 0.015625 0.0828125
19 0.12578125 0.45234375 0.015625 0.0828125
0 0.98515625 0.4765625 0.0234375 0.0625
0 0.71953125 0.4765625 0.0234375 0.0625
0 0.27890625 0.4765625 0.0234375 0.0625
0 0.365625 0.4765625 0.0234375 0.0625
21 0.03828125 0.2875 0.00859375 0.04375
0 0.0484375 0.30546875 0.01328125 0.0390625
19 0.5671875 0.45546875 0.015625 0.0828125
0 0.85234375 0.47734375 0.0234375 0.0625
0 0.940625 0.47734375 0.0234375 0.0625
9 0.925 0.5640625 0.0078125 0.04375
0 0.14609375 0.47734375 0.0234375 0.0625
0 0.103125 0.17890625 0.0125 0.02265625
0 0.409375 0.475 0.0234375 0.0625
0 0.8078125 0.478125 0.0234375 0.0625
19 0.30234375 0.45546875 0.015625 0.0828125
0 0.49921875 0.4765625 0.0234375 0.0625
0 0.45390625 0.475 0.0234375 0.0625
19 0.61171875 0.45234375 0.015625 0.0828125
0 0.58671875 0.47734375 0.0234375 0.0625
19 0.38984375 0.45625 0.015625 0.0828125
19 0.43515625 0.453125 0.015625 0.0828125
19 0.2140625 0.4515625 0.015625 0.0828125
19 0.346875 0.453125 0.015625 0.0828125
0 0.89609375 0.478125 0.0234375 0.0625
0 0.63125 0.478125 0.0234375 0.0625
0 0.05625 0.47734375 0.0234375 0.0625
0 0.7640625 0.47734375 0.0234375 0.0625
19 0.47890625 0.4515625 0.015625 0.0828125
19 0.2578125 0.453125 0.015625 0.0828125
19 0.5234375 0.4546875 0.015625 0.0828125
19 0.965625 0.453125 0.015625 0.0828125
19 0.08203125 0.4546875 0.015625 0.0828125
0 0.18984375 0.47421875 0.0234375 0.0625
19 0.8765625 0.45546875 0.015625 0.0828125
19 0.9203125 0.453125 0.015625 0.0828125
19 0.16953125 0.4515625 0.015625 0.0828125