19 0.34296875 0.546875 0.015625 0.0828125
0 0.76796875 0.521875 0.0234375 0.0625
19 0.1671875 0.546875 0.015625 0.0828125
19 0.2109375 0.546875 0.015625 0.0828125
19 0.9625 0.5453125 0.015625 0.0828125
0 0.67890625 0.5234375 0.0234375 0.0625
19 0.25625 0.54375 0.015625 0.0828125
0 0.4578125 0.521875 0.0234375 0.0625
0 0.89921875 0.525 0.0234375 0.0625
0 0.325 0.52265625 0.0234375 0.0625
19 0.29921875 0.5453125 0.015625 0.0828125
19 0.87421875 0.54765625 0.015625 0.0828125
0 0.01484375 0.5234375 0.0234375 0.0625
0 0.28046875 0.5234375 0.0234375 0.0625
0 0.72109375 0.5234375 0.0234375 0.0625
0 0.634375 0.5234375 0.0234375 0.0625
21 0.96171875 0.7125 0.009375 0.04375
0 0.9515625 0.69453125 0.0125 0.0390625
19 0.4328125 0.54453125 0.015625 0.0828125
0 0.14765625 0.52265625 0.0234375 0.0625
0 0.059375 0.52265625 0.0234375 0.0625
9 0.075 0.4359375 0.0078125 0.04375
0 0.85390625 0.52265625 0.0234375 0.0625
0 0.896875 0.82109375 0.0125 0.021875
0 0.590625 0.525 0.0234375 0.0625
0 0.1921875 0.521875 0.0234375 0.0625
19 0.69765625 0.54453125 0.015625 0.0828125
0 0.50078125 0.5234375 0.0234375 0.0625
0 0.54609375 0.525 0.0234375 0.0625
19 0.38828125 0.54765625 0.015625 0.0828125
0 0.41328125 0.52265625 0.0234375 0.0625
19 0.61015625 0.54375 0.015625 0.0828125
19 0.56484375 0.546875 0.015625 0.0828125
19 0.7859375 0.5484375 0.015625 0.0828125
19 0.653125 0.546875 0.015625 0.0828125
0 0.10390625 0.521875 0.0234375 0.0625
0 0.36875 0.521875 0.0234375 0.0625
0 0.94375 0.52265625 0.0234375 0.0625
0 0.2359375 0.52265625 0.0234375 0.0625
19 0.52109375 0.5484375 0.015625 0.0828125
19 0.7421875 0.546875 0.015625 0.0828125
19 0.4765625 0.5453125 0.015625 0.0828125
19 0.034375 0.546875 0.015625 0.0828125
19 0.91796875 0.5453125 0.015625 0.0828125
0 0.81015625 0.52578125 0.0234375 0.0625
19 0.1234375 0.54453125 0.015625 0.0828125
19 0.0796875 0.546875 0.015625 0.0828125
19 0.83046875 0.5484375 0.015625 0.0828125