0 0.5265625 0.7828125 0.021875 0.03125
0 0.371875 0.7828125 0.021875 0.03125
18 0.53984375 0.7984375 0.009375 0.046875
18 0.38515625 0.7984375 0.009375 0.046875
0 0.09765625 0.7828125 0.021875 0.03125
18 0.49296875 0.79921875 0.009375 0.046875
18 0.58828125 0.8 0.009375 0.046875
19 0.44453125 0.79296875 0.015625 0.059375
18 0.6234375 0.79921875 0.009375 0.046875
0 0.1453125 0.7828125 0.021875 0.03125
0 0.2890625 0.7828125 0.021875 0.03125
18 0.6828125 0.79921875 0.009375 0.046875
21 0.68515625 0.89296875 0.0140625 0.065625
0 0.19375 0.7828125 0.021875 0.03125
0 0.43125 0.78203125 0.021875 0.03125
18 0.06484375 0.7984375 0.009375 0.046875
0 0.609375 0.78125 0.021875 0.03125
0 0.24140625 0.7828125 0.021875 0.03125
18 0.1125 0.79921875 0.009375 0.046875
0 0.05078125 0.7828125 0.021875 0.03125
0 0.47890625 0.7828125 0.021875 0.03125
18 0.16015625 0.8 0.009375 0.046875
0 0.33671875 0.7828125 0.021875 0.03125
0 0.7578125 0.90234375 0.0453125 0.028125
0 0.575 0.7828125 0.021875 0.03125
18 0.20703125 0.7984375 0.009375 0.046875
18 0.2546875 0.79921875 0.009375 0.046875
0 0.6703125 0.78359375 0.021875 0.03125
0 0.70390625 0.8875 0.0234375 0.025
18 0.30234375 0.79921875 0.009375 0.046875
18 0.35 0.7984375 0.009375 0.046875