0 0.4734375 0.2171875 0.02109375 0.03046875
0 0.628125 0.2171875 0.02109375 0.03046875
18 0.46015625 0.2015625 0.009375 0.046875
18 0.61484375 0.2015625 0.009375 0.046875
0 0.90234375 0.2171875 0.02109375 0.03046875
18 0.50703125 0.20078125 0.009375 0.046875
18 0.41171875 0.2 0.009375 0.046875
19 0.55546875 0.20703125 0.015625 0.06015625
18 0.3765625 0.20078125 0.009375 0.046875
0 0.8546875 0.2171875 0.02109375 0.03046875
0 0.7109375 0.2171875 0.02109375 0.03046875
18 0.3171875 0.20078125 0.009375 0.046875
21 0.31484375 0.10703125 0.0140625 0.06484375
0 0.80625 0.2171875 0.02109375 0.03046875
0 0.56875 0.21796875 0.02109375 0.03046875
18 0.93515625 0.2015625 0.009375 0.046875
0 0.390625 0.21875 0.02109375 0.03046875
0 0.75859375 0.2171875 0.02109375 0.03046875
18 0.8875 0.20078125 0.009375 0.046875
0 0.94921875 0.2171875 0.02109375 0.03046875
0 0.52109375 0.2171875 0.02109375 0.03046875
18 0.83984375 0.2 0.009375 0.046875
0 0.66328125 0.2171875 0.02109375 0.03046875
0 0.2421875 0.09765625 0.0453125 0.02890625
0 0.425 0.2171875 0.02109375 0.03046875
18 0.79296875 0.2015625 0.009375 0.046875
18 0.7453125 0.20078125 0.009375 0.046875
0 0.3296875 0.21640625 0.02109375 0.03046875
0 0.29609375 0.1125 0.0234375 0.025
18 0.69765625 0.20078125 0.009375 0.046875
18 0.65 0.2015625 0.009375 0.046875