0 0.48984375 0.7328125 0.03125 0.0421875
0 0.8015625 0.965625 0.021875 0.015625
0 0.36953125 0.73125 0.03125 0.0421875
21 0.68671875 0.84296875 0.0171875 0.059375
0 0.71015625 0.84921875 0.03125 0.028125
0 0.4296875 0.73125 0.03125 0.0421875
18 0.76640625 0.73984375 0.015625 0.034375
0 0.66875 0.73125 0.03125 0.0421875
0 0.78671875 0.73203125 0.03125 0.0421875
0 0.72890625 0.7296875 0.03125 0.0421875
0 0.60859375 0.7296875 0.03125 0.0421875
18 0.41015625 0.73984375 0.0140625 0.034375
18 0.46875 0.74140625 0.0140625 0.034375
18 0.35078125 0.740625 0.015625 0.034375
18 0.5296875 0.7390625 0.015625 0.034375
18 0.58828125 0.74140625 0.015625 0.034375
18 0.64765625 0.74140625 0.015625 0.034375
18 0.7078125 0.74296875 0.015625 0.034375
0 0.55 0.73125 0.03125 0.0421875