0 0.2671875 0.48984375 0.0421875 0.03125
0 0.034375 0.8015625 0.015625 0.021875
0 0.26875 0.36953125 0.0421875 0.03125
21 0.15703125 0.68671875 0.059375 0.0171875
0 0.15078125 0.71015625 0.028125 0.03125
0 0.26875 0.4296875 0.0421875 0.03125
18 0.26015625 0.76640625 0.034375 0.015625
0 0.26875 0.66875 0.0421875 0.03125
0 0.26796875 0.78671875 0.0421875 0.0328125
0 0.2703125 0.72890625 0.0421875 0.03125
0 0.2703125 0.60859375 0.0421875 0.03125
18 0.26015625 0.41015625 0.034375 0.0140625
18 0.25859375 0.46875 0.034375 0.0140625
18 0.259375 0.35078125 0.034375 0.015625
18 0.2609375 0.5296875 0.034375 0.015625
18 0.25859375 0.58828125 0.034375 0.015625
18 0.25859375 0.64765625 0.034375 0.015625
18 0.25703125 0.7078125 0.034375 0.015625
0 0.26875 0.55 0.0421875 0.03125