0 0.51015625 0.2671875 0.03203125 0.0421875
0 0.1984375 0.034375 0.02265625 0.01640625
0 0.63046875 0.26875 0.03203125 0.0421875
21 0.31328125 0.15703125 0.0171875 0.05859375
0 0.28984375 0.15078125 0.03046875 0.028125
0 0.5703125 0.26875 0.03203125 0.0421875
18 0.23359375 0.26015625 0.01484375 0.03515625
0 0.33125 0.26875 0.03203125 0.0421875
0 0.21328125 0.26796875 0.03203125 0.0421875
0 0.27109375 0.2703125 0.03203125 0.0421875
0 0.39140625 0.2703125 0.03203125 0.0421875
18 0.58984375 0.26015625 0.0140625 0.034375
18 0.53125 0.25859375 0.0140625 0.034375
18 0.64921875 0.259375 0.01484375 0.03515625
18 0.4703125 0.2609375 0.01484375 0.03515625
18 0.41171875 0.25859375 0.01484375 0.03515625
18 0.35234375 0.25859375 0.01484375 0.03515625
18 0.2921875 0.25703125 0.01484375 0.03515625
0 0.45 0.26875 0.03203125 0.0421875