19 0.8875 0.253125 0.0234375 0.06796875
0 0.8578125 0.26796875 0.0390625 0.040625
19 0.58984375 0.25234375 0.0234375 0.06796875
0 0.26484375 0.26796875 0.0390625 0.040625
19 0.471875 0.253125 0.0234375 0.06796875
19 0.82890625 0.25234375 0.0234375 0.06796875
0 0.6203125 0.26796875 0.0390625 0.040625
19 0.29296875 0.253125 0.0234375 0.06796875
19 0.65078125 0.253125 0.0234375 0.06796875
19 0.35234375 0.25234375 0.0234375 0.06796875
19 0.709375 0.253125 0.0234375 0.06796875
0 0.56015625 0.26796875 0.0390625 0.040625
19 0.41015625 0.25234375 0.0234375 0.06796875
19 0.76875 0.2515625 0.0234375 0.06796875
19 0.9484375 0.2515625 0.0234375 0.06796875
0 0.91875 0.26796875 0.0390625 0.040625
0 0.79921875 0.26796875 0.0390625 0.040625
0 0.321875 0.26796875 0.0390625 0.040625
0 0.203125 0.26875 0.0390625 0.040625
0 0.29296875 0.15078125 0.03046875 0.02421875
19 0.23359375 0.253125 0.0234375 0.06796875
0 0.19921875 0.03515625 0.0234375 0.01484375
0 0.6796875 0.2671875 0.0390625 0.040625
0 0.5015625 0.26796875 0.0390625 0.040625
21 0.3125 0.1578125 0.0171875 0.05859375
19 0.53203125 0.2515625 0.0234375 0.06796875
0 0.43984375 0.2671875 0.0390625 0.040625
0 0.3828125 0.26796875 0.0390625 0.040625
0 0.7390625 0.2671875 0.0390625 0.040625