19 0.253125 0.1125 0.06875 0.0234375
0 0.26796875 0.1421875 0.040625 0.0390625
19 0.25234375 0.41015625 0.06875 0.0234375
0 0.26796875 0.73515625 0.040625 0.0390625
19 0.253125 0.528125 0.06875 0.0234375
19 0.25234375 0.17109375 0.06875 0.0234375
0 0.26796875 0.3796875 0.040625 0.0390625
19 0.253125 0.70703125 0.06875 0.0234375
19 0.253125 0.34921875 0.06875 0.0234375
19 0.25234375 0.64765625 0.06875 0.0234375
19 0.253125 0.290625 0.06875 0.0234375
0 0.26796875 0.43984375 0.040625 0.0390625
19 0.25234375 0.58984375 0.06875 0.0234375
19 0.2515625 0.23125 0.06875 0.0234375
19 0.2515625 0.0515625 0.06875 0.0234375
0 0.26796875 0.08125 0.040625 0.0390625
0 0.26796875 0.20078125 0.040625 0.0390625
0 0.26796875 0.678125 0.040625 0.0390625
0 0.26875 0.796875 0.040625 0.0390625
0 0.15078125 0.70703125 0.025 0.03125
19 0.253125 0.76640625 0.06875 0.0234375
0 0.03515625 0.80078125 0.015625 0.0234375
0 0.2671875 0.3203125 0.040625 0.0390625
0 0.26796875 0.4984375 0.040625 0.0390625
21 0.1578125 0.6875 0.059375 0.0171875
19 0.2515625 0.46796875 0.06875 0.0234375
0 0.2671875 0.56015625 0.040625 0.0390625
0 0.26796875 0.6171875 0.040625 0.0390625
0 0.2671875 0.2609375 0.040625 0.0390625