0 0.603125 0.8640625 0.03984375 0.0265625
0 0.5453125 0.8671875 0.02890625 0.03515625
0 0.603125 0.3875 0.04140625 0.0265625
0 0.54453125 0.48515625 0.0265625 0.03671875
0 0.603125 0.67109375 0.04140625 0.0265625
0 0.60390625 0.4828125 0.04140625 0.0265625
28 0.5984375 0.5375 0.0453125 0.02265625
28 0.5984375 0.634375 0.0453125 0.02265625
0 0.66171875 0.39140625 0.02734375 0.0421875
0 0.5453125 0.771875 0.0265625 0.03671875
28 0.59765625 0.82421875 0.0453125 0.02265625
0 0.39609375 0.36015625 0.01796875 0.0203125
0 0.66015625 0.86875 0.02734375 0.0421875
28 0.59921875 0.346875 0.0453125 0.02265625
0 0.6609375 0.58125 0.02734375 0.0421875
0 0.54375 0.390625 0.0265625 0.03671875
0 0.6609375 0.67734375 0.02734375 0.0421875
19 0.54140625 0.35078125 0.0296875 0.02578125
19 0.65 0.35078125 0.0296875 0.02578125
19 0.6484375 0.44609375 0.0296875 0.02578125
19 0.5390625 0.44609375 0.0296875 0.02578125
19 0.540625 0.54140625 0.0296875 0.02578125
19 0.6484375 0.540625 0.0296875 0.02578125
19 0.540625 0.6359375 0.0296875 0.02578125
19 0.6484375 0.63671875 0.0296875 0.02578125
19 0.64765625 0.73359375 0.0296875 0.02578125
28 0.59921875 0.728125 0.0453125 0.02265625
19 0.53984375 0.73125 0.0296875 0.02578125
19 0.54140625 0.8265625 0.0296875 0.02578125
0 0.60390625 0.7703125 0.04140625 0.0265625
19 0.64921875 0.828125 0.0296875 0.02578125
0 0.54375 0.67734375 0.0265625 0.03671875
0 0.66015625 0.77265625 0.02734375 0.0421875
0 0.5453125 0.58203125 0.0265625 0.03671875
0 0.603125 0.57578125 0.04140625 0.0265625
28 0.59921875 0.44296875 0.0453125 0.02265625
0 0.66015625 0.4875 0.02734375 0.0421875