0 0.1359375 0.603125 0.0265625 0.040625
0 0.1328125 0.5453125 0.034375 0.028125
0 0.6125 0.603125 0.0265625 0.040625
0 0.51484375 0.54453125 0.0375 0.0265625
0 0.32890625 0.603125 0.0265625 0.040625
0 0.5171875 0.60390625 0.0265625 0.040625
28 0.4625 0.5984375 0.021875 0.0453125
28 0.365625 0.5984375 0.021875 0.0453125
0 0.60859375 0.66171875 0.0421875 0.028125
0 0.228125 0.5453125 0.0375 0.0265625
28 0.17578125 0.59765625 0.021875 0.0453125
0 0.63984375 0.39609375 0.0203125 0.01875
0 0.13125 0.66015625 0.0421875 0.028125
28 0.653125 0.59921875 0.021875 0.0453125
0 0.41875 0.6609375 0.0421875 0.028125
0 0.609375 0.54375 0.0375 0.0265625
0 0.32265625 0.6609375 0.0421875 0.028125
19 0.64921875 0.54140625 0.025 0.0296875
19 0.64921875 0.65 0.025 0.0296875
19 0.55390625 0.6484375 0.025 0.0296875
19 0.55390625 0.5390625 0.025 0.0296875
19 0.45859375 0.540625 0.025 0.0296875
19 0.459375 0.6484375 0.025 0.0296875
19 0.3640625 0.540625 0.025 0.0296875
19 0.36328125 0.6484375 0.025 0.0296875
19 0.26640625 0.64765625 0.025 0.0296875
28 0.271875 0.59921875 0.021875 0.0453125
19 0.26875 0.53984375 0.025 0.0296875
19 0.1734375 0.54140625 0.025 0.0296875
0 0.2296875 0.60390625 0.0265625 0.040625
19 0.171875 0.64921875 0.025 0.0296875
0 0.32265625 0.54375 0.0375 0.0265625
0 0.22734375 0.66015625 0.0421875 0.028125
0 0.41796875 0.5453125 0.0375 0.0265625
0 0.42421875 0.603125 0.0265625 0.040625
28 0.55703125 0.59921875 0.021875 0.0453125
0 0.5125 0.66015625 0.0421875 0.028125