19 0.734375 0.66953125 0.03125 0.0140625
18 0.73515625 0.509375 0.025 0.0125
0 0.71015625 0.6890625 0.028125 0.025
0 0.71328125 0.2171875 0.01875 0.025
18 0.7359375 0.54921875 0.025 0.0125
18 0.73515625 0.58671875 0.025 0.0125
0 0.71015625 0.64765625 0.028125 0.025
18 0.7359375 0.70546875 0.025 0.0125
0 0.80078125 0.15859375 0.009375 0.0328125
28 0.79375 0.36953125 0.034375 0.01875
0 0.7140625 0.45 0.01875 0.025
0 0.71484375 0.1765625 0.01875 0.025
0 0.7140625 0.56796875 0.01875 0.025
18 0.7359375 0.15859375 0.025 0.0125
0 0.71484375 0.60625 0.01875 0.025
0 0.71484375 0.72109375 0.01875 0.021875
0 0.71484375 0.48828125 0.01875 0.025
0 0.7140625 0.528125 0.01875 0.025
18 0.7359375 0.47109375 0.025 0.0125
0 0.7140625 0.2546875 0.01875 0.025
0 0.71328125 0.29375 0.01875 0.025
0 0.7140625 0.33359375 0.01875 0.025
0 0.71328125 0.41015625 0.01875 0.025
18 0.73359375 0.19765625 0.025 0.0125
18 0.73515625 0.234375 0.025 0.0125
18 0.734375 0.27421875 0.025 0.0125
0 0.7140625 0.3734375 0.01875 0.025
18 0.7359375 0.315625 0.025 0.0125
18 0.734375 0.3546875 0.025 0.0125
18 0.734375 0.39296875 0.025 0.0125
18 0.734375 0.4328125 0.025 0.0125
19 0.734375 0.6296875 0.03125 0.0140625
0 0.79609375 0.4 0.01875 0.034375