19 0.265625 0.33046875 0.03203125 0.0140625
18 0.26484375 0.490625 0.02578125 0.01171875
0 0.28984375 0.3109375 0.02734375 0.025
0 0.28671875 0.7828125 0.01953125 0.02421875
18 0.2640625 0.45078125 0.02578125 0.01171875
18 0.26484375 0.41328125 0.02578125 0.01171875
0 0.28984375 0.35234375 0.02734375 0.025
18 0.2640625 0.29453125 0.02578125 0.01171875
0 0.19921875 0.84140625 0.00859375 0.0328125
28 0.20625 0.63046875 0.03515625 0.01953125
0 0.2859375 0.55 0.01953125 0.02421875
0 0.28515625 0.8234375 0.01953125 0.02421875
0 0.2859375 0.43203125 0.01953125 0.02421875
18 0.2640625 0.84140625 0.02578125 0.01171875
0 0.28515625 0.39375 0.01953125 0.02421875
0 0.28515625 0.27890625 0.01953125 0.021875
0 0.28515625 0.51171875 0.01953125 0.02421875
0 0.2859375 0.471875 0.01953125 0.02421875
18 0.2640625 0.52890625 0.02578125 0.01171875
0 0.2859375 0.7453125 0.01953125 0.02421875
0 0.28671875 0.70625 0.01953125 0.02421875
0 0.2859375 0.66640625 0.01953125 0.02421875
0 0.28671875 0.58984375 0.01953125 0.02421875
18 0.26640625 0.80234375 0.02578125 0.01171875
18 0.26484375 0.765625 0.02578125 0.01171875
18 0.265625 0.72578125 0.02578125 0.01171875
0 0.2859375 0.6265625 0.01953125 0.02421875
18 0.2640625 0.684375 0.02578125 0.01171875
18 0.265625 0.6453125 0.02578125 0.01171875
18 0.265625 0.60703125 0.02578125 0.01171875
18 0.265625 0.5671875 0.02578125 0.01171875
19 0.265625 0.3703125 0.03203125 0.0140625
0 0.20390625 0.6 0.01953125 0.034375