0 0.98125 0.9453125 0.028125 0.03125
0 0.47421875 0.6984375 0.021875 0.059375
0 0.81640625 0.89921875 0.025 0.0796875
21 0.95546875 0.59453125 0.009375 0.053125
0 0.11640625 0.696875 0.021875 0.059375
9 0.98203125 0.596875 0.009375 0.059375
0 0.28671875 0.69453125 0.0234375 0.059375
0 0.021875 0.6984375 0.0234375 0.059375
9 0.24765625 0.6 0.009375 0.059375
28 0.77890625 0.9265625 0.0203125 0.1
0 0.26640625 0.59296875 0.01875 0.05625
0 0.51171875 0.69921875 0.021875 0.059375
0 0.290625 0.590625 0.021875 0.059375
0 0.94453125 0.590625 0.01875 0.059375
18 0.52890625 0.7578125 0.009375 0.071875
18 0.56796875 0.7578125 0.009375 0.071875
18 0.6046875 0.75390625 0.009375 0.071875
18 0.49140625 0.759375 0.009375 0.071875
18 0.64296875 0.7578125 0.009375 0.071875
18 0.6796875 0.75390625 0.009375 0.071875
0 0.23359375 0.59296875 0.021875 0.059375
18 0.71796875 0.75234375 0.009375 0.071875
9 0.13359375 0.5984375 0.009375 0.059375
0 0.3609375 0.69921875 0.0234375 0.059375
0 0.5875 0.69921875 0.021875 0.059375
21 0.27890625 0.59453125 0.009375 0.0609375
9 0.30390625 0.596875 0.009375 0.059375
0 0.17890625 0.59296875 0.0234375 0.059375
0 0.39921875 0.6984375 0.021875 0.059375
0 0.153125 0.590625 0.0203125 0.05625
18 0.45390625 0.75703125 0.009375 0.071875
18 0.4171875 0.75703125 0.009375 0.071875
0 0.209375 0.59296875 0.01875 0.05625
18 0.79375 0.7578125 0.009375 0.071875
18 0.8296875 0.75703125 0.009375 0.071875
0 0.8515625 0.6953125 0.021875 0.059375
18 0.378125 0.75703125 0.009375 0.071875
18 0.86875 0.75546875 0.009375 0.071875
18 0.90625 0.75546875 0.009375 0.071875
0 0.7765625 0.6953125 0.021875 0.059375
0 0.43671875 0.6984375 0.021875 0.059375
0 0.96875 0.590625 0.021875 0.059375
0 0.6265625 0.70234375 0.021875 0.059375
18 0.81953125 0.96953125 0.021875 0.040625
0 0.7375 0.696875 0.021875 0.059375
18 0.340625 0.75234375 0.009375 0.071875
18 0.98125 0.75703125 0.009375 0.071875
0 0.75078125 0.928125 0.028125 0.05
0 0.23046875 0.696875 0.0234375 0.059375
21 0.1078125 0.59140625 0.0109375 0.0609375
0 0.6578125 0.60390625 0.021875 0.059375
0 0.1734375 0.6953125 0.021875 0.059375
0 0.0984375 0.59296875 0.015625 0.05625
0 0.81328125 0.6953125 0.021875 0.059375
0 0.9640625 0.69921875 0.021875 0.059375
0 0.325 0.69453125 0.0234375 0.059375
21 0.165625 0.59296875 0.0109375 0.0609375
0 0.66328125 0.69453125 0.021875 0.059375
9 0.62265625 0.59140625 0.046875 0.0609375
0 0.8890625 0.6984375 0.021875 0.059375
21 0.2203125 0.59296875 0.009375 0.0609375
18 0.30390625 0.75703125 0.009375 0.071875
18 0.24765625 0.75703125 0.009375 0.071875
18 0.19140625 0.75390625 0.0109375 0.071875
0 0.54921875 0.6984375 0.021875 0.059375
0 0.0609375 0.6984375 0.0234375 0.059375
9 0.19140625 0.59609375 0.009375 0.059375
18 0.13359375 0.75390625 0.0109375 0.071875
18 0.07734375 0.7578125 0.0109375 0.071875
18 0.75546875 0.7578125 0.009375 0.071875
18 0.03984375 0.7578125 0.0109375 0.071875
0 0.12109375 0.590625 0.0234375 0.059375
0 0.7 0.6953125 0.021875 0.059375