0 0.01875 0.0546875 0.02890625 0.03203125
0 0.52578125 0.3015625 0.02265625 0.05859375
0 0.18359375 0.10078125 0.02578125 0.0796875
21 0.04453125 0.40546875 0.00859375 0.053125
0 0.88359375 0.303125 0.02265625 0.05859375
9 0.01796875 0.403125 0.00859375 0.05859375
0 0.71328125 0.30546875 0.02265625 0.05859375
0 0.978125 0.3015625 0.02265625 0.05859375
9 0.75234375 0.4 0.00859375 0.05859375
28 0.22109375 0.0734375 0.0203125 0.10078125
0 0.73359375 0.40703125 0.01953125 0.05546875
0 0.48828125 0.30078125 0.02265625 0.05859375
0 0.709375 0.409375 0.02265625 0.05859375
0 0.05546875 0.409375 0.01796875 0.05859375
18 0.47109375 0.2421875 0.01015625 0.071875
18 0.43203125 0.2421875 0.01015625 0.071875
18 0.3953125 0.24609375 0.01015625 0.071875
18 0.50859375 0.240625 0.01015625 0.071875
18 0.35703125 0.2421875 0.01015625 0.071875
18 0.3203125 0.24609375 0.01015625 0.071875
0 0.76640625 0.40703125 0.02265625 0.05859375
18 0.28203125 0.24765625 0.01015625 0.071875
9 0.86640625 0.4015625 0.00859375 0.05859375
0 0.6390625 0.30078125 0.02265625 0.05859375
0 0.4125 0.30078125 0.02265625 0.05859375
21 0.72109375 0.40546875 0.01015625 0.0609375
9 0.69609375 0.403125 0.00859375 0.05859375
0 0.82109375 0.40703125 0.02265625 0.05859375
0 0.60078125 0.3015625 0.02265625 0.05859375
0 0.846875 0.409375 0.01953125 0.05546875
18 0.54609375 0.24296875 0.01015625 0.071875
18 0.5828125 0.24296875 0.01015625 0.071875
0 0.790625 0.40703125 0.01953125 0.05546875
18 0.20625 0.2421875 0.01015625 0.071875
18 0.1703125 0.24296875 0.01015625 0.071875
0 0.1484375 0.3046875 0.02265625 0.05859375
18 0.621875 0.24296875 0.01015625 0.071875
18 0.13125 0.24453125 0.01015625 0.071875
18 0.09375 0.24453125 0.01015625 0.071875
0 0.2234375 0.3046875 0.02265625 0.05859375
0 0.56328125 0.3015625 0.02265625 0.05859375
0 0.03125 0.409375 0.02265625 0.05859375
0 0.3734375 0.29765625 0.02265625 0.05859375
18 0.18046875 0.03046875 0.02109375 0.03984375
0 0.2625 0.303125 0.02265625 0.05859375
18 0.659375 0.24765625 0.01015625 0.071875
18 0.01875 0.24296875 0.01015625 0.071875
0 0.24921875 0.071875 0.02890625 0.05078125
0 0.76953125 0.303125 0.02265625 0.05859375
21 0.8921875 0.40859375 0.01015625 0.0609375
0 0.3421875 0.39609375 0.02265625 0.05859375
0 0.8265625 0.3046875 0.02265625 0.05859375
0 0.9015625 0.40703125 0.01484375 0.05546875
0 0.18671875 0.3046875 0.02265625 0.05859375
0 0.0359375 0.30078125 0.02265625 0.05859375
0 0.675 0.30546875 0.02265625 0.05859375
21 0.834375 0.40703125 0.01015625 0.0609375
0 0.33671875 0.30546875 0.02265625 0.05859375
9 0.37734375 0.40859375 0.04765625 0.0609375
0 0.1109375 0.3015625 0.02265625 0.05859375
21 0.7796875 0.40703125 0.01015625 0.0609375
18 0.69609375 0.24296875 0.01015625 0.071875
18 0.75234375 0.24296875 0.01015625 0.071875
18 0.80859375 0.24609375 0.01015625 0.071875
0 0.45078125 0.3015625 0.02265625 0.05859375
0 0.9390625 0.3015625 0.02265625 0.05859375
9 0.80859375 0.40390625 0.00859375 0.05859375
18 0.86640625 0.24609375 0.01015625 0.071875
18 0.92265625 0.2421875 0.01015625 0.071875
18 0.24453125 0.2421875 0.01015625 0.071875
18 0.96015625 0.2421875 0.01015625 0.071875
0 0.87890625 0.409375 0.02265625 0.05859375
0 0.3 0.3046875 0.02265625 0.05859375