18 0.15625 0.76484375 0.02578125 0.0140625
0 0.07109375 0.4140625 0.04453125 0.03828125
18 0.1578125 0.70625 0.0234375 0.0140625
0 0.1625 0.6765625 0.0625 0.03828125
19 0.15234375 0.5296875 0.04609375 0.0203125
0 0.1890625 0.61875 0.03984375 0.03828125
19 0.15234375 0.64609375 0.04609375 0.0203125
18 0.06640625 0.44140625 0.04140625 0.0140625
0 0.0578125 0.7640625 0.02578125 0.0484375
0 0.18828125 0.5 0.03984375 0.03828125
0 0.1625 0.73515625 0.0625 0.03828125
0 0.16875 0.5609375 0.08203125 0.03828125
18 0.15859375 0.59140625 0.02265625 0.01328125