18 0.84375 0.23515625 0.025 0.0140625
0 0.92890625 0.5859375 0.04375 0.0375
18 0.8421875 0.29375 0.0234375 0.0140625
0 0.8375 0.3234375 0.0625 0.0390625
19 0.84765625 0.4703125 0.046875 0.0203125
0 0.8109375 0.38125 0.040625 0.0375
19 0.84765625 0.35390625 0.046875 0.0203125
18 0.93359375 0.55859375 0.040625 0.0140625
0 0.9421875 0.2359375 0.025 0.0484375
0 0.81171875 0.5 0.040625 0.0375
0 0.8375 0.26484375 0.0625 0.0390625
0 0.83125 0.4390625 0.08125 0.0390625
18 0.84140625 0.40859375 0.021875 0.0125