0 0.684375 0.62578125 0.01875 0.021875
0 0.92734375 0.5578125 0.0140625 0.0625
19 0.69453125 0.6078125 0.0609375 0.0203125
19 0.69453125 0.475 0.0609375 0.0203125
0 0.68359375 0.4484375 0.01875 0.021875
19 0.6953125 0.51953125 0.0609375 0.0203125
18 0.815625 0.28828125 0.040625 0.0109375
0 0.68359375 0.49375 0.01875 0.021875
0 0.68359375 0.31640625 0.01875 0.021875
0 0.80546875 0.2984375 0.015625 0.0140625
0 0.68359375 0.58125 0.01875 0.021875
19 0.6953125 0.43125 0.0609375 0.0203125
19 0.69375 0.21171875 0.0609375 0.0203125
0 0.68359375 0.27265625 0.01875 0.021875
0 0.68359375 0.228125 0.01875 0.021875
19 0.69609375 0.38671875 0.0609375 0.0203125
0 0.68359375 0.53671875 0.01875 0.021875
19 0.69609375 0.34296875 0.0609375 0.0203125
0 0.6828125 0.40546875 0.01875 0.021875
19 0.6953125 0.29921875 0.0609375 0.0203125
0 0.6828125 0.3609375 0.01875 0.021875
19 0.69609375 0.56328125 0.0609375 0.0203125
19 0.69453125 0.25546875 0.0609375 0.0203125