0 0.315625 0.37421875 0.01875 0.021875
0 0.07265625 0.4421875 0.0140625 0.0625
19 0.30546875 0.3921875 0.0609375 0.0203125
19 0.30546875 0.525 0.0609375 0.0203125
0 0.31640625 0.5515625 0.01875 0.021875
19 0.3046875 0.48046875 0.0609375 0.0203125
18 0.184375 0.71171875 0.040625 0.0109375
0 0.31640625 0.50625 0.01875 0.021875
0 0.31640625 0.68359375 0.01875 0.021875
0 0.19453125 0.7015625 0.015625 0.0140625
0 0.31640625 0.41875 0.01875 0.021875
19 0.3046875 0.56875 0.0609375 0.0203125
19 0.30625 0.78828125 0.0609375 0.0203125
0 0.31640625 0.72734375 0.01875 0.021875
0 0.31640625 0.771875 0.01875 0.021875
19 0.30390625 0.61328125 0.0609375 0.0203125
0 0.31640625 0.46328125 0.01875 0.021875
19 0.30390625 0.65703125 0.0609375 0.0203125
0 0.3171875 0.59453125 0.01875 0.021875
19 0.3046875 0.70078125 0.0609375 0.0203125
0 0.3171875 0.6390625 0.01875 0.021875
19 0.30390625 0.43671875 0.0609375 0.0203125
19 0.30546875 0.74453125 0.0609375 0.0203125