0 0.62578125 0.315625 0.02265625 0.01796875
0 0.5578125 0.07265625 0.06171875 0.0140625
19 0.6078125 0.30546875 0.0203125 0.0609375
19 0.475 0.30546875 0.0203125 0.0609375
0 0.4484375 0.31640625 0.02265625 0.01796875
19 0.51953125 0.3046875 0.0203125 0.0609375
18 0.28828125 0.184375 0.0109375 0.040625
0 0.49375 0.31640625 0.02265625 0.01796875
0 0.31640625 0.31640625 0.02265625 0.01796875
0 0.2984375 0.19453125 0.0140625 0.01640625
0 0.58125 0.31640625 0.02265625 0.01796875
19 0.43125 0.3046875 0.0203125 0.0609375
19 0.21171875 0.30625 0.0203125 0.0609375
0 0.27265625 0.31640625 0.02265625 0.01796875
0 0.228125 0.31640625 0.02265625 0.01796875
19 0.38671875 0.30390625 0.0203125 0.0609375
0 0.53671875 0.31640625 0.02265625 0.01796875
19 0.34296875 0.30390625 0.0203125 0.0609375
0 0.40546875 0.3171875 0.02265625 0.01796875
19 0.29921875 0.3046875 0.0203125 0.0609375
0 0.3609375 0.3171875 0.02265625 0.01796875
19 0.56328125 0.30390625 0.0203125 0.0609375
19 0.25546875 0.30546875 0.0203125 0.0609375