19 0.56171875 0.61015625 0.025 0.0484375
0 0.790625 0.5953125 0.0453125 0.028125
19 0.371875 0.6046875 0.025 0.040625
28 0.5609375 0.53046875 0.028125 0.053125
0 0.409375 0.59765625 0.0453125 0.028125
0 0.6 0.596875 0.0453125 0.028125
19 0.465625 0.60546875 0.025 0.0375
28 0.465625 0.52890625 0.028125 0.053125
28 0.36953125 0.5296875 0.028125 0.053125
19 0.753125 0.61015625 0.025 0.0484375
28 0.7515625 0.5296875 0.028125 0.053125
19 0.6578125 0.6109375 0.025 0.0484375
0 0.69453125 0.51640625 0.05 0.05625
28 0.65703125 0.53046875 0.028125 0.053125
0 0.82890625 0.9171875 0.03125 0.015625
0 0.790625 0.51484375 0.05 0.05625
0 0.69609375 0.59609375 0.0453125 0.028125
0 0.59921875 0.515625 0.05 0.05625
0 0.40703125 0.5140625 0.05 0.05625
0 0.503125 0.515625 0.05 0.05625
0 0.50546875 0.596875 0.0453125 0.028125