19 0.61015625 0.43828125 0.0484375 0.025
0 0.5953125 0.209375 0.028125 0.0453125
19 0.6046875 0.628125 0.040625 0.025
28 0.53046875 0.4390625 0.053125 0.028125
0 0.59765625 0.590625 0.028125 0.0453125
0 0.596875 0.4 0.028125 0.0453125
19 0.60546875 0.534375 0.0375 0.025
28 0.52890625 0.534375 0.053125 0.028125
28 0.5296875 0.63046875 0.053125 0.028125
19 0.61015625 0.246875 0.0484375 0.025
28 0.5296875 0.2484375 0.053125 0.028125
19 0.6109375 0.3421875 0.0484375 0.025
0 0.51640625 0.30546875 0.05625 0.05
28 0.53046875 0.34296875 0.053125 0.028125
0 0.9171875 0.17109375 0.015625 0.03125
0 0.51484375 0.209375 0.05625 0.05
0 0.59609375 0.30390625 0.028125 0.0453125
0 0.515625 0.40078125 0.05625 0.05
0 0.5140625 0.59296875 0.05625 0.05
0 0.515625 0.496875 0.05625 0.05
0 0.596875 0.49453125 0.028125 0.0453125