19 0.38984375 0.56171875 0.0484375 0.02421875
0 0.4046875 0.790625 0.02734375 0.0453125
19 0.3953125 0.371875 0.04140625 0.02421875
28 0.46953125 0.5609375 0.05234375 0.02734375
0 0.40234375 0.409375 0.02734375 0.0453125
0 0.403125 0.6 0.02734375 0.0453125
19 0.39453125 0.465625 0.0375 0.02421875
28 0.47109375 0.465625 0.05234375 0.02734375
28 0.4703125 0.36953125 0.05234375 0.02734375
19 0.38984375 0.753125 0.0484375 0.02421875
28 0.4703125 0.7515625 0.05234375 0.02734375
19 0.3890625 0.6578125 0.0484375 0.02421875
0 0.48359375 0.69453125 0.05625 0.04921875
28 0.46953125 0.65703125 0.05234375 0.02734375
0 0.0828125 0.82890625 0.01484375 0.03125
0 0.48515625 0.790625 0.05625 0.04921875
0 0.40390625 0.69609375 0.02734375 0.0453125
0 0.484375 0.59921875 0.05625 0.04921875
0 0.4859375 0.40703125 0.05625 0.04921875
0 0.484375 0.503125 0.05625 0.04921875
0 0.403125 0.50546875 0.02734375 0.0453125