0 0.6171875 0.6984375 0.0203125 0.015625
0 0.50546875 0.67109375 0.0125 0.028125
0 0.8328125 0.77734375 0.03125 0.0296875
0 0.58046875 0.6984375 0.0203125 0.015625
0 0.47734375 0.65546875 0.0109375 0.028125
19 0.3828125 0.71171875 0.021875 0.028125
19 0.4203125 0.7109375 0.021875 0.028125
19 0.45625 0.71328125 0.0203125 0.0296875
18 0.809375 0.78828125 0.0125 0.015625
19 0.46328125 0.68125 0.021875 0.0328125
19 0.50078125 0.7125 0.021875 0.0328125
18 0.096875 0.71875 0.00625 0.0171875
18 0.13359375 0.71953125 0.00625 0.0171875
18 0.20625 0.7203125 0.00625 0.0171875
18 0.278125 0.71875 0.00625 0.0171875
18 0.315625 0.71953125 0.00625 0.0171875
18 0.35234375 0.71953125 0.00625 0.0171875
0 0.54375 0.69765625 0.0203125 0.015625
0 0.79921875 0.69765625 0.0203125 0.015625
18 0.53515625 0.71953125 0.00625 0.0171875
0 0.3234375 0.696875 0.01875 0.0171875
18 0.57265625 0.71953125 0.00625 0.0171875
0 0.1796875 0.68203125 0.0203125 0.028125
0 0.6734375 0.7859375 0.1 0.009375
18 0.609375 0.71875 0.00625 0.0171875
0 0.7765625 0.77265625 0.03125 0.021875
0 0.47578125 0.70390625 0.015625 0.028125
18 0.6453125 0.71953125 0.00625 0.0171875
28 0.80703125 0.76796875 0.009375 0.01875
18 0.6828125 0.71875 0.00625 0.0171875
18 0.7171875 0.71875 0.00625 0.0171875
18 0.75546875 0.71953125 0.00625 0.0171875
0 0.65390625 0.6984375 0.0203125 0.015625
19 0.23828125 0.71171875 0.021875 0.028125
0 0.728125 0.6984375 0.0203125 0.015625
0 0.39921875 0.68125 0.021875 0.0296875
0 0.36015625 0.69765625 0.01875 0.0171875
0 0.83671875 0.6984375 0.0203125 0.015625
0 0.253125 0.68515625 0.0203125 0.0375
18 0.79140625 0.71953125 0.00625 0.0171875
0 0.7640625 0.69765625 0.0203125 0.015625
0 0.2140625 0.69765625 0.01875 0.0171875
0 0.140625 0.696875 0.01875 0.0171875
0 0.10390625 0.69765625 0.01875 0.0171875
19 0.1640625 0.71171875 0.021875 0.028125
18 0.828125 0.7203125 0.00625 0.0171875
0 0.28671875 0.6984375 0.01875 0.0171875
0 0.690625 0.6984375 0.0203125 0.015625
0 0.4359375 0.68203125 0.021875 0.0296875