0 0.3015625 0.6171875 0.015625 0.0203125
0 0.32890625 0.50546875 0.028125 0.0125
0 0.22265625 0.8328125 0.0296875 0.03125
0 0.3015625 0.58046875 0.015625 0.0203125
0 0.34453125 0.47734375 0.028125 0.0109375
19 0.28828125 0.3828125 0.028125 0.021875
19 0.2890625 0.4203125 0.028125 0.021875
19 0.28671875 0.45625 0.0296875 0.0203125
18 0.21171875 0.809375 0.015625 0.0125
19 0.31875 0.46328125 0.0328125 0.021875
19 0.2875 0.50078125 0.0328125 0.021875
18 0.28125 0.096875 0.0171875 0.00625
18 0.28046875 0.13359375 0.0171875 0.00625
18 0.2796875 0.20625 0.0171875 0.00625
18 0.28125 0.278125 0.0171875 0.00625
18 0.28046875 0.315625 0.0171875 0.00625
18 0.28046875 0.35234375 0.0171875 0.00625
0 0.30234375 0.54375 0.015625 0.0203125
0 0.30234375 0.79921875 0.015625 0.0203125
18 0.28046875 0.53515625 0.0171875 0.00625
0 0.303125 0.3234375 0.0171875 0.01875
18 0.28046875 0.57265625 0.0171875 0.00625
0 0.31796875 0.1796875 0.028125 0.0203125
0 0.2140625 0.6734375 0.009375 0.1
18 0.28125 0.609375 0.0171875 0.00625
0 0.22734375 0.7765625 0.021875 0.03125
0 0.29609375 0.47578125 0.028125 0.015625
18 0.28046875 0.6453125 0.0171875 0.00625
28 0.23203125 0.80703125 0.01875 0.009375
18 0.28125 0.6828125 0.0171875 0.00625
18 0.28125 0.7171875 0.0171875 0.00625
18 0.28046875 0.75546875 0.0171875 0.00625
0 0.3015625 0.65390625 0.015625 0.0203125
19 0.28828125 0.23828125 0.028125 0.021875
0 0.3015625 0.728125 0.015625 0.0203125
0 0.31875 0.39921875 0.0296875 0.021875
0 0.30234375 0.36015625 0.0171875 0.01875
0 0.3015625 0.83671875 0.015625 0.0203125
0 0.31484375 0.253125 0.0375 0.0203125
18 0.28046875 0.79140625 0.0171875 0.00625
0 0.30234375 0.7640625 0.015625 0.0203125
0 0.30234375 0.2140625 0.0171875 0.01875
0 0.303125 0.140625 0.0171875 0.01875
0 0.30234375 0.10390625 0.0171875 0.01875
19 0.28828125 0.1640625 0.028125 0.021875
18 0.2796875 0.828125 0.0171875 0.00625
0 0.3015625 0.28671875 0.0171875 0.01875
0 0.3015625 0.690625 0.015625 0.0203125
0 0.31796875 0.4359375 0.0296875 0.021875