0 0.3828125 0.3015625 0.0203125 0.015625
0 0.49453125 0.32890625 0.01171875 0.02890625
0 0.1671875 0.22265625 0.03046875 0.0296875
0 0.41953125 0.3015625 0.0203125 0.015625
0 0.52265625 0.34453125 0.0109375 0.02890625
19 0.6171875 0.28828125 0.021875 0.02734375
19 0.5796875 0.2890625 0.021875 0.02734375
19 0.54375 0.28671875 0.0203125 0.0296875
18 0.190625 0.21171875 0.01171875 0.015625
19 0.53671875 0.31875 0.021875 0.0328125
19 0.49921875 0.2875 0.021875 0.0328125
18 0.903125 0.28125 0.00703125 0.0171875
18 0.86640625 0.28046875 0.00703125 0.0171875
18 0.79375 0.2796875 0.00703125 0.0171875
18 0.721875 0.28125 0.00703125 0.0171875
18 0.684375 0.28046875 0.00703125 0.0171875
18 0.64765625 0.28046875 0.00703125 0.0171875
0 0.45625 0.30234375 0.0203125 0.015625
0 0.20078125 0.30234375 0.0203125 0.015625
18 0.46484375 0.28046875 0.00703125 0.0171875
0 0.6765625 0.303125 0.01796875 0.0171875
18 0.42734375 0.28046875 0.00703125 0.0171875
0 0.8203125 0.31796875 0.0203125 0.02890625
0 0.3265625 0.2140625 0.1 0.01015625
18 0.390625 0.28125 0.00703125 0.0171875
0 0.2234375 0.22734375 0.03203125 0.02109375
0 0.52421875 0.29609375 0.015625 0.02734375
18 0.3546875 0.28046875 0.00703125 0.0171875
28 0.19296875 0.23203125 0.01015625 0.01796875
18 0.3171875 0.28125 0.00703125 0.0171875
18 0.2828125 0.28125 0.00703125 0.0171875
18 0.24453125 0.28046875 0.00703125 0.0171875
0 0.34609375 0.3015625 0.0203125 0.015625
19 0.76171875 0.28828125 0.021875 0.02734375
0 0.271875 0.3015625 0.0203125 0.015625
0 0.60078125 0.31875 0.021875 0.0296875
0 0.63984375 0.30234375 0.01796875 0.0171875
0 0.16328125 0.3015625 0.0203125 0.015625
0 0.746875 0.31484375 0.0203125 0.03671875
18 0.20859375 0.28046875 0.00703125 0.0171875
0 0.2359375 0.30234375 0.0203125 0.015625
0 0.7859375 0.30234375 0.01796875 0.0171875
0 0.859375 0.303125 0.01796875 0.0171875
0 0.89609375 0.30234375 0.01796875 0.0171875
19 0.8359375 0.28828125 0.021875 0.02734375
18 0.171875 0.2796875 0.00703125 0.0171875
0 0.71328125 0.3015625 0.01796875 0.0171875
0 0.309375 0.3015625 0.0203125 0.015625
0 0.5640625 0.31796875 0.021875 0.0296875