18 0.41640625 0.3 0.0296875 0.0453125
18 0.609375 0.29921875 0.0296875 0.0453125
18 0.31875 0.29765625 0.0296875 0.0453125
0 0.765625 0.29140625 0.0375 0.03671875
0 0.48125 0.28984375 0.0375 0.03671875
18 0.51015625 0.2984375 0.0296875 0.0453125
0 0.58125 0.21328125 0.03671875 0.034375
18 0.6125 0.1703125 0.03515625 0.11796875
18 0.8046875 0.29921875 0.0296875 0.0453125
18 0.70703125 0.2984375 0.0296875 0.0453125
0 0.28515625 0.28984375 0.0375 0.03671875
0 0.67734375 0.290625 0.0375 0.03671875
0 0.578125 0.28984375 0.0375 0.03671875
0 0.38046875 0.28984375 0.0375 0.03671875