18 0.7 0.41640625 0.0453125 0.0296875
18 0.70078125 0.609375 0.0453125 0.0296875
18 0.70234375 0.31875 0.0453125 0.0296875
0 0.70859375 0.765625 0.0375 0.0375
0 0.71015625 0.48125 0.0375 0.0375
18 0.7015625 0.51015625 0.0453125 0.0296875
0 0.78671875 0.58125 0.034375 0.0375
18 0.8296875 0.6125 0.11875 0.0359375
18 0.70078125 0.8046875 0.0453125 0.0296875
18 0.7015625 0.70703125 0.0453125 0.0296875
0 0.71015625 0.28515625 0.0375 0.0375
0 0.709375 0.67734375 0.0375 0.0375
0 0.71015625 0.578125 0.0375 0.0375
0 0.71015625 0.38046875 0.0375 0.0375