18 0.3 0.58359375 0.0453125 0.0296875
18 0.29921875 0.390625 0.0453125 0.0296875
18 0.29765625 0.68125 0.0453125 0.0296875
0 0.29140625 0.234375 0.0375 0.0375
0 0.28984375 0.51875 0.0375 0.0375
18 0.2984375 0.48984375 0.0453125 0.0296875
0 0.21328125 0.41875 0.034375 0.0375
18 0.1703125 0.3875 0.11875 0.034375
18 0.29921875 0.1953125 0.0453125 0.0296875
18 0.2984375 0.29296875 0.0453125 0.0296875
0 0.28984375 0.71484375 0.0375 0.0375
0 0.290625 0.32265625 0.0375 0.0375
0 0.28984375 0.421875 0.0375 0.0375
0 0.28984375 0.61953125 0.0375 0.0375