0 0.28984375 0.26875 0.034375 0.0265625
0 0.28984375 0.12421875 0.034375 0.0265625
0 0.04453125 0.24921875 0.025 0.03125
19 0.30703125 0.4390625 0.059375 0.03125
18 0.1703125 0.5375 0.1171875 0.01875
0 0.290625 0.07265625 0.034375 0.01875
0 0.290625 0.6546875 0.034375 0.0265625
0 0.28984375 0.703125 0.034375 0.0265625
18 0.296875 0.05546875 0.0484375 0.015625
19 0.309375 0.68125 0.059375 0.03125
19 0.309375 0.390625 0.059375 0.03125
19 0.309375 0.3421875 0.059375 0.03125
0 0.28984375 0.365625 0.034375 0.0265625
19 0.309375 0.58359375 0.059375 0.03125
0 0.28984375 0.22109375 0.034375 0.0265625
19 0.309375 0.6328125 0.059375 0.03125
0 0.21484375 0.55390625 0.034375 0.01875
0 0.290625 0.41484375 0.034375 0.0265625
0 0.290625 0.17421875 0.034375 0.0265625
19 0.30859375 0.5359375 0.059375 0.03125
0 0.29140625 0.55859375 0.034375 0.0265625
0 0.290625 0.60703125 0.034375 0.0265625
19 0.309375 0.24609375 0.059375 0.03125
0 0.28984375 0.51015625 0.034375 0.0265625
19 0.30859375 0.48671875 0.059375 0.03125
19 0.309375 0.14921875 0.059375 0.03125
19 0.30859375 0.10078125 0.059375 0.03125
0 0.2890625 0.31796875 0.034375 0.0265625
19 0.30859375 0.2953125 0.059375 0.03125
0 0.28984375 0.4625 0.034375 0.0265625
19 0.30546875 0.2046875 0.053125 0.01875