0 0.57265625 0.25390625 0.021875 0.00625
18 0.575 0.20078125 0.0125 0.00625
18 0.57421875 0.17109375 0.0125 0.00625
0 0.571875 0.1640625 0.021875 0.00625
0 0.57265625 0.55078125 0.021875 0.00625
18 0.575 0.409375 0.0125 0.00625
18 0.57421875 0.4390625 0.0125 0.00625
18 0.575 0.14140625 0.0125 0.00625
18 0.659375 0.11171875 0.0140625 0.00625
18 0.57421875 0.46875 0.0125 0.00625
18 0.57421875 0.4984375 0.0125 0.00625
18 0.575 0.528125 0.0125 0.00625
0 0.57265625 0.37265625 0.021875 0.00625
18 0.57421875 0.5578125 0.0125 0.00625
18 0.575 0.5875 0.0125 0.00625
0 0.57265625 0.4328125 0.021875 0.00625
18 0.575 0.6171875 0.0125 0.00625
18 0.575 0.646875 0.0125 0.00625
18 0.57421875 0.7359375 0.0125 0.00625
0 0.571875 0.63984375 0.021875 0.00625
18 0.57421875 0.76640625 0.0125 0.00625
18 0.575 0.79609375 0.0125 0.00625
0 0.571875 0.22421875 0.021875 0.00625
0 0.57265625 0.58046875 0.021875 0.00625
0 0.57265625 0.61015625 0.021875 0.00625
0 0.571875 0.490625 0.021875 0.00625
0 0.61796875 0.13984375 0.009375 0.03125
0 0.57265625 0.7296875 0.021875 0.00625
0 0.571875 0.3421875 0.021875 0.00625
0 0.57265625 0.52109375 0.021875 0.00625
0 0.571875 0.19375 0.021875 0.00625
0 0.6640625 0.1046875 0.0234375 0.00625
0 0.57265625 0.7890625 0.021875 0.00625
0 0.57265625 0.4609375 0.021875 0.00625
0 0.571875 0.759375 0.021875 0.00625
0 0.57265625 0.403125 0.021875 0.00625
0 0.571875 0.28359375 0.021875 0.00625
0 0.57265625 0.31328125 0.021875 0.00625
9 0.57421875 0.68125 0.0203125 0.0140625
18 0.575 0.290625 0.0125 0.00625
0 0.57265625 0.66796875 0.021875 0.0125
18 0.575 0.31953125 0.0125 0.00625
0 0.57265625 0.13515625 0.021875 0.00625
18 0.5734375 0.34921875 0.0125 0.00625
18 0.57421875 0.26015625 0.0125 0.00625
18 0.57421875 0.3796875 0.0125 0.00625
18 0.57421875 0.23125 0.0125 0.00625