0 0.25390625 0.42734375 0.00625 0.021875
18 0.20078125 0.425 0.00546875 0.01328125
18 0.17109375 0.42578125 0.00546875 0.01328125
0 0.1640625 0.428125 0.00625 0.021875
0 0.55078125 0.42734375 0.00625 0.021875
18 0.409375 0.425 0.00546875 0.01328125
18 0.4390625 0.42578125 0.00546875 0.01328125
18 0.14140625 0.425 0.00546875 0.01328125
18 0.11171875 0.340625 0.00546875 0.0140625
18 0.46875 0.42578125 0.00546875 0.01328125
18 0.4984375 0.42578125 0.00546875 0.01328125
18 0.528125 0.425 0.00546875 0.01328125
0 0.37265625 0.42734375 0.00625 0.021875
18 0.5578125 0.42578125 0.00546875 0.01328125
18 0.5875 0.425 0.00546875 0.01328125
0 0.4328125 0.42734375 0.00625 0.021875
18 0.6171875 0.425 0.00546875 0.01328125
18 0.646875 0.425 0.00546875 0.01328125
18 0.7359375 0.42578125 0.00546875 0.01328125
0 0.63984375 0.428125 0.00625 0.021875
18 0.76640625 0.42578125 0.00546875 0.01328125
18 0.79609375 0.425 0.00546875 0.01328125
0 0.22421875 0.428125 0.00625 0.021875
0 0.58046875 0.42734375 0.00625 0.021875
0 0.61015625 0.42734375 0.00625 0.021875
0 0.490625 0.428125 0.00625 0.021875
0 0.13984375 0.38203125 0.03125 0.009375
0 0.7296875 0.42734375 0.00625 0.021875
0 0.3421875 0.428125 0.00625 0.021875
0 0.52109375 0.42734375 0.00625 0.021875
0 0.19375 0.428125 0.00625 0.021875
0 0.1046875 0.3359375 0.00625 0.0234375
0 0.7890625 0.42734375 0.00625 0.021875
0 0.4609375 0.42734375 0.00625 0.021875
0 0.759375 0.428125 0.00625 0.021875
0 0.403125 0.42734375 0.00625 0.021875
0 0.28359375 0.428125 0.00625 0.021875
0 0.31328125 0.42734375 0.00625 0.021875
9 0.68125 0.42578125 0.0140625 0.0203125
18 0.290625 0.425 0.00546875 0.01328125
0 0.66796875 0.42734375 0.0125 0.021875
18 0.31953125 0.425 0.00546875 0.01328125
0 0.13515625 0.42734375 0.00625 0.021875
18 0.34921875 0.4265625 0.00546875 0.01328125
18 0.26015625 0.42578125 0.00546875 0.01328125
18 0.3796875 0.42578125 0.00546875 0.01328125
18 0.23125 0.42578125 0.00546875 0.01328125