0 0.56640625 0.35546875 0.01171875 0.04453125
0 0.27890625 0.271875 0.034375 0.034375
0 0.3296875 0.3546875 0.01171875 0.04453125
0 0.21015625 0.2453125 0.02265625 0.0609375
0 0.2703125 0.35390625 0.01171875 0.04453125
0 0.4484375 0.353125 0.01171875 0.04453125
18 0.58046875 0.3515625 0.0109375 0.025
18 0.521875 0.35078125 0.0109375 0.025
18 0.46171875 0.35 0.0109375 0.025
18 0.4015625 0.35078125 0.0109375 0.025
18 0.34296875 0.35078125 0.0109375 0.025
18 0.2828125 0.35078125 0.0109375 0.025
18 0.22421875 0.1828125 0.01171875 0.0296875
28 0.228125 0.25546875 0.01640625 0.03046875
0 0.3890625 0.35625 0.01171875 0.04453125
0 0.5078125 0.3546875 0.01171875 0.04453125
0 0.21015625 0.17109375 0.01171875 0.046875