0 0.43359375 0.64453125 0.0125 0.04375
0 0.72109375 0.728125 0.034375 0.034375
0 0.6703125 0.6453125 0.0125 0.04375
0 0.78984375 0.7546875 0.021875 0.0609375
0 0.7296875 0.64609375 0.0125 0.04375
0 0.5515625 0.646875 0.0125 0.04375
18 0.41953125 0.6484375 0.0109375 0.025
18 0.478125 0.64921875 0.0109375 0.025
18 0.53828125 0.65 0.0109375 0.025
18 0.5984375 0.64921875 0.0109375 0.025
18 0.65703125 0.64921875 0.0109375 0.025
18 0.7171875 0.64921875 0.0109375 0.025
18 0.77578125 0.8171875 0.0125 0.0296875
28 0.771875 0.74453125 0.015625 0.03125
0 0.6109375 0.64375 0.0125 0.04375
0 0.4921875 0.6453125 0.0125 0.04375
0 0.78984375 0.82890625 0.0125 0.046875