0 0.64453125 0.56640625 0.04375 0.0125
0 0.728125 0.27890625 0.034375 0.034375
0 0.6453125 0.3296875 0.04375 0.0125
0 0.7546875 0.21015625 0.0609375 0.021875
0 0.64609375 0.2703125 0.04375 0.0125
0 0.646875 0.4484375 0.04375 0.0125
18 0.6484375 0.58046875 0.025 0.0109375
18 0.64921875 0.521875 0.025 0.0109375
18 0.65 0.46171875 0.025 0.0109375
18 0.64921875 0.4015625 0.025 0.0109375
18 0.64921875 0.34296875 0.025 0.0109375
18 0.64921875 0.2828125 0.025 0.0109375
18 0.8171875 0.22421875 0.0296875 0.0125
28 0.74453125 0.228125 0.03125 0.015625
0 0.64375 0.3890625 0.04375 0.0125
0 0.6453125 0.5078125 0.04375 0.0125
0 0.82890625 0.21015625 0.046875 0.0125