21 0.1640625 0.078125 0.0140625 0.034375
0 0.49609375 0.2609375 0.025 0.084375
0 0.378125 0.26015625 0.025 0.084375
18 0.6265625 0.23203125 0.0140625 0.0296875
0 0.19921875 0.259375 0.025 0.084375
0 0.25859375 0.259375 0.025 0.084375
18 0.56796875 0.23359375 0.0140625 0.0296875
0 0.4375 0.26171875 0.025 0.084375
0 0.615625 0.26015625 0.025 0.084375
0 0.0859375 0.171875 0.03125 0.025
0 0.55625 0.2609375 0.025 0.084375
0 0.31796875 0.259375 0.025 0.084375
18 0.50859375 0.2328125 0.0140625 0.0296875
0 0.1515625 0.09921875 0.0265625 0.046875
18 0.4484375 0.23203125 0.0140625 0.0296875
18 0.38828125 0.234375 0.0140625 0.0296875
18 0.33046875 0.23203125 0.0140625 0.0296875
18 0.2703125 0.23203125 0.0140625 0.0296875
18 0.21171875 0.23203125 0.0140625 0.0296875