21 0.078125 0.8359375 0.034375 0.0140625
0 0.2609375 0.50390625 0.084375 0.025
0 0.26015625 0.621875 0.084375 0.025
18 0.23203125 0.3734375 0.0296875 0.0140625
0 0.259375 0.80078125 0.084375 0.025
0 0.259375 0.74140625 0.084375 0.025
18 0.23359375 0.43203125 0.0296875 0.0140625
0 0.26171875 0.5625 0.084375 0.025
0 0.26015625 0.384375 0.084375 0.025
0 0.171875 0.9140625 0.025 0.03125
0 0.2609375 0.44375 0.084375 0.025
0 0.259375 0.68203125 0.084375 0.025
18 0.2328125 0.49140625 0.0296875 0.0140625
0 0.09921875 0.8484375 0.046875 0.0265625
18 0.23203125 0.5515625 0.0296875 0.0140625
18 0.234375 0.61171875 0.0296875 0.0140625
18 0.23203125 0.66953125 0.0296875 0.0140625
18 0.23203125 0.7296875 0.0296875 0.0140625
18 0.23203125 0.78828125 0.0296875 0.0140625