21 0.921875 0.1640625 0.034375 0.0140625
18 0.7671875 0.74765625 0.0296875 0.0140625
18 0.76640625 0.68828125 0.0296875 0.0140625
0 0.740625 0.25859375 0.084375 0.025
0 0.740625 0.55625 0.084375 0.025
0 0.82890625 0.08515625 0.0234375 0.034375
0 0.740625 0.3765625 0.084375 0.025
18 0.76640625 0.5078125 0.0296875 0.0140625
0 0.7390625 0.67578125 0.084375 0.025
18 0.7671875 0.4484375 0.0296875 0.0140625
0 0.740625 0.43671875 0.084375 0.025
0 0.7390625 0.615625 0.084375 0.025
18 0.76640625 0.62734375 0.0296875 0.0140625
18 0.76796875 0.38984375 0.0296875 0.0140625
18 0.7671875 0.56875 0.0296875 0.0140625
18 0.7671875 0.33046875 0.0296875 0.0140625
18 0.7671875 0.27109375 0.0296875 0.0140625
0 0.73984375 0.73515625 0.084375 0.025
0 0.740625 0.496875 0.084375 0.025
0 0.7390625 0.19921875 0.084375 0.025
18 0.76640625 0.21171875 0.0296875 0.0140625
0 0.740625 0.31796875 0.084375 0.025
0 0.9 0.1515625 0.0375 0.0265625