21 0.078125 0.8359375 0.034375 0.0140625
18 0.2328125 0.25234375 0.0296875 0.0140625
18 0.23359375 0.31171875 0.0296875 0.0140625
0 0.259375 0.74140625 0.084375 0.025
0 0.259375 0.44375 0.084375 0.025
0 0.17109375 0.91484375 0.0234375 0.034375
0 0.259375 0.6234375 0.084375 0.025
18 0.23359375 0.4921875 0.0296875 0.0140625
0 0.2609375 0.32421875 0.084375 0.025
18 0.2328125 0.5515625 0.0296875 0.0140625
0 0.259375 0.56328125 0.084375 0.025
0 0.2609375 0.384375 0.084375 0.025
18 0.23359375 0.37265625 0.0296875 0.0140625
18 0.23203125 0.61015625 0.0296875 0.0140625
18 0.2328125 0.43125 0.0296875 0.0140625
18 0.2328125 0.66953125 0.0296875 0.0140625
18 0.2328125 0.72890625 0.0296875 0.0140625
0 0.26015625 0.26484375 0.084375 0.025
0 0.259375 0.503125 0.084375 0.025
0 0.2609375 0.80078125 0.084375 0.025
18 0.23359375 0.78828125 0.0296875 0.0140625
0 0.259375 0.68203125 0.084375 0.025
0 0.1 0.8484375 0.0375 0.0265625