21 0.1640625 0.078125 0.0140625 0.03359375
18 0.74765625 0.2328125 0.0140625 0.0296875
18 0.68828125 0.23359375 0.0140625 0.0296875
0 0.25859375 0.259375 0.025 0.08515625
0 0.55625 0.259375 0.025 0.08515625
0 0.08515625 0.17109375 0.03359375 0.0234375
0 0.3765625 0.259375 0.025 0.08515625
18 0.5078125 0.23359375 0.0140625 0.0296875
0 0.67578125 0.2609375 0.025 0.08515625
18 0.4484375 0.2328125 0.0140625 0.0296875
0 0.43671875 0.259375 0.025 0.08515625
0 0.615625 0.2609375 0.025 0.08515625
18 0.62734375 0.23359375 0.0140625 0.0296875
18 0.38984375 0.23203125 0.0140625 0.0296875
18 0.56875 0.2328125 0.0140625 0.0296875
18 0.33046875 0.2328125 0.0140625 0.0296875
18 0.27109375 0.2328125 0.0140625 0.0296875
0 0.73515625 0.26015625 0.025 0.08515625
0 0.496875 0.259375 0.025 0.08515625
0 0.19921875 0.2609375 0.025 0.08515625
18 0.21171875 0.23359375 0.0140625 0.0296875
0 0.31796875 0.259375 0.025 0.08515625
0 0.1515625 0.1 0.0265625 0.0375