18 0.1640625 0.46640625 0.0296875 0.01171875
18 0.1640625 0.57578125 0.0296875 0.01171875
21 0.075 0.46640625 0.03046875 0.01328125
18 0.16328125 0.396875 0.0296875 0.01171875
0 0.04375 0.61171875 0.01640625 0.0671875
0 0.06953125 0.4515625 0.0390625 0.02265625
0 0.16015625 0.55703125 0.0390625 0.02265625
0 0.08984375 0.2546875 0.0140625 0.0296875
0 0.16015625 0.4484375 0.0390625 0.02265625
0 0.16015625 0.37890625 0.0390625 0.02265625
18 0.1640625 0.21640625 0.0296875 0.01171875
9 0.090625 0.23203125 0.01953125 0.0171875
0 0.16015625 0.19921875 0.0390625 0.02265625
0 0.16015625 0.23515625 0.0390625 0.02265625
18 0.16484375 0.2515625 0.0296875 0.01171875