18 0.8359375 0.53359375 0.0296875 0.0125
18 0.8359375 0.42421875 0.0296875 0.0125
21 0.925 0.53359375 0.03125 0.0125
18 0.83671875 0.603125 0.0296875 0.0125
0 0.95625 0.38828125 0.015625 0.0671875
0 0.93046875 0.5484375 0.0390625 0.021875
0 0.83984375 0.44296875 0.0390625 0.021875
0 0.91015625 0.7453125 0.0140625 0.0296875
0 0.83984375 0.5515625 0.0390625 0.021875
0 0.83984375 0.62109375 0.0390625 0.021875
18 0.8359375 0.78359375 0.0296875 0.0125
9 0.909375 0.76796875 0.01875 0.0171875
0 0.83984375 0.80078125 0.0390625 0.021875
0 0.83984375 0.76484375 0.0390625 0.021875
18 0.83515625 0.7484375 0.0296875 0.0125