18 0.1640625 0.39375 0.028125 0.0125
9 0.08984375 0.23203125 0.01875 0.015625
0 0.08984375 0.2546875 0.0125 0.028125
0 0.159375 0.3765625 0.0390625 0.021875
0 0.159375 0.4484375 0.0390625 0.021875
18 0.16484375 0.60859375 0.028125 0.0125
18 0.16328125 0.503125 0.028125 0.0125
0 0.06796875 0.45078125 0.0390625 0.021875
18 0.16484375 0.46640625 0.028125 0.0125
18 0.16640625 0.2515625 0.028125 0.0125
18 0.16328125 0.18203125 0.028125 0.0125
18 0.16484375 0.21640625 0.028125 0.0140625
21 0.075 0.46640625 0.028125 0.0125
0 0.0421875 0.61171875 0.015625 0.065625
0 0.16015625 0.590625 0.0390625 0.021875
0 0.159375 0.1984375 0.0390625 0.021875
0 0.1609375 0.23359375 0.0390625 0.021875
0 0.15859375 0.48515625 0.0390625 0.021875
0 0.15859375 0.16328125 0.0390625 0.021875