18 0.60625 0.1640625 0.0125 0.028125
9 0.76796875 0.08984375 0.015625 0.01875
0 0.7453125 0.08984375 0.028125 0.0125
0 0.6234375 0.159375 0.021875 0.0390625
0 0.5515625 0.159375 0.021875 0.0390625
18 0.39140625 0.16484375 0.0125 0.028125
18 0.496875 0.16328125 0.0125 0.028125
0 0.54921875 0.06796875 0.021875 0.0390625
18 0.53359375 0.16484375 0.0125 0.028125
18 0.7484375 0.16640625 0.0125 0.028125
18 0.81796875 0.16328125 0.0125 0.028125
18 0.78359375 0.16484375 0.0140625 0.028125
21 0.53359375 0.075 0.0125 0.028125
0 0.38828125 0.0421875 0.065625 0.015625
0 0.409375 0.16015625 0.021875 0.0390625
0 0.8015625 0.159375 0.021875 0.0390625
0 0.76640625 0.1609375 0.021875 0.0390625
0 0.51484375 0.15859375 0.021875 0.0390625
0 0.83671875 0.15859375 0.021875 0.0390625