19 0.69453125 0.475 0.059375 0.021875
19 0.6953125 0.51875 0.059375 0.021875
19 0.69453125 0.56328125 0.059375 0.021875
19 0.69453125 0.6078125 0.059375 0.021875
0 0.928125 0.5578125 0.015625 0.065625
19 0.69453125 0.65078125 0.059375 0.021875
19 0.69453125 0.6953125 0.059375 0.021875
19 0.69453125 0.7828125 0.059375 0.021875
0 0.684375 0.22890625 0.01875 0.0234375
0 0.68359375 0.58203125 0.01875 0.0234375
0 0.684375 0.7140625 0.01875 0.0234375
18 0.6984375 0.7421875 0.05 0.009375
0 0.6828125 0.66953125 0.01875 0.0234375
0 0.684375 0.27265625 0.01875 0.0234375
0 0.68359375 0.40546875 0.01875 0.0234375
0 0.684375 0.62578125 0.01875 0.0234375
0 0.68359375 0.3171875 0.01875 0.0234375
0 0.68359375 0.44921875 0.01875 0.0234375
0 0.68515625 0.49375 0.01875 0.0234375
0 0.68359375 0.753125 0.01875 0.0125
0 0.68359375 0.8015625 0.01875 0.0234375
0 0.80546875 0.2984375 0.01875 0.015625
18 0.815625 0.28828125 0.040625 0.0125
0 0.6828125 0.5375 0.01875 0.0234375
19 0.69375 0.2125 0.059375 0.021875
19 0.6953125 0.25546875 0.059375 0.021875
19 0.69375 0.29921875 0.059375 0.021875
19 0.69453125 0.34375 0.059375 0.021875
19 0.69453125 0.3875 0.059375 0.021875
0 0.684375 0.36171875 0.01875 0.0234375
19 0.69453125 0.43203125 0.059375 0.021875