19 0.475 0.30546875 0.021875 0.05859375
19 0.51875 0.3046875 0.021875 0.05859375
19 0.56328125 0.30546875 0.021875 0.05859375
19 0.6078125 0.30546875 0.021875 0.05859375
0 0.5578125 0.071875 0.06484375 0.01484375
19 0.65078125 0.30546875 0.021875 0.05859375
19 0.6953125 0.30546875 0.021875 0.05859375
19 0.7828125 0.30546875 0.021875 0.05859375
0 0.22890625 0.315625 0.0234375 0.01796875
0 0.58203125 0.31640625 0.0234375 0.01796875
0 0.7140625 0.315625 0.0234375 0.01796875
18 0.7421875 0.3015625 0.01015625 0.05078125
0 0.66953125 0.3171875 0.0234375 0.01796875
0 0.27265625 0.315625 0.0234375 0.01796875
0 0.40546875 0.31640625 0.0234375 0.01796875
0 0.62578125 0.315625 0.0234375 0.01796875
0 0.3171875 0.31640625 0.0234375 0.01796875
0 0.44921875 0.31640625 0.0234375 0.01796875
0 0.49375 0.31484375 0.0234375 0.01796875
0 0.753125 0.31640625 0.01328125 0.01796875
0 0.8015625 0.31640625 0.0234375 0.01796875
0 0.2984375 0.19453125 0.01484375 0.01796875
18 0.28828125 0.184375 0.01171875 0.04140625
0 0.5375 0.3171875 0.0234375 0.01796875
19 0.2125 0.30625 0.021875 0.05859375
19 0.25546875 0.3046875 0.021875 0.05859375
19 0.29921875 0.30625 0.021875 0.05859375
19 0.34375 0.30546875 0.021875 0.05859375
19 0.3875 0.30546875 0.021875 0.05859375
0 0.36171875 0.315625 0.0234375 0.01796875
19 0.43203125 0.30546875 0.021875 0.05859375