18 0.16171875 0.43125 0.02734375 0.01171875
9 0.10703125 0.39140625 0.01796875 0.0171875
0 0.0421875 0.4953125 0.01796875 0.075
0 0.10703125 0.41484375 0.01328125 0.03046875
0 0.16015625 0.378125 0.0390625 0.021875
0 0.16015625 0.4484375 0.0390625 0.021875
18 0.1640625 0.3953125 0.02734375 0.01171875
0 0.159375 0.3421875 0.0390625 0.021875
0 0.16015625 0.41328125 0.0390625 0.021875
18 0.16328125 0.36015625 0.02734375 0.01171875
0 0.159375 0.48515625 0.0390625 0.021875
0 0.071875 0.3765625 0.0390625 0.021875
21 0.075 0.3953125 0.02890625 0.01328125
18 0.16484375 0.50234375 0.02734375 0.01171875
18 0.1640625 0.46640625 0.02734375 0.01171875