18 0.83828125 0.56875 0.028125 0.0125
9 0.89296875 0.60859375 0.01875 0.0171875
0 0.9578125 0.5046875 0.01875 0.075
0 0.89296875 0.58515625 0.0125 0.03125
0 0.83984375 0.621875 0.0390625 0.021875
0 0.83984375 0.5515625 0.0390625 0.021875
18 0.8359375 0.6046875 0.028125 0.0125
0 0.840625 0.6578125 0.0390625 0.021875
0 0.83984375 0.58671875 0.0390625 0.021875
18 0.83671875 0.63984375 0.028125 0.0125
0 0.840625 0.51484375 0.0390625 0.021875
0 0.928125 0.6234375 0.0390625 0.021875
21 0.925 0.6046875 0.028125 0.0125
18 0.83515625 0.49765625 0.028125 0.0125
18 0.8359375 0.53359375 0.028125 0.0125