18 0.4625 0.1625 0.0109375 0.028125
18 0.4265625 0.16328125 0.0109375 0.028125
21 0.56875 0.0734375 0.0125 0.028125
18 0.38984375 0.16328125 0.0109375 0.028125
18 0.71171875 0.16328125 0.0109375 0.028125
0 0.40625 0.15859375 0.021875 0.0390625
0 0.5515625 0.16015625 0.021875 0.0390625
0 0.51484375 0.15859375 0.021875 0.0390625
0 0.7265625 0.16015625 0.021875 0.0390625
0 0.44375 0.16015625 0.021875 0.0390625
0 0.55 0.10625 0.028125 0.0109375
18 0.5328125 0.16328125 0.0109375 0.028125
0 0.58671875 0.071875 0.021875 0.0390625
0 0.4796875 0.16015625 0.021875 0.0390625
9 0.57265625 0.10625 0.0171875 0.0171875
18 0.496875 0.16484375 0.0109375 0.028125
0 0.4609375 0.04140625 0.065625 0.015625
18 0.56953125 0.16328125 0.0109375 0.028125
0 0.5875 0.15859375 0.021875 0.0390625