18 0.1625 0.5375 0.02734375 0.0109375
18 0.16328125 0.5734375 0.02734375 0.0109375
21 0.0734375 0.43125 0.02890625 0.01328125
18 0.16328125 0.61015625 0.02734375 0.0109375
18 0.16328125 0.28828125 0.02734375 0.0109375
0 0.15859375 0.59375 0.0390625 0.021875
0 0.16015625 0.4484375 0.0390625 0.021875
0 0.15859375 0.48515625 0.0390625 0.021875
0 0.16015625 0.2734375 0.0390625 0.021875
0 0.16015625 0.55625 0.0390625 0.021875
0 0.10625 0.45 0.0109375 0.02890625
18 0.16328125 0.4671875 0.02734375 0.0109375
0 0.071875 0.41328125 0.0390625 0.021875
0 0.16015625 0.5203125 0.0390625 0.021875
9 0.10625 0.42734375 0.0171875 0.0171875
18 0.16484375 0.503125 0.02734375 0.0109375
0 0.04140625 0.5390625 0.015625 0.06640625
18 0.16328125 0.43046875 0.02734375 0.0109375
0 0.15859375 0.4125 0.0390625 0.021875