0 0.221875 0.21171875 0.02109375 0.01953125
19 0.28359375 0.2328125 0.01875 0.03125
0 0.584375 0.215625 0.02109375 0.0265625
0 0.221875 0.12578125 0.021875 0.01875
0 0.675 0.215625 0.02109375 0.0265625
0 0.7203125 0.21484375 0.02109375 0.0265625
0 0.6296875 0.215625 0.02109375 0.0265625
0 0.3125 0.215625 0.02109375 0.0265625
0 0.5390625 0.215625 0.02109375 0.0265625
18 0.23828125 0.12109375 0.0078125 0.0171875
18 0.23984375 0.225 0.01171875 0.01875
19 0.32890625 0.2328125 0.01875 0.03125
19 0.37421875 0.23203125 0.01875 0.03125
0 0.26640625 0.215625 0.02109375 0.0265625
19 0.41953125 0.2328125 0.01875 0.03125
19 0.46484375 0.23359375 0.01875 0.03125
19 0.509375 0.2328125 0.01875 0.03125
19 0.55546875 0.2328125 0.01875 0.03125
19 0.6015625 0.2328125 0.01875 0.03125
19 0.6453125 0.2328125 0.01875 0.03125
19 0.69140625 0.2328125 0.01875 0.03125
19 0.73671875 0.2328125 0.01875 0.03125
0 0.4484375 0.21484375 0.02109375 0.0265625
0 0.49375 0.215625 0.02109375 0.0265625
0 0.7484375 0.1296875 0.13125 0.01796875
0 0.40390625 0.2140625 0.02109375 0.0265625
0 0.35703125 0.21484375 0.02109375 0.0265625