0 0.60078125 0.4546875 0.0421875 0.0328125
0 0.73359375 0.303125 0.0265625 0.0765625
28 0.76484375 0.3953125 0.021875 0.015625
18 0.64140625 0.2828125 0.025 0.009375
18 0.63984375 0.378125 0.0265625 0.0109375
0 0.86328125 0.23984375 0.0171875 0.028125
18 0.6421875 0.425 0.0265625 0.0109375
18 0.640625 0.3296875 0.025 0.009375
0 0.60078125 0.40546875 0.0421875 0.0328125
0 0.81875 0.35390625 0.071875 0.0515625
0 0.60078125 0.35859375 0.0421875 0.0328125
7 0.8359375 0.41875 0.01875 0.028125
18 0.83828125 0.3921875 0.0265625 0.0125
0 0.6 0.26328125 0.0421875 0.0328125
0 0.8359375 0.41875 0.009375 0.025
0 0.6 0.309375 0.0421875 0.0328125
18 0.64140625 0.234375 0.025 0.009375