18 0.40546875 0.4 0.01796875 0.00703125
18 0.4046875 0.84296875 0.01953125 0.00703125
18 0.40625 0.81171875 0.01953125 0.00703125
19 0.40859375 0.775 0.0265625 0.01953125
0 0.44296875 0.7609375 0.0375 0.0234375
0 0.34453125 0.7984375 0.0203125 0.05
19 0.40703125 0.7421875 0.0265625 0.01953125
19 0.4078125 0.7109375 0.0265625 0.01953125
18 0.27421875 0.7390625 0.0203125 0.0078125
0 0.4328125 0.82421875 0.0296875 0.0234375
28 0.3234375 0.73671875 0.015625 0.01015625
0 0.43203125 0.5390625 0.02734375 0.02265625
0 0.4328125 0.31796875 0.02734375 0.02265625
0 0.43359375 0.3484375 0.02734375 0.02265625
0 0.44453125 0.665625 0.0375 0.0234375
0 0.43359375 0.79296875 0.0296875 0.0234375
0 0.43359375 0.60234375 0.02734375 0.02265625
18 0.40390625 0.49453125 0.01796875 0.00703125
0 0.44375 0.44296875 0.0375 0.0234375
0 0.2734375 0.75859375 0.01953125 0.03203125
0 0.44375 0.69765625 0.0375 0.0234375
0 0.26015625 0.83359375 0.01171875 0.021875
0 0.44375 0.56953125 0.0375 0.0234375
18 0.40546875 0.5578125 0.01796875 0.00703125
18 0.40546875 0.65234375 0.01796875 0.00703125
0 0.43359375 0.63359375 0.02734375 0.02265625
18 0.40546875 0.62109375 0.01796875 0.00703125
18 0.40390625 0.5265625 0.01796875 0.00703125
0 0.43359375 0.50703125 0.02734375 0.02265625
0 0.43203125 0.3796875 0.02734375 0.02265625
18 0.40546875 0.36796875 0.01796875 0.00703125
0 0.43359375 0.475 0.02734375 0.02265625
18 0.40546875 0.33515625 0.01796875 0.00703125
0 0.44453125 0.4109375 0.0375 0.0234375
19 0.40859375 0.42578125 0.0265625 0.01953125
19 0.40859375 0.45703125 0.0265625 0.01953125
0 0.44453125 0.728125 0.0375 0.0234375
19 0.40703125 0.58515625 0.0265625 0.01953125
19 0.40859375 0.67890625 0.0265625 0.01953125