18 0.59453125 0.6 0.01875 0.00625
18 0.5953125 0.15703125 0.01875 0.00625
18 0.59375 0.18828125 0.01875 0.00625
19 0.59140625 0.225 0.0265625 0.01875
0 0.55703125 0.2390625 0.0375 0.0234375
0 0.65546875 0.2015625 0.0203125 0.05
19 0.59296875 0.2578125 0.0265625 0.01875
19 0.5921875 0.2890625 0.0265625 0.01875
18 0.72578125 0.2609375 0.0203125 0.0078125
0 0.5671875 0.17578125 0.0296875 0.0234375
28 0.6765625 0.26328125 0.015625 0.009375
0 0.56796875 0.4609375 0.028125 0.021875
0 0.5671875 0.68203125 0.028125 0.021875
0 0.56640625 0.6515625 0.028125 0.021875
0 0.55546875 0.334375 0.0375 0.0234375
0 0.56640625 0.20703125 0.0296875 0.0234375
0 0.56640625 0.39765625 0.028125 0.021875
18 0.59609375 0.50546875 0.01875 0.00625
0 0.55625 0.55703125 0.0375 0.0234375
0 0.7265625 0.24140625 0.01875 0.03125
0 0.55625 0.30234375 0.0375 0.0234375
0 0.73984375 0.16640625 0.0125 0.021875
0 0.55625 0.43046875 0.0375 0.0234375
18 0.59453125 0.4421875 0.01875 0.00625
18 0.59453125 0.34765625 0.01875 0.00625
0 0.56640625 0.36640625 0.028125 0.021875
18 0.59453125 0.37890625 0.01875 0.00625
18 0.59609375 0.4734375 0.01875 0.00625
0 0.56640625 0.49296875 0.028125 0.021875
0 0.56796875 0.6203125 0.028125 0.021875
18 0.59453125 0.63203125 0.01875 0.00625
0 0.56640625 0.525 0.028125 0.021875
18 0.59453125 0.66484375 0.01875 0.00625
0 0.55546875 0.5890625 0.0375 0.0234375
19 0.59140625 0.57421875 0.0265625 0.01875
19 0.59140625 0.54296875 0.0265625 0.01875
0 0.55546875 0.271875 0.0375 0.0234375
19 0.59296875 0.41484375 0.0265625 0.01875
19 0.59140625 0.32109375 0.0265625 0.01875