0 0.13671875 0.12734375 0.015625 0.05390625
18 0.32421875 0.13515625 0.05546875 0.0140625
0 0.34375 0.4234375 0.028125 0.03671875
0 0.34453125 0.24921875 0.028125 0.03671875
0 0.34609375 0.5953125 0.028125 0.03671875
0 0.34296875 0.76953125 0.028125 0.03671875
0 0.34375 0.16171875 0.028125 0.03671875
0 0.34375 0.3359375 0.028125 0.03671875
0 0.1484375 0.66015625 0.0328125 0.04765625
17 0.14453125 0.6125 0.0484375 0.02421875
0 0.34453125 0.684375 0.028125 0.03671875
18 0.32421875 0.221875 0.05546875 0.0140625
0 0.34375 0.5109375 0.028125 0.03671875
18 0.325 0.74296875 0.05546875 0.0140625
18 0.325 0.65625 0.05546875 0.0140625
18 0.3234375 0.56875 0.05546875 0.0140625
18 0.32421875 0.4828125 0.05546875 0.0140625
18 0.3234375 0.3953125 0.05546875 0.0140625
18 0.3234375 0.3078125 0.05546875 0.0140625