0 0.86328125 0.87265625 0.015625 0.053125
18 0.67578125 0.86484375 0.05625 0.0140625
0 0.65625 0.5765625 0.028125 0.0375
0 0.65546875 0.75078125 0.028125 0.0375
0 0.65390625 0.4046875 0.028125 0.0375
0 0.65703125 0.23046875 0.028125 0.0375
0 0.65625 0.83828125 0.028125 0.0375
0 0.65625 0.6640625 0.028125 0.0375
0 0.8515625 0.33984375 0.0328125 0.0484375
17 0.85546875 0.3875 0.0484375 0.025
0 0.65546875 0.315625 0.028125 0.0375
18 0.67578125 0.778125 0.05625 0.0140625
0 0.65625 0.4890625 0.028125 0.0375
18 0.675 0.25703125 0.05625 0.0140625
18 0.675 0.34375 0.05625 0.0140625
18 0.6765625 0.43125 0.05625 0.0140625
18 0.67578125 0.5171875 0.05625 0.0140625
18 0.6765625 0.6046875 0.05625 0.0140625
18 0.6765625 0.6921875 0.05625 0.0140625