18 0.43984375 0.321875 0.015625 0.0546875
18 0.35390625 0.3234375 0.015625 0.0546875
0 0.33828125 0.14765625 0.04375 0.028125
0 0.32734375 0.34453125 0.0375 0.028125
18 0.2671875 0.32421875 0.015625 0.0546875
0 0.41171875 0.3453125 0.0375 0.028125
17 0.3875 0.146875 0.025 0.046875
19 0.87734375 0.3265625 0.03125 0.0515625
19 0.79140625 0.3265625 0.03125 0.0515625
19 0.7046875 0.328125 0.03125 0.0515625
0 0.86484375 0.13671875 0.040625 0.015625
0 0.58515625 0.34296875 0.0375 0.028125
0 0.6640625 0.34296875 0.04375 0.028125
0 0.753125 0.34375 0.04375 0.028125
0 0.5 0.34609375 0.0375 0.028125
18 0.6140625 0.32421875 0.015625 0.0546875
18 0.52734375 0.3234375 0.015625 0.0546875
0 0.23984375 0.34453125 0.0375 0.028125
0 0.8390625 0.346875 0.04375 0.028125