18 0.321875 0.56015625 0.0546875 0.015625
18 0.3234375 0.64609375 0.0546875 0.015625
0 0.14765625 0.66171875 0.028125 0.04375
0 0.34453125 0.67265625 0.028125 0.0375
18 0.32421875 0.7328125 0.0546875 0.015625
0 0.3453125 0.58828125 0.028125 0.0375
17 0.146875 0.6125 0.046875 0.025
19 0.3265625 0.12265625 0.0515625 0.03125
19 0.3265625 0.20859375 0.0515625 0.03125
19 0.328125 0.2953125 0.0515625 0.03125
0 0.13671875 0.13515625 0.015625 0.040625
0 0.34296875 0.41484375 0.028125 0.0375
0 0.34296875 0.3359375 0.028125 0.04375
0 0.34375 0.246875 0.028125 0.04375
0 0.34609375 0.5 0.028125 0.0375
18 0.32421875 0.3859375 0.0546875 0.015625
18 0.3234375 0.47265625 0.0546875 0.015625
0 0.34453125 0.76015625 0.028125 0.0375
0 0.346875 0.1609375 0.028125 0.04375