18 0.45 0.253125 0.009375 0.021875
9 0.59296875 0.2515625 0.01171875 0.02265625
18 0.5609375 0.090625 0.009375 0.0203125
0 0.5359375 0.09453125 0.02890625 0.025
18 0.3546875 0.25234375 0.009375 0.021875
18 0.40234375 0.25234375 0.009375 0.021875
18 0.49765625 0.25390625 0.009375 0.021875
18 0.6875 0.253125 0.009375 0.021875
0 0.76171875 0.2609375 0.02890625 0.025
18 0.7359375 0.25234375 0.009375 0.021875
18 0.784375 0.2515625 0.009375 0.021875
0 0.38203125 0.26015625 0.02890625 0.025
0 0.52890625 0.1671875 0.05546875 0.0703125
9 0.5 0.30859375 0.01640625 0.01171875
0 0.77109375 0.05703125 0.0859375 0.01484375
0 0.6671875 0.26015625 0.02890625 0.025
0 0.4296875 0.26171875 0.02890625 0.025
28 0.56640625 0.1640625 0.01875 0.02734375
0 0.33359375 0.259375 0.02890625 0.025
0 0.47734375 0.2609375 0.02890625 0.025
0 0.715625 0.26171875 0.02890625 0.025