18 0.746875 0.45 0.021875 0.009375
9 0.7484375 0.59296875 0.021875 0.0125
18 0.909375 0.5609375 0.0203125 0.009375
0 0.90546875 0.5359375 0.025 0.028125
18 0.74765625 0.3546875 0.021875 0.009375
18 0.74765625 0.40234375 0.021875 0.009375
18 0.74609375 0.49765625 0.021875 0.009375
18 0.746875 0.6875 0.021875 0.009375
0 0.7390625 0.76171875 0.025 0.028125
18 0.74765625 0.7359375 0.021875 0.009375
18 0.7484375 0.784375 0.021875 0.009375
0 0.73984375 0.38203125 0.025 0.028125
0 0.8328125 0.52890625 0.0703125 0.05625
9 0.69140625 0.5 0.0125 0.015625
0 0.94296875 0.77109375 0.015625 0.0859375
0 0.73984375 0.6671875 0.025 0.028125
0 0.73828125 0.4296875 0.025 0.028125
28 0.8359375 0.56640625 0.028125 0.01875
0 0.740625 0.33359375 0.025 0.028125
0 0.7390625 0.47734375 0.025 0.028125
0 0.73828125 0.715625 0.025 0.028125