19 0.6421875 0.2609375 0.0171875 0.04453125
0 0.61953125 0.2625 0.028125 0.04296875
0 0.6671875 0.26171875 0.028125 0.04296875
19 0.59453125 0.2609375 0.0171875 0.04453125
0 0.53984375 0.0875 0.03046875 0.0265625
19 0.68984375 0.2625 0.0171875 0.04453125
18 0.56171875 0.090625 0.01015625 0.02109375
28 0.56640625 0.1640625 0.01875 0.0265625
18 0.5453125 0.25234375 0.009375 0.02421875
18 0.734375 0.25234375 0.009375 0.02421875
18 0.7828125 0.25 0.009375 0.02421875
0 0.5234375 0.25390625 0.028125 0.02890625
0 0.71484375 0.25546875 0.028125 0.02890625
0 0.775 0.06328125 0.06640625 0.03125
0 0.571875 0.26171875 0.028125 0.04296875
0 0.7625 0.25546875 0.028125 0.02890625
0 0.52421875 0.16015625 0.0609375 0.0578125