0 0.29765625 0.19453125 0.01484375 0.01875
0 0.22421875 0.315625 0.01484375 0.01875
18 0.30234375 0.3015625 0.01171875 0.05
18 0.434375 0.30078125 0.01171875 0.05
18 0.2578125 0.30078125 0.01171875 0.05
0 0.44453125 0.3171875 0.01484375 0.01875
18 0.2140625 0.30078125 0.01171875 0.05
18 0.390625 0.3 0.01171875 0.05
0 0.4 0.31796875 0.01484375 0.01875
18 0.34609375 0.3 0.01171875 0.05
0 0.3125 0.3171875 0.01484375 0.01875
0 0.35625 0.3171875 0.01484375 0.01875
0 0.45078125 0.07265625 0.06015625 0.015625
18 0.28828125 0.184375 0.0109375 0.040625
0 0.26875 0.3171875 0.01484375 0.01875