0 0.70234375 0.80546875 0.015625 0.01875
0 0.77578125 0.684375 0.015625 0.01875
18 0.69765625 0.6984375 0.0125 0.05
18 0.565625 0.69921875 0.0125 0.05
18 0.7421875 0.69921875 0.0125 0.05
0 0.55546875 0.6828125 0.015625 0.01875
18 0.7859375 0.69921875 0.0125 0.05
18 0.609375 0.7 0.0125 0.05
0 0.6 0.68203125 0.015625 0.01875
18 0.65390625 0.7 0.0125 0.05
0 0.6875 0.6828125 0.015625 0.01875
0 0.64375 0.6828125 0.015625 0.01875
0 0.54921875 0.92734375 0.059375 0.015625
18 0.71171875 0.815625 0.0109375 0.040625
0 0.73125 0.6828125 0.015625 0.01875