0 0.8375 0.3625 0.021875 0.015625
0 0.321875 0.36328125 0.01875 0.015625
0 0.603125 0.36328125 0.01875 0.015625
19 0.27734375 0.32890625 0.0125 0.028125
0 0.265625 0.36328125 0.01875 0.015625
0 0.2359375 0.36328125 0.01875 0.015625
0 0.68828125 0.36640625 0.021875 0.021875
0 0.86640625 0.36328125 0.021875 0.015625
0 0.51875 0.36328125 0.01875 0.015625
0 0.54609375 0.36328125 0.01875 0.015625
19 0.30625 0.33046875 0.0125 0.028125
0 0.4625 0.3640625 0.01875 0.015625
19 0.33359375 0.33046875 0.0125 0.028125
19 0.36328125 0.33046875 0.0125 0.028125
19 0.3890625 0.33046875 0.0125 0.028125
19 0.41796875 0.33046875 0.0125 0.028125
19 0.44609375 0.32890625 0.0125 0.028125
19 0.4734375 0.33046875 0.0125 0.028125
19 0.50078125 0.33046875 0.0125 0.028125
19 0.53046875 0.33046875 0.0125 0.028125
19 0.559375 0.3296875 0.0125 0.028125
19 0.5875 0.32890625 0.0125 0.028125
19 0.61484375 0.32890625 0.0125 0.028125
18 0.64296875 0.33046875 0.009375 0.01875
18 0.66953125 0.3296875 0.009375 0.01875
18 0.6984375 0.32890625 0.009375 0.01875
18 0.725 0.33046875 0.009375 0.01875
18 0.7546875 0.3296875 0.009375 0.01875
18 0.78515625 0.33125 0.00625 0.021875
18 0.8171875 0.33125 0.009375 0.01875
21 0.31796875 0.27578125 0.00625 0.03125
18 0.878125 0.33125 0.0078125 0.021875
0 0.2296875 0.2375 0.065625 0.009375
0 0.40546875 0.3640625 0.01875 0.015625
0 0.29453125 0.3640625 0.01875 0.015625
0 0.35 0.36328125 0.01875 0.015625
0 0.74453125 0.365625 0.021875 0.021875
0 0.8078125 0.36328125 0.021875 0.015625
0 0.63203125 0.36640625 0.021875 0.021875
0 0.3421875 0.278125 0.0265625 0.01875
0 0.77421875 0.3671875 0.021875 0.021875
0 0.378125 0.3640625 0.01875 0.015625
0 0.659375 0.36640625 0.021875 0.021875
0 0.20859375 0.3625 0.0234375 0.015625
0 0.5734375 0.36328125 0.01875 0.015625
0 0.48984375 0.36328125 0.01875 0.015625
19 0.24765625 0.3296875 0.0125 0.028125
0 0.434375 0.36328125 0.01875 0.015625
0 0.71640625 0.36640625 0.021875 0.021875
18 0.21875 0.33046875 0.0078125 0.01875
18 0.85 0.3296875 0.00625 0.025