18 0.28984375 0.753125 0.0125 0.03125
18 0.2484375 0.7515625 0.0125 0.03125
19 0.584375 0.7546875 0.015625 0.040625
19 0.3296875 0.75390625 0.015625 0.040625
0 0.64609375 0.70390625 0.03125 0.025
19 0.3734375 0.7546875 0.015625 0.040625
0 0.30625 0.703125 0.03125 0.025
19 0.4140625 0.75390625 0.015625 0.040625
0 0.39140625 0.7046875 0.0296875 0.025
0 0.47578125 0.7046875 0.03125 0.025
19 0.54296875 0.7546875 0.015625 0.040625
0 0.490625 0.83203125 0.034375 0.028125
0 0.51875 0.70390625 0.03125 0.025
0 0.1796875 0.7046875 0.03125 0.025
19 0.5 0.7546875 0.015625 0.040625
0 0.60234375 0.703125 0.03125 0.025
18 0.1640625 0.75390625 0.0125 0.03125
21 0.52421875 0.84375 0.0078125 0.028125
0 0.5609375 0.70546875 0.03125 0.025
18 0.67265625 0.753125 0.009375 0.028125
0 0.3484375 0.7015625 0.03125 0.025
0 0.68828125 0.70546875 0.03125 0.025
0 0.68828125 0.89453125 0.0375 0.01875
0 0.2640625 0.7046875 0.03125 0.025
0 0.434375 0.70390625 0.03125 0.025
19 0.628125 0.7546875 0.015625 0.040625
0 0.2234375 0.703125 0.03125 0.025
18 0.20625 0.75234375 0.0125 0.03125
19 0.4578125 0.7546875 0.015625 0.040625