0 0.2640625 0.67890625 0.009375 0.05
0 0.35703125 0.67890625 0.009375 0.046875
9 0.36328125 0.76640625 0.0125 0.028125
0 0.546875 0.67734375 0.009375 0.0484375
0 0.58828125 0.678125 0.009375 0.046875
0 0.19375 0.67890625 0.009375 0.05
18 0.64296875 0.89453125 0.0125 0.03125
18 0.7265625 0.67734375 0.0125 0.0359375
18 0.68984375 0.6765625 0.0125 0.0375
18 0.65546875 0.67734375 0.0125 0.0375
18 0.61796875 0.6796875 0.0125 0.0375
18 0.57734375 0.6796875 0.0125 0.0375
18 0.5359375 0.67734375 0.0125 0.0375
18 0.49921875 0.678125 0.0125 0.0375
18 0.46015625 0.678125 0.0125 0.0375
18 0.378125 0.678125 0.0140625 0.0390625
18 0.34765625 0.678125 0.0140625 0.0390625
18 0.30859375 0.678125 0.0140625 0.0390625
18 0.2546875 0.67890625 0.0140625 0.0390625
18 0.22265625 0.678125 0.0140625 0.0390625
18 0.18359375 0.678125 0.0125 0.0375
18 0.14765625 0.67734375 0.0125 0.0375
18 0.10625 0.678125 0.0125 0.0375
0 0.628125 0.67734375 0.009375 0.046875
0 0.66640625 0.678125 0.009375 0.046875
9 0.64296875 0.8515625 0.0109375 0.025
0 0.7 0.678125 0.009375 0.05
0 0.6703125 0.8453125 0.04375 0.025
0 0.46953125 0.6765625 0.009375 0.046875
0 0.7 0.7609375 0.046875 0.028125
0 0.11484375 0.67890625 0.009375 0.0484375
9 0.67109375 0.76484375 0.0125 0.028125
0 0.08359375 0.89765625 0.1 0.059375
0 0.23125 0.6796875 0.009375 0.0484375
0 0.39765625 0.76171875 0.0453125 0.025
0 0.734375 0.67734375 0.009375 0.0484375
0 0.15625 0.67890625 0.009375 0.0484375
0 0.67421875 0.88984375 0.0390625 0.0265625
0 0.31796875 0.68125 0.009375 0.0484375
0 0.38828125 0.68125 0.009375 0.0484375
0 0.51015625 0.67734375 0.009375 0.0484375