0 0.7359375 0.32109375 0.009375 0.05
0 0.64296875 0.32109375 0.009375 0.04765625
9 0.63671875 0.23359375 0.01171875 0.02890625
0 0.453125 0.32265625 0.009375 0.0484375
0 0.41171875 0.321875 0.009375 0.04765625
0 0.80625 0.32109375 0.009375 0.04921875
18 0.35703125 0.10546875 0.01328125 0.03046875
18 0.2734375 0.32265625 0.0125 0.0359375
18 0.31015625 0.3234375 0.01328125 0.03671875
18 0.34453125 0.32265625 0.01328125 0.03671875
18 0.38203125 0.3203125 0.01328125 0.03671875
18 0.42265625 0.3203125 0.01328125 0.03671875
18 0.4640625 0.32265625 0.01328125 0.03671875
18 0.50078125 0.321875 0.01328125 0.03671875
18 0.53984375 0.321875 0.01328125 0.03671875
18 0.621875 0.321875 0.0140625 0.0390625
18 0.65234375 0.321875 0.0140625 0.0390625
18 0.69140625 0.321875 0.0140625 0.0390625
18 0.7453125 0.32109375 0.0140625 0.0390625
18 0.77734375 0.321875 0.0140625 0.0390625
18 0.81640625 0.321875 0.01328125 0.03671875
18 0.85234375 0.32265625 0.01328125 0.03671875
18 0.89375 0.321875 0.01328125 0.03671875
0 0.371875 0.32265625 0.009375 0.04765625
0 0.33359375 0.321875 0.009375 0.04765625
9 0.35703125 0.1484375 0.0109375 0.02578125
0 0.3 0.321875 0.009375 0.04921875
0 0.3296875 0.1546875 0.04453125 0.025
0 0.53046875 0.3234375 0.009375 0.04765625
0 0.3 0.2390625 0.046875 0.028125
0 0.88515625 0.32109375 0.009375 0.0484375
9 0.32890625 0.23515625 0.01171875 0.02890625
0 0.91640625 0.10234375 0.09921875 0.06015625
0 0.76875 0.3203125 0.009375 0.0484375
0 0.60234375 0.23828125 0.04609375 0.02421875
0 0.265625 0.32265625 0.009375 0.0484375
0 0.84375 0.32109375 0.009375 0.0484375
0 0.32578125 0.11015625 0.0390625 0.0265625
0 0.68203125 0.31875 0.009375 0.0484375
0 0.61171875 0.31875 0.009375 0.0484375
0 0.48984375 0.32265625 0.009375 0.0484375