0 0.32109375 0.2640625 0.05 0.009375
0 0.32109375 0.35703125 0.046875 0.009375
9 0.23359375 0.36328125 0.028125 0.0125
0 0.32265625 0.546875 0.0484375 0.009375
0 0.321875 0.58828125 0.046875 0.009375
0 0.32109375 0.19375 0.05 0.009375
18 0.10546875 0.64296875 0.03125 0.0125
18 0.32265625 0.7265625 0.0359375 0.0125
18 0.3234375 0.68984375 0.0375 0.0125
18 0.32265625 0.65546875 0.0375 0.0125
18 0.3203125 0.61796875 0.0375 0.0125
18 0.3203125 0.57734375 0.0375 0.0125
18 0.32265625 0.5359375 0.0375 0.0125
18 0.321875 0.49921875 0.0375 0.0125
18 0.321875 0.46015625 0.0375 0.0125
18 0.321875 0.378125 0.0390625 0.0140625
18 0.321875 0.34765625 0.0390625 0.0140625
18 0.321875 0.30859375 0.0390625 0.0140625
18 0.32109375 0.2546875 0.0390625 0.0140625
18 0.321875 0.22265625 0.0390625 0.0140625
18 0.321875 0.18359375 0.0375 0.0125
18 0.32265625 0.14765625 0.0375 0.0125
18 0.321875 0.10625 0.0375 0.0125
0 0.32265625 0.628125 0.046875 0.009375
0 0.321875 0.66640625 0.046875 0.009375
9 0.1484375 0.64296875 0.025 0.0109375
0 0.321875 0.7 0.05 0.009375
0 0.1546875 0.6703125 0.025 0.04375
0 0.3234375 0.46953125 0.046875 0.009375
0 0.2390625 0.7 0.028125 0.046875
0 0.32109375 0.11484375 0.0484375 0.009375
9 0.23515625 0.67109375 0.028125 0.0125
0 0.10234375 0.08359375 0.059375 0.1
0 0.3203125 0.23125 0.0484375 0.009375
0 0.23828125 0.39765625 0.025 0.046875
0 0.32265625 0.734375 0.0484375 0.009375
0 0.32109375 0.15625 0.0484375 0.009375
0 0.11015625 0.67421875 0.0265625 0.0390625
0 0.31875 0.31796875 0.0484375 0.009375
0 0.31875 0.38828125 0.0484375 0.009375
0 0.32265625 0.51015625 0.0484375 0.009375