18 0.58203125 0.3296875 0.0125 0.028125
18 0.6421875 0.328125 0.0125 0.028125
9 0.7265625 0.23515625 0.0625 0.0265625
0 0.6203125 0.3390625 0.0375 0.025
0 0.67890625 0.33125 0.021875 0.0671875
0 0.66875 0.23984375 0.046875 0.028125
0 0.728125 0.25703125 0.025 0.0109375
7 0.72578125 0.23671875 0.009375 0.0234375
0 0.25078125 0.3375 0.040625 0.028125
0 0.9140625 0.1 0.1109375 0.059375
0 0.7734375 0.33046875 0.021875 0.0671875
9 0.33046875 0.234375 0.059375 0.028125
0 0.27265625 0.2390625 0.0453125 0.025
0 0.8703125 0.3296875 0.021875 0.0671875
0 0.309375 0.33828125 0.0375 0.028125
0 0.821875 0.3296875 0.021875 0.0671875
23 0.79140625 0.2375 0.0125 0.028125
0 0.56015625 0.33828125 0.0375 0.025
0 0.5 0.3390625 0.0375 0.0265625
0 0.72734375 0.33125 0.021875 0.0671875
19 0.703125 0.334375 0.0265625 0.046875
19 0.74921875 0.33359375 0.0265625 0.046875
19 0.796875 0.33359375 0.0265625 0.046875
19 0.8453125 0.3328125 0.0265625 0.046875
19 0.89296875 0.33359375 0.0265625 0.046875
0 0.3328125 0.2578125 0.021875 0.0140625
18 0.27421875 0.1046875 0.0125 0.028125
0 0.246875 0.109375 0.0390625 0.025
0 0.43046875 0.3390625 0.0375 0.028125
0 0.81953125 0.23359375 0.040625 0.015625
7 0.33046875 0.2359375 0.009375 0.025
0 0.3703125 0.33671875 0.0375 0.0265625
18 0.27265625 0.3265625 0.0125 0.028125
18 0.33203125 0.325 0.0125 0.028125
18 0.39296875 0.32578125 0.0125 0.028125
18 0.4515625 0.328125 0.0125 0.028125
18 0.521875 0.328125 0.0125 0.028125