18 0.6703125 0.58203125 0.028125 0.0125
18 0.671875 0.6421875 0.028125 0.0125
9 0.76484375 0.7265625 0.0265625 0.0625
0 0.6609375 0.6203125 0.025 0.0375
0 0.66875 0.67890625 0.0671875 0.021875
0 0.76015625 0.66875 0.028125 0.046875
0 0.74296875 0.728125 0.0109375 0.025
7 0.76328125 0.72578125 0.0234375 0.009375
0 0.6625 0.25078125 0.028125 0.040625
0 0.9 0.9140625 0.059375 0.1109375
0 0.66953125 0.7734375 0.0671875 0.021875
9 0.765625 0.33046875 0.028125 0.059375
0 0.7609375 0.27265625 0.025 0.0453125
0 0.6703125 0.8703125 0.0671875 0.021875
0 0.66171875 0.309375 0.028125 0.0375
0 0.6703125 0.821875 0.0671875 0.021875
23 0.7625 0.79140625 0.028125 0.0125
0 0.66171875 0.56015625 0.025 0.0375
0 0.6609375 0.5 0.0265625 0.0375
0 0.66875 0.72734375 0.0671875 0.021875
19 0.665625 0.703125 0.046875 0.0265625
19 0.66640625 0.74921875 0.046875 0.0265625
19 0.66640625 0.796875 0.046875 0.0265625
19 0.6671875 0.8453125 0.046875 0.0265625
19 0.66640625 0.89296875 0.046875 0.0265625
0 0.7421875 0.3328125 0.0140625 0.021875
18 0.8953125 0.27421875 0.028125 0.0125
0 0.890625 0.246875 0.025 0.0390625
0 0.6609375 0.43046875 0.028125 0.0375
0 0.76640625 0.81953125 0.015625 0.040625
7 0.7640625 0.33046875 0.025 0.009375
0 0.66328125 0.3703125 0.0265625 0.0375
18 0.6734375 0.27265625 0.028125 0.0125
18 0.675 0.33203125 0.028125 0.0125
18 0.67421875 0.39296875 0.028125 0.0125
18 0.671875 0.4515625 0.028125 0.0125
18 0.671875 0.521875 0.028125 0.0125