0 0.63984375 0.68203125 0.0203125 0.01875
0 0.50859375 0.68203125 0.0203125 0.01875
0 0.4640625 0.68203125 0.0203125 0.01875
18 0.71171875 0.8171875 0.0125 0.0359375
18 0.69765625 0.70078125 0.0125 0.0546875
18 0.7859375 0.7015625 0.0125 0.0546875
18 0.74140625 0.70078125 0.0125 0.0546875
0 0.6984375 0.8046875 0.021875 0.01875
0 0.77265625 0.68203125 0.0203125 0.01875
0 0.596875 0.68125 0.0203125 0.0203125
0 0.55234375 0.68203125 0.0203125 0.01875
0 0.446875 0.92734375 0.05625 0.0140625
0 0.728125 0.6828125 0.0203125 0.01875
0 0.684375 0.68203125 0.0203125 0.01875
18 0.47734375 0.70234375 0.0125 0.053125
18 0.521875 0.69921875 0.0125 0.053125
18 0.56640625 0.7015625 0.0125 0.053125
18 0.609375 0.69921875 0.0125 0.053125
18 0.653125 0.70234375 0.0125 0.0546875