0 0.37421875 0.48203125 0.04921875 0.0328125
18 0.20234375 0.234375 0.0078125 0.0203125
19 0.80546875 0.328125 0.01796875 0.02890625
19 0.709375 0.3265625 0.01796875 0.02890625
19 0.23359375 0.3265625 0.01796875 0.02890625
19 0.28125 0.3265625 0.01796875 0.02890625
19 0.32890625 0.32734375 0.01796875 0.02890625
19 0.3765625 0.3265625 0.01796875 0.02890625
19 0.4234375 0.3265625 0.01796875 0.02890625
19 0.471875 0.32734375 0.01796875 0.02890625
19 0.61484375 0.3265625 0.01796875 0.02890625
19 0.51875 0.328125 0.01796875 0.02890625
19 0.5671875 0.328125 0.01796875 0.02890625
18 0.75234375 0.32265625 0.0078125 0.01953125
0 0.18046875 0.2421875 0.03828125 0.03125
0 0.6515625 0.3046875 0.01171875 0.01640625
18 0.65703125 0.32265625 0.0078125 0.01953125
0 0.75390625 0.4828125 0.04921875 0.0328125
0 0.7 0.3046875 0.00625 0.01875
0 0.46171875 0.30546875 0.00625 0.01875
0 0.3265625 0.4828125 0.04921875 0.0328125
0 0.56484375 0.484375 0.04921875 0.0328125
0 0.18359375 0.48203125 0.04921875 0.0328125
0 0.15546875 0.209375 0.015625 0.01015625
0 0.70703125 0.4828125 0.04921875 0.0328125
0 0.32109375 0.3046875 0.00625 0.01875
19 0.1859375 0.3265625 0.01796875 0.02890625
0 0.51796875 0.4828125 0.04921875 0.0328125
0 0.2734375 0.30546875 0.00625 0.01875
0 0.6046875 0.3046875 0.00625 0.01875
0 0.5578125 0.30390625 0.00625 0.01875
0 0.365625 0.3046875 0.00625 0.01875
0 0.6125 0.48359375 0.04921875 0.0328125
0 0.509375 0.3046875 0.00625 0.01875
0 0.46953125 0.48203125 0.04921875 0.0328125
0 0.41484375 0.30546875 0.00625 0.01875
0 0.803125 0.48203125 0.04921875 0.0328125
0 0.746875 0.30390625 0.00625 0.01875
0 0.27890625 0.48359375 0.04921875 0.0328125
0 0.79609375 0.3046875 0.00625 0.01875
0 0.23046875 0.4828125 0.04921875 0.0328125
0 0.42109375 0.4828125 0.04921875 0.0328125
0 0.178125 0.3046875 0.00625 0.01875
0 0.66015625 0.48203125 0.04921875 0.0328125
0 0.22578125 0.3046875 0.00625 0.01875