0 0.48203125 0.62578125 0.0328125 0.05
18 0.234375 0.79765625 0.0203125 0.0078125
19 0.328125 0.19453125 0.028125 0.01875
19 0.3265625 0.290625 0.028125 0.01875
19 0.3265625 0.76640625 0.028125 0.01875
19 0.3265625 0.71875 0.028125 0.01875
19 0.32734375 0.67109375 0.028125 0.01875
19 0.3265625 0.6234375 0.028125 0.01875
19 0.3265625 0.5765625 0.028125 0.01875
19 0.32734375 0.528125 0.028125 0.01875
19 0.3265625 0.38515625 0.028125 0.01875
19 0.328125 0.48125 0.028125 0.01875
19 0.328125 0.4328125 0.028125 0.01875
18 0.32265625 0.24765625 0.01875 0.0078125
0 0.2421875 0.81953125 0.03125 0.0375
0 0.3046875 0.3484375 0.015625 0.0125
18 0.32265625 0.34296875 0.01875 0.0078125
0 0.4828125 0.24609375 0.0328125 0.05
0 0.3046875 0.3 0.01875 0.00625
0 0.30546875 0.53828125 0.01875 0.00625
0 0.4828125 0.6734375 0.0328125 0.05
0 0.484375 0.43515625 0.0328125 0.05
0 0.48203125 0.81640625 0.0328125 0.05
0 0.209375 0.84453125 0.009375 0.015625
0 0.4828125 0.29296875 0.0328125 0.05
0 0.3046875 0.67890625 0.01875 0.00625
19 0.3265625 0.8140625 0.028125 0.01875
0 0.4828125 0.48203125 0.0328125 0.05
0 0.30546875 0.7265625 0.01875 0.00625
0 0.3046875 0.3953125 0.01875 0.00625
0 0.30390625 0.4421875 0.01875 0.00625
0 0.3046875 0.634375 0.01875 0.00625
0 0.48359375 0.3875 0.0328125 0.05
0 0.3046875 0.490625 0.01875 0.00625
0 0.48203125 0.53046875 0.0328125 0.05
0 0.30546875 0.58515625 0.01875 0.00625
0 0.48203125 0.196875 0.0328125 0.05
0 0.30390625 0.253125 0.01875 0.00625
0 0.48359375 0.72109375 0.0328125 0.05
0 0.3046875 0.20390625 0.01875 0.00625
0 0.4828125 0.76953125 0.0328125 0.05
0 0.4828125 0.57890625 0.0328125 0.05
0 0.3046875 0.821875 0.01875 0.00625
0 0.48203125 0.33984375 0.0328125 0.05
0 0.3046875 0.77421875 0.01875 0.00625