19 0.26328125 0.16015625 0.0234375 0.021875
0 0.696875 0.19140625 0.0109375 0.028125
18 0.63359375 0.15859375 0.015625 0.0171875
0 0.1890625 0.18984375 0.0109375 0.025
0 0.278125 0.16171875 0.0125 0.015625
0 0.471875 0.19140625 0.0109375 0.028125
0 0.709375 0.1578125 0.0140625 0.009375
0 0.7203125 0.09609375 0.0296875 0.0265625
0 0.7703125 0.1578125 0.0140625 0.009375
0 0.740625 0.15859375 0.0140625 0.009375
0 0.53515625 0.19140625 0.0109375 0.028125
0 0.76171875 0.08984375 0.028125 0.06875
0 0.7265625 0.19140625 0.0109375 0.028125
0 0.515625 0.1578125 0.0140625 0.009375
0 0.6015625 0.19140625 0.0109375 0.028125
0 0.58125 0.15703125 0.0140625 0.009375
0 0.75859375 0.190625 0.0109375 0.0265625
0 0.503125 0.1921875 0.0109375 0.028125
19 0.4125 0.159375 0.0234375 0.021875
0 0.30546875 0.16015625 0.0140625 0.009375
19 0.378125 0.16015625 0.0234375 0.021875
0 0.39296875 0.16171875 0.0125 0.015625
0 0.3796875 0.190625 0.0109375 0.028125
18 0.1875 0.1578125 0.015625 0.0171875
0 0.2015625 0.16015625 0.0140625 0.009375
18 0.321875 0.1578125 0.015625 0.0171875
0 0.26328125 0.19140625 0.0109375 0.028125
0 0.29375 0.19375 0.0109375 0.0296875
18 0.29296875 0.1578125 0.015625 0.0171875
18 0.50078125 0.1578125 0.015625 0.0171875
18 0.5328125 0.15859375 0.015625 0.0171875
0 0.61328125 0.15703125 0.0140625 0.009375
18 0.56796875 0.1578125 0.015625 0.0171875
18 0.60078125 0.1578125 0.015625 0.0171875
18 0.6640625 0.1578125 0.015625 0.0171875
0 0.56875 0.19140625 0.0109375 0.028125
0 0.48515625 0.16171875 0.0125 0.015625
18 0.69609375 0.1578125 0.015625 0.0171875
0 0.425 0.1609375 0.0125 0.015625
18 0.72578125 0.1578125 0.015625 0.0171875
18 0.7578125 0.15859375 0.015625 0.0171875
0 0.3234375 0.19140625 0.0109375 0.028125
21 0.69609375 0.10859375 0.009375 0.0109375
0 0.678125 0.1578125 0.0140625 0.009375
0 0.546875 0.1578125 0.0140625 0.009375
0 0.66484375 0.190625 0.0109375 0.0265625
0 0.409375 0.190625 0.0109375 0.028125
0 0.63515625 0.19140625 0.0109375 0.028125
0 0.33671875 0.1609375 0.0140625 0.009375
19 0.47109375 0.16015625 0.0234375 0.021875
0 0.64765625 0.1578125 0.0140625 0.009375