19 0.73671875 0.83984375 0.0234375 0.021875
0 0.303125 0.80859375 0.0109375 0.028125
18 0.36640625 0.84140625 0.015625 0.0171875
0 0.8109375 0.81015625 0.0109375 0.025
0 0.721875 0.83828125 0.0125 0.015625
0 0.528125 0.80859375 0.0109375 0.028125
0 0.290625 0.8421875 0.0140625 0.009375
0 0.2796875 0.90390625 0.0296875 0.0265625
0 0.2296875 0.8421875 0.0140625 0.009375
0 0.259375 0.84140625 0.0140625 0.009375
0 0.46484375 0.80859375 0.0109375 0.028125
0 0.23828125 0.91015625 0.028125 0.06875
0 0.2734375 0.80859375 0.0109375 0.028125
0 0.484375 0.8421875 0.0140625 0.009375
0 0.3984375 0.80859375 0.0109375 0.028125
0 0.41875 0.84296875 0.0140625 0.009375
0 0.24140625 0.809375 0.0109375 0.0265625
0 0.496875 0.8078125 0.0109375 0.028125
19 0.5875 0.840625 0.0234375 0.021875
0 0.69453125 0.83984375 0.0140625 0.009375
19 0.621875 0.83984375 0.0234375 0.021875
0 0.60703125 0.83828125 0.0125 0.015625
0 0.6203125 0.809375 0.0109375 0.028125
18 0.8125 0.8421875 0.015625 0.0171875
0 0.7984375 0.83984375 0.0140625 0.009375
18 0.678125 0.8421875 0.015625 0.0171875
0 0.73671875 0.80859375 0.0109375 0.028125
0 0.70625 0.80625 0.0109375 0.0296875
18 0.70703125 0.8421875 0.015625 0.0171875
18 0.49921875 0.8421875 0.015625 0.0171875
18 0.4671875 0.84140625 0.015625 0.0171875
0 0.38671875 0.84296875 0.0140625 0.009375
18 0.43203125 0.8421875 0.015625 0.0171875
18 0.39921875 0.8421875 0.015625 0.0171875
18 0.3359375 0.8421875 0.015625 0.0171875
0 0.43125 0.80859375 0.0109375 0.028125
0 0.51484375 0.83828125 0.0125 0.015625
18 0.30390625 0.8421875 0.015625 0.0171875
0 0.575 0.8390625 0.0125 0.015625
18 0.27421875 0.8421875 0.015625 0.0171875
18 0.2421875 0.84140625 0.015625 0.0171875
0 0.6765625 0.80859375 0.0109375 0.028125
21 0.30390625 0.89140625 0.009375 0.0109375
0 0.321875 0.8421875 0.0140625 0.009375
0 0.453125 0.8421875 0.0140625 0.009375
0 0.33515625 0.809375 0.0109375 0.0265625
0 0.590625 0.809375 0.0109375 0.028125
0 0.36484375 0.80859375 0.0109375 0.028125
0 0.66328125 0.8390625 0.0140625 0.009375
19 0.52890625 0.83984375 0.0234375 0.021875
0 0.35234375 0.8421875 0.0140625 0.009375