0 0.8390625 0.59609375 0.015625 0.0109375
0 0.809375 0.2640625 0.025 0.0109375
0 0.809375 0.66796875 0.028125 0.0109375
0 0.8078125 0.5828125 0.028125 0.0109375
0 0.8375 0.44921875 0.015625 0.0109375
19 0.83984375 0.23125 0.0203125 0.021875
0 0.8390625 0.3640625 0.015625 0.0109375
19 0.83984375 0.35 0.0203125 0.021875
19 0.83984375 0.4359375 0.0203125 0.021875
0 0.809375 0.35 0.0265625 0.0109375
0 0.80859375 0.07578125 0.028125 0.0109375
19 0.840625 0.58203125 0.0203125 0.021875
19 0.840625 0.6671875 0.0203125 0.021875
19 0.83984375 0.75234375 0.0203125 0.021875
0 0.809375 0.13984375 0.0265625 0.0109375
21 0.88984375 0.69140625 0.0125 0.009375
0 0.89140625 0.71015625 0.0265625 0.0296875
0 0.91015625 0.75703125 0.065625 0.0296875
19 0.83984375 0.1390625 0.0203125 0.021875
0 0.8375 0.15234375 0.015625 0.0109375
0 0.8375 0.68125 0.015625 0.0109375
19 0.83984375 0.07578125 0.0203125 0.021875
0 0.809375 0.753125 0.028125 0.0109375
0 0.8390625 0.08984375 0.015625 0.0109375
0 0.8390625 0.2453125 0.015625 0.0109375
0 0.8390625 0.76640625 0.015625 0.0109375
0 0.8390625 0.27890625 0.015625 0.0109375
0 0.809375 0.43671875 0.0265625 0.0109375
19 0.83984375 0.26484375 0.0203125 0.021875
0 0.809375 0.23203125 0.028125 0.0109375