0 0.40390625 0.8390625 0.0109375 0.015625
0 0.7359375 0.809375 0.0109375 0.025
0 0.33203125 0.809375 0.0109375 0.028125
0 0.4171875 0.8078125 0.0109375 0.028125
0 0.55078125 0.8375 0.0109375 0.015625
19 0.76875 0.83984375 0.021875 0.0203125
0 0.6359375 0.8390625 0.0109375 0.015625
19 0.65 0.83984375 0.021875 0.0203125
19 0.5640625 0.83984375 0.021875 0.0203125
0 0.65 0.809375 0.0109375 0.0265625
0 0.92421875 0.80859375 0.0109375 0.028125
19 0.41796875 0.840625 0.021875 0.0203125
19 0.3328125 0.840625 0.021875 0.0203125
19 0.24765625 0.83984375 0.021875 0.0203125
0 0.86015625 0.809375 0.0109375 0.0265625
21 0.30859375 0.88984375 0.009375 0.0125
0 0.28984375 0.89140625 0.0296875 0.0265625
0 0.24296875 0.91015625 0.0296875 0.065625
19 0.8609375 0.83984375 0.021875 0.0203125
0 0.84765625 0.8375 0.0109375 0.015625
0 0.31875 0.8375 0.0109375 0.015625
19 0.92421875 0.83984375 0.021875 0.0203125
0 0.246875 0.809375 0.0109375 0.028125
0 0.91015625 0.8390625 0.0109375 0.015625
0 0.7546875 0.8390625 0.0109375 0.015625
0 0.23359375 0.8390625 0.0109375 0.015625
0 0.72109375 0.8390625 0.0109375 0.015625
0 0.56328125 0.809375 0.0109375 0.0265625
19 0.73515625 0.83984375 0.021875 0.0203125
0 0.76796875 0.809375 0.0109375 0.028125