0 0.6375 0.83984375 0.0125 0.0375
0 0.63828125 0.60078125 0.0125 0.0375
18 0.684375 0.34609375 0.03125 0.015625
18 0.684375 0.309375 0.034375 0.0203125
0 0.79296875 0.51328125 0.040625 0.040625
0 0.6375 0.7625 0.0125 0.0375
18 0.684375 0.27421875 0.034375 0.0203125
18 0.68203125 0.2375 0.034375 0.0203125
0 0.63984375 0.40859375 0.0125 0.0375
0 0.6328125 0.3 0.028125 0.03125
18 0.68125 0.89375 0.03125 0.0171875
0 0.63203125 0.36875 0.028125 0.03125
18 0.6828125 0.85390625 0.034375 0.0203125
0 0.80703125 0.4390625 0.0140625 0.059375
19 0.68984375 0.81875 0.0515625 0.021875
18 0.82265625 0.475 0.03125 0.01875
0 0.63046875 0.87890625 0.0265625 0.0296875
19 0.6890625 0.7796875 0.0515625 0.021875
19 0.6890625 0.74140625 0.0515625 0.021875
18 0.684375 0.65703125 0.034375 0.01875
19 0.690625 0.7015625 0.0515625 0.021875
19 0.68984375 0.61875 0.0515625 0.021875
19 0.68984375 0.57890625 0.0515625 0.021875
0 0.63125 0.6796875 0.0265625 0.0296875
0 0.63203125 0.334375 0.028125 0.03125
19 0.68984375 0.54140625 0.0515625 0.021875
0 0.63046875 0.91953125 0.0265625 0.0296875
19 0.68984375 0.503125 0.0515625 0.021875
19 0.68984375 0.4640625 0.0515625 0.021875
19 0.68984375 0.42578125 0.0515625 0.021875
0 0.63828125 0.64140625 0.0125 0.0375
0 0.6390625 0.5234375 0.0125 0.0375
0 0.6375 0.7234375 0.0125 0.0375
28 0.7875 0.48125 0.01875 0.015625
0 0.63828125 0.56171875 0.0125 0.0375
0 0.63828125 0.446875 0.0125 0.0375
0 0.63203125 0.2609375 0.028125 0.03125
19 0.690625 0.38671875 0.05 0.021875
0 0.6375 0.80078125 0.0125 0.0375
0 0.63828125 0.48515625 0.0125 0.0375