0 0.83984375 0.3625 0.0375 0.0125
0 0.60078125 0.36171875 0.0375 0.0125
18 0.34609375 0.315625 0.015625 0.03125
18 0.309375 0.315625 0.0203125 0.034375
0 0.51328125 0.20703125 0.040625 0.040625
0 0.7625 0.3625 0.0375 0.0125
18 0.27421875 0.315625 0.0203125 0.034375
18 0.2375 0.31796875 0.0203125 0.034375
0 0.40859375 0.36015625 0.0375 0.0125
0 0.3 0.3671875 0.03125 0.028125
18 0.89375 0.31875 0.0171875 0.03125
0 0.36875 0.36796875 0.03125 0.028125
18 0.85390625 0.3171875 0.0203125 0.034375
0 0.4390625 0.19296875 0.059375 0.0140625
19 0.81875 0.31015625 0.021875 0.0515625
18 0.475 0.17734375 0.01875 0.03125
0 0.87890625 0.36953125 0.0296875 0.0265625
19 0.7796875 0.3109375 0.021875 0.0515625
19 0.74140625 0.3109375 0.021875 0.0515625
18 0.65703125 0.315625 0.01875 0.034375
19 0.7015625 0.309375 0.021875 0.0515625
19 0.61875 0.31015625 0.021875 0.0515625
19 0.57890625 0.31015625 0.021875 0.0515625
0 0.6796875 0.36875 0.0296875 0.0265625
0 0.334375 0.36796875 0.03125 0.028125
19 0.54140625 0.31015625 0.021875 0.0515625
0 0.91953125 0.36953125 0.0296875 0.0265625
19 0.503125 0.31015625 0.021875 0.0515625
19 0.4640625 0.31015625 0.021875 0.0515625
19 0.42578125 0.31015625 0.021875 0.0515625
0 0.64140625 0.36171875 0.0375 0.0125
0 0.5234375 0.3609375 0.0375 0.0125
0 0.7234375 0.3625 0.0375 0.0125
28 0.48125 0.2125 0.015625 0.01875
0 0.56171875 0.36171875 0.0375 0.0125
0 0.446875 0.36171875 0.0375 0.0125
0 0.2609375 0.36796875 0.03125 0.028125
19 0.38671875 0.309375 0.021875 0.05
0 0.80078125 0.3625 0.0375 0.0125
0 0.48515625 0.36171875 0.0375 0.0125