0 0.578125 0.34765625 0.01328125 0.0203125
0 0.44453125 0.346875 0.01328125 0.01796875
0 0.41171875 0.346875 0.01328125 0.01875
0 0.20703125 0.3515625 0.01640625 0.025
18 0.62109375 0.33984375 0.0078125 0.0140625
18 0.58828125 0.33984375 0.0078125 0.0140625
18 0.55390625 0.340625 0.0078125 0.0140625
0 0.6375 0.271875 0.015625 0.0125
18 0.52109375 0.340625 0.0078125 0.0140625
18 0.45390625 0.340625 0.0078125 0.0140625
18 0.4875 0.340625 0.0078125 0.0140625
18 0.4203125 0.33984375 0.0078125 0.0140625
19 0.18828125 0.34296875 0.0140625 0.01796875
19 0.221875 0.3421875 0.0140625 0.01796875
0 0.27421875 0.3515625 0.01640625 0.02421875
19 0.25546875 0.3421875 0.0140625 0.01796875
21 0.22890625 0.28515625 0.00625 0.0125
19 0.28828125 0.3421875 0.0140625 0.01796875
0 0.478125 0.34765625 0.01328125 0.01953125
0 0.5453125 0.346875 0.01328125 0.01796875
19 0.321875 0.3421875 0.0140625 0.01796875
0 0.51171875 0.34765625 0.01328125 0.01796875
19 0.3546875 0.3421875 0.0140625 0.01796875
0 0.1734375 0.35078125 0.01640625 0.02578125
19 0.38828125 0.3421875 0.0140625 0.01796875
0 0.30625 0.35078125 0.01640625 0.02734375
0 0.37734375 0.3515625 0.01640625 0.02578125
0 0.240625 0.3515625 0.01640625 0.02578125
0 0.61171875 0.34765625 0.01328125 0.02109375
0 0.21875 0.2953125 0.01328125 0.00859375
0 0.340625 0.35078125 0.01640625 0.025