0 0.34765625 0.421875 0.0203125 0.0125
0 0.346875 0.55546875 0.01875 0.0125
0 0.346875 0.58828125 0.01875 0.0125
0 0.3515625 0.79296875 0.025 0.015625
18 0.33984375 0.37890625 0.0140625 0.0078125
18 0.33984375 0.41171875 0.0140625 0.0078125
18 0.340625 0.44609375 0.0140625 0.0078125
0 0.271875 0.3625 0.0125 0.015625
18 0.340625 0.47890625 0.0140625 0.0078125
18 0.340625 0.54609375 0.0140625 0.0078125
18 0.340625 0.5125 0.0140625 0.0078125
18 0.33984375 0.5796875 0.0140625 0.0078125
19 0.34296875 0.81171875 0.01875 0.0140625
19 0.3421875 0.778125 0.01875 0.0140625
0 0.3515625 0.72578125 0.025 0.015625
19 0.3421875 0.74453125 0.01875 0.0140625
21 0.28515625 0.77109375 0.0125 0.00625
19 0.3421875 0.71171875 0.01875 0.0140625
0 0.34765625 0.521875 0.01875 0.0125
0 0.346875 0.4546875 0.01875 0.0125
19 0.3421875 0.678125 0.01875 0.0140625
0 0.34765625 0.48828125 0.01875 0.0125
19 0.3421875 0.6453125 0.01875 0.0140625
0 0.35078125 0.8265625 0.025 0.015625
19 0.3421875 0.61171875 0.01875 0.0140625
0 0.35078125 0.69375 0.028125 0.015625
0 0.3515625 0.62265625 0.025 0.015625
0 0.3515625 0.759375 0.025 0.015625
0 0.34765625 0.38828125 0.021875 0.0125
0 0.2953125 0.78125 0.009375 0.0125
0 0.35078125 0.659375 0.025 0.015625