0 0.41328125 0.328125 0.0203125 0.02734375
0 0.334375 0.32890625 0.0203125 0.025
0 0.4859375 0.32890625 0.01484375 0.025
18 0.475 0.30078125 0.009375 0.04921875
18 0.43515625 0.30078125 0.009375 0.04921875
19 0.3953125 0.309375 0.0140625 0.06640625
19 0.35625 0.30859375 0.0140625 0.06640625
19 0.3171875 0.309375 0.0140625 0.06640625
18 0.2765625 0.3015625 0.009375 0.05234375
18 0.2375 0.3015625 0.009375 0.05234375
18 0.19765625 0.3015625 0.009375 0.05234375
18 0.159375 0.30234375 0.009375 0.05234375
0 0.446875 0.328125 0.01484375 0.02578125
0 0.28828125 0.328125 0.01484375 0.02734375
0 0.209375 0.328125 0.01484375 0.0265625
0 0.3734375 0.328125 0.0203125 0.02578125
0 0.17734375 0.26640625 0.01015625 0.0109375
0 0.2484375 0.328125 0.01484375 0.02734375
0 0.17109375 0.328125 0.01484375 0.0265625