0 0.58671875 0.671875 0.0203125 0.028125
0 0.665625 0.67109375 0.0203125 0.025
0 0.5140625 0.67109375 0.015625 0.025
18 0.525 0.69921875 0.009375 0.05
18 0.56484375 0.69921875 0.009375 0.05
19 0.6046875 0.690625 0.0140625 0.065625
19 0.64375 0.69140625 0.0140625 0.065625
19 0.6828125 0.690625 0.0140625 0.065625
18 0.7234375 0.6984375 0.009375 0.053125
18 0.7625 0.6984375 0.009375 0.053125
18 0.80234375 0.6984375 0.009375 0.053125
18 0.840625 0.69765625 0.009375 0.053125
0 0.553125 0.671875 0.015625 0.025
0 0.71171875 0.671875 0.015625 0.028125
0 0.790625 0.671875 0.015625 0.0265625
0 0.6265625 0.671875 0.0203125 0.025
0 0.82265625 0.73359375 0.009375 0.0109375
0 0.7515625 0.671875 0.015625 0.028125
0 0.82890625 0.671875 0.015625 0.0265625