0 0.34765625 0.54140625 0.0234375 0.015625
0 0.34765625 0.36328125 0.025 0.015625
0 0.34765625 0.30390625 0.021875 0.015625
27 0.33671875 0.48828125 0.0125 0.00625
0 0.346875 0.63046875 0.025 0.015625
0 0.34765625 0.7796875 0.021875 0.015625
0 0.3484375 0.51171875 0.025 0.0125
0 0.34765625 0.3328125 0.0234375 0.015625
0 0.346875 0.87109375 0.025 0.0125
0 0.2921875 0.86484375 0.009375 0.009375
0 0.34765625 0.75 0.0234375 0.015625
0 0.346875 0.66015625 0.025 0.015625
0 0.34765625 0.80859375 0.021875 0.015625
0 0.34765625 0.690625 0.025 0.0125
0 0.34765625 0.42265625 0.0234375 0.015625
0 0.3546875 0.4828125 0.021875 0.0109375
0 0.34765625 0.60078125 0.025 0.015625
0 0.34765625 0.39296875 0.025 0.015625
0 0.34765625 0.71953125 0.025 0.015625
18 0.32265625 0.4953125 0.04375 0.00625
18 0.3234375 0.52578125 0.04375 0.00625
18 0.32265625 0.7046875 0.04375 0.00625
18 0.32265625 0.8796875 0.04375 0.0078125
19 0.33046875 0.3171875 0.059375 0.0125
19 0.32890625 0.34609375 0.059375 0.0125
19 0.3296875 0.3765625 0.059375 0.0125
19 0.33046875 0.40546875 0.059375 0.0125
19 0.3296875 0.4359375 0.059375 0.0125
19 0.3296875 0.5546875 0.059375 0.0125
19 0.33046875 0.584375 0.059375 0.0125
19 0.3296875 0.6140625 0.059375 0.0125
19 0.32890625 0.64453125 0.059375 0.0125
19 0.3296875 0.6734375 0.059375 0.0125
19 0.32890625 0.73359375 0.059375 0.0125
19 0.33046875 0.76328125 0.059375 0.0125
19 0.33046875 0.79296875 0.059375 0.0125
19 0.3296875 0.82265625 0.059375 0.0125
19 0.3296875 0.85234375 0.059375 0.0125
0 0.34765625 0.8390625 0.0234375 0.015625
0 0.34765625 0.57109375 0.021875 0.015625