0 0.45859375 0.34765625 0.01484375 0.0234375
0 0.63671875 0.34765625 0.01484375 0.02421875
0 0.69609375 0.34765625 0.01484375 0.02265625
27 0.51171875 0.33671875 0.00625 0.0125
0 0.36953125 0.346875 0.01484375 0.025
0 0.2203125 0.34765625 0.01484375 0.02265625
0 0.48828125 0.3484375 0.01171875 0.02421875
0 0.6671875 0.34765625 0.01484375 0.0234375
0 0.12890625 0.346875 0.01328125 0.02421875
0 0.13515625 0.2921875 0.01015625 0.009375
0 0.25 0.34765625 0.01484375 0.0234375
0 0.33984375 0.346875 0.01484375 0.02421875
0 0.19140625 0.34765625 0.01484375 0.02265625
0 0.309375 0.34765625 0.01171875 0.02578125
0 0.57734375 0.34765625 0.01484375 0.0234375
0 0.5171875 0.3546875 0.0109375 0.021875
0 0.39921875 0.34765625 0.01484375 0.02421875
0 0.60703125 0.34765625 0.01484375 0.02421875
0 0.28046875 0.34765625 0.01484375 0.02421875
18 0.5046875 0.32265625 0.00703125 0.04296875
18 0.47421875 0.3234375 0.00703125 0.04296875
18 0.2953125 0.32265625 0.00703125 0.04296875
18 0.1203125 0.32265625 0.00703125 0.04296875
19 0.6828125 0.33046875 0.01171875 0.05859375
19 0.65390625 0.32890625 0.01171875 0.05859375
19 0.6234375 0.3296875 0.01171875 0.05859375
19 0.59453125 0.33046875 0.01171875 0.05859375
19 0.5640625 0.3296875 0.01171875 0.05859375
19 0.4453125 0.3296875 0.01171875 0.05859375
19 0.415625 0.33046875 0.01171875 0.05859375
19 0.3859375 0.3296875 0.01171875 0.05859375
19 0.35546875 0.32890625 0.01171875 0.05859375
19 0.3265625 0.3296875 0.01171875 0.05859375
19 0.26640625 0.32890625 0.01171875 0.05859375
19 0.23671875 0.33046875 0.01171875 0.05859375
19 0.20703125 0.33046875 0.01171875 0.05859375
19 0.17734375 0.3296875 0.01171875 0.05859375
19 0.14765625 0.3296875 0.01171875 0.05859375
0 0.1609375 0.34765625 0.01484375 0.0234375
0 0.42890625 0.34765625 0.01484375 0.02265625