0 0.65234375 0.45859375 0.0234375 0.015625
0 0.65234375 0.63671875 0.025 0.015625
0 0.65234375 0.69609375 0.021875 0.015625
27 0.66328125 0.51171875 0.0125 0.00625
0 0.653125 0.36953125 0.025 0.015625
0 0.65234375 0.2203125 0.021875 0.015625
0 0.6515625 0.48828125 0.025 0.0125
0 0.65234375 0.6671875 0.0234375 0.015625
0 0.653125 0.12890625 0.025 0.0125
0 0.7078125 0.13515625 0.009375 0.009375
0 0.65234375 0.25 0.0234375 0.015625
0 0.653125 0.33984375 0.025 0.015625
0 0.65234375 0.19140625 0.021875 0.015625
0 0.65234375 0.309375 0.025 0.0125
0 0.65234375 0.57734375 0.0234375 0.015625
0 0.6453125 0.5171875 0.021875 0.0109375
0 0.65234375 0.39921875 0.025 0.015625
0 0.65234375 0.60703125 0.025 0.015625
0 0.65234375 0.28046875 0.025 0.015625
18 0.67734375 0.5046875 0.04375 0.00625
18 0.6765625 0.47421875 0.04375 0.00625
18 0.67734375 0.2953125 0.04375 0.00625
18 0.67734375 0.1203125 0.04375 0.00625
19 0.66953125 0.6828125 0.059375 0.0125
19 0.67109375 0.65390625 0.059375 0.0125
19 0.6703125 0.6234375 0.059375 0.0125
19 0.66953125 0.59453125 0.059375 0.0125
19 0.6703125 0.5640625 0.059375 0.0125
19 0.6703125 0.4453125 0.059375 0.0125
19 0.66953125 0.415625 0.059375 0.0125
19 0.6703125 0.3859375 0.059375 0.0125
19 0.67109375 0.35546875 0.059375 0.0125
19 0.6703125 0.3265625 0.059375 0.0125
19 0.67109375 0.26640625 0.059375 0.0125
19 0.66953125 0.23671875 0.059375 0.0125
19 0.66953125 0.20703125 0.059375 0.0125
19 0.6703125 0.17734375 0.059375 0.0125
19 0.6703125 0.14765625 0.059375 0.0125
0 0.65234375 0.1609375 0.0234375 0.015625
0 0.65234375 0.42890625 0.021875 0.015625