0 0.571875 0.3375 0.021875 0.028125
0 0.49375 0.32890625 0.021875 0.025
0 0.1796875 0.265625 0.0125 0.009375
18 0.159375 0.3015625 0.009375 0.053125
19 0.55546875 0.309375 0.0140625 0.065625
19 0.51484375 0.3078125 0.0140625 0.065625
0 0.334375 0.32890625 0.021875 0.0265625
19 0.475 0.30859375 0.0140625 0.065625
19 0.4359375 0.30859375 0.0140625 0.065625
19 0.39609375 0.3078125 0.0140625 0.065625
19 0.35625 0.30859375 0.0140625 0.065625
19 0.31640625 0.30859375 0.0140625 0.065625
0 0.37421875 0.3296875 0.021875 0.0265625
0 0.171875 0.328125 0.015625 0.025
19 0.2765625 0.3078125 0.0140625 0.065625
19 0.2375 0.3078125 0.0140625 0.065625
19 0.196875 0.3078125 0.0140625 0.065625
0 0.21484375 0.328125 0.021875 0.028125
0 0.2546875 0.328125 0.021875 0.0265625
0 0.53203125 0.32890625 0.021875 0.0265625
0 0.453125 0.328125 0.021875 0.025
0 0.4125 0.32890625 0.021875 0.025
27 0.5640625 0.3171875 0.009375 0.00625
0 0.29453125 0.32890625 0.021875 0.028125