0 0.6625 0.571875 0.028125 0.021875
0 0.67109375 0.49375 0.025 0.021875
0 0.734375 0.1796875 0.009375 0.0125
18 0.6984375 0.159375 0.053125 0.009375
19 0.690625 0.55546875 0.065625 0.0140625
19 0.6921875 0.51484375 0.065625 0.0140625
0 0.67109375 0.334375 0.0265625 0.021875
19 0.69140625 0.475 0.065625 0.0140625
19 0.69140625 0.4359375 0.065625 0.0140625
19 0.6921875 0.39609375 0.065625 0.0140625
19 0.69140625 0.35625 0.065625 0.0140625
19 0.69140625 0.31640625 0.065625 0.0140625
0 0.6703125 0.37421875 0.0265625 0.021875
0 0.671875 0.171875 0.025 0.015625
19 0.6921875 0.2765625 0.065625 0.0140625
19 0.6921875 0.2375 0.065625 0.0140625
19 0.6921875 0.196875 0.065625 0.0140625
0 0.671875 0.21484375 0.028125 0.021875
0 0.671875 0.2546875 0.0265625 0.021875
0 0.67109375 0.53203125 0.0265625 0.021875
0 0.671875 0.453125 0.025 0.021875
0 0.67109375 0.4125 0.025 0.021875
27 0.6828125 0.5640625 0.00625 0.009375
0 0.67109375 0.29453125 0.028125 0.021875