0 0.25234375 0.659375 0.05625 0.028125
0 0.2515625 0.79140625 0.053125 0.028125
0 0.14375 0.65234375 0.034375 0.0234375
0 0.121875 0.78515625 0.0703125 0.0515625
21 0.1359375 0.63515625 0.065625 0.0109375
19 0.24609375 0.7640625 0.053125 0.021875
0 0.25234375 0.5953125 0.05625 0.028125
19 0.2421875 0.69921875 0.053125 0.021875
19 0.24375 0.634375 0.053125 0.021875
0 0.25234375 0.725 0.05625 0.028125
19 0.24375 0.56875 0.053125 0.021875
19 0.2421875 0.503125 0.053125 0.021875
0 0.25234375 0.5296875 0.0546875 0.028125