0 0.340625 0.25234375 0.02734375 0.05546875
0 0.20859375 0.2515625 0.02734375 0.05390625
0 0.34765625 0.14375 0.0234375 0.034375
0 0.21484375 0.121875 0.0515625 0.0703125
21 0.36484375 0.1359375 0.01015625 0.06640625
19 0.2359375 0.24609375 0.02265625 0.05390625
0 0.4046875 0.25234375 0.02734375 0.05546875
19 0.30078125 0.2421875 0.02265625 0.05390625
19 0.365625 0.24375 0.02265625 0.05390625
0 0.275 0.25234375 0.02734375 0.05546875
19 0.43125 0.24375 0.02265625 0.05390625
19 0.496875 0.2421875 0.02265625 0.05390625
0 0.4703125 0.25234375 0.02890625 0.0546875