0 0.74765625 0.340625 0.05625 0.028125
0 0.7484375 0.20859375 0.053125 0.028125
0 0.85625 0.34765625 0.034375 0.0234375
0 0.878125 0.21484375 0.0703125 0.0515625
21 0.8640625 0.36484375 0.065625 0.009375
19 0.75390625 0.2359375 0.053125 0.021875
0 0.74765625 0.4046875 0.05625 0.028125
19 0.7578125 0.30078125 0.053125 0.021875
19 0.75625 0.365625 0.053125 0.021875
0 0.74765625 0.275 0.05625 0.028125
19 0.75625 0.43125 0.053125 0.021875
19 0.7578125 0.496875 0.053125 0.021875
0 0.74765625 0.4703125 0.0546875 0.028125