0 0.23125 0.44453125 0.040625 0.03125
19 0.2296875 0.4171875 0.0328125 0.0203125
0 0.2296875 0.50234375 0.040625 0.03125
0 0.10625 0.71640625 0.0265625 0.0265625
0 0.2296875 0.2640625 0.040625 0.03125
19 0.22890625 0.47734375 0.0328125 0.0203125
0 0.06484375 0.8484375 0.0328125 0.05625
0 0.228125 0.79921875 0.040625 0.03125
0 0.23125 0.68125 0.040625 0.03125
0 0.23046875 0.32421875 0.040625 0.03125
0 0.23046875 0.7390625 0.040625 0.03125
19 0.2296875 0.5359375 0.0328125 0.0203125
21 0.10703125 0.6984375 0.021875 0.009375
19 0.2296875 0.2390625 0.0328125 0.0203125
19 0.2296875 0.65546875 0.0328125 0.0203125
0 0.2296875 0.62265625 0.040625 0.03125
0 0.2296875 0.5625 0.040625 0.03125
19 0.22890625 0.2984375 0.0328125 0.0203125
0 0.2296875 0.384375 0.040625 0.03125
19 0.2296875 0.7140625 0.0328125 0.0203125
19 0.2296875 0.775 0.0328125 0.0203125
19 0.2296875 0.3578125 0.0328125 0.0203125
19 0.2296875 0.5953125 0.0328125 0.0203125
19 0.22890625 0.8328125 0.0328125 0.0203125
0 0.2296875 0.859375 0.040625 0.03125