0 0.55546875 0.23125 0.03125 0.03984375
19 0.5828125 0.2296875 0.0203125 0.0328125
0 0.49765625 0.2296875 0.03125 0.03984375
0 0.28359375 0.10625 0.0265625 0.0265625
0 0.7359375 0.2296875 0.03125 0.03984375
19 0.52265625 0.22890625 0.0203125 0.0328125
0 0.1515625 0.06484375 0.05546875 0.0328125
0 0.20078125 0.228125 0.03125 0.03984375
0 0.31875 0.23125 0.03125 0.03984375
0 0.67578125 0.23046875 0.03125 0.03984375
0 0.2609375 0.23046875 0.03125 0.03984375
19 0.4640625 0.2296875 0.0203125 0.0328125
21 0.3015625 0.10703125 0.00859375 0.02265625
19 0.7609375 0.2296875 0.0203125 0.0328125
19 0.34453125 0.2296875 0.0203125 0.0328125
0 0.37734375 0.2296875 0.03125 0.03984375
0 0.4375 0.2296875 0.03125 0.03984375
19 0.7015625 0.22890625 0.0203125 0.0328125
0 0.615625 0.2296875 0.03125 0.03984375
19 0.2859375 0.2296875 0.0203125 0.0328125
19 0.225 0.2296875 0.0203125 0.0328125
19 0.6421875 0.2296875 0.0203125 0.0328125
19 0.4046875 0.2296875 0.0203125 0.0328125
19 0.1671875 0.22890625 0.0203125 0.0328125
0 0.140625 0.2296875 0.03125 0.03984375