0 0.76875 0.55546875 0.040625 0.03125
19 0.7703125 0.5828125 0.0328125 0.0203125
0 0.7703125 0.49765625 0.040625 0.03125
0 0.89375 0.28359375 0.0265625 0.0265625
0 0.7703125 0.7359375 0.040625 0.03125
19 0.77109375 0.52265625 0.0328125 0.0203125
0 0.93515625 0.1515625 0.0328125 0.05625
0 0.771875 0.20078125 0.040625 0.03125
0 0.76875 0.31875 0.040625 0.03125
0 0.76953125 0.67578125 0.040625 0.03125
0 0.76953125 0.2609375 0.040625 0.03125
19 0.7703125 0.4640625 0.0328125 0.0203125
21 0.89296875 0.3015625 0.021875 0.009375
19 0.7703125 0.7609375 0.0328125 0.0203125
19 0.7703125 0.34453125 0.0328125 0.0203125
0 0.7703125 0.37734375 0.040625 0.03125
0 0.7703125 0.4375 0.040625 0.03125
19 0.77109375 0.7015625 0.0328125 0.0203125
0 0.7703125 0.615625 0.040625 0.03125
19 0.7703125 0.2859375 0.0328125 0.0203125
19 0.7703125 0.225 0.0328125 0.0203125
19 0.7703125 0.6421875 0.0328125 0.0203125
19 0.7703125 0.4046875 0.0328125 0.0203125
19 0.77109375 0.1671875 0.0328125 0.0203125
0 0.7703125 0.140625 0.040625 0.03125