19 0.66015625 0.17265625 0.0296875 0.0140625
18 0.665625 0.39140625 0.015625 0.00625
0 0.66171875 0.30078125 0.01875 0.021875
0 0.66171875 0.37578125 0.01875 0.025
18 0.665625 0.428125 0.015625 0.00625
18 0.665625 0.4640625 0.015625 0.00625
18 0.665625 0.50078125 0.015625 0.00625
0 0.7625 0.13828125 0.0125 0.01875
18 0.66640625 0.6109375 0.015625 0.00625
0 0.66328125 0.70390625 0.01875 0.025
0 0.66328125 0.2640625 0.0203125 0.021875
18 0.665625 0.5375 0.015625 0.00625
0 0.66171875 0.66640625 0.01875 0.025
0 0.6625 0.3375 0.01875 0.021875
0 0.66328125 0.4125 0.01875 0.025
0 0.6625 0.63046875 0.01875 0.025
0 0.66328125 0.52109375 0.01875 0.025
0 0.66171875 0.19140625 0.01875 0.021875
0 0.6625 0.44765625 0.01875 0.025
0 0.740625 0.28359375 0.021875 0.028125
0 0.6640625 0.484375 0.01875 0.025
19 0.66015625 0.684375 0.0296875 0.0140625
0 0.66328125 0.228125 0.01875 0.021875
18 0.665625 0.57421875 0.015625 0.00625
19 0.66015625 0.64765625 0.0296875 0.0140625
19 0.6609375 0.31953125 0.0296875 0.0140625
19 0.659375 0.28203125 0.0296875 0.0140625
0 0.6625 0.59453125 0.01875 0.025
0 0.66328125 0.5578125 0.01875 0.025
18 0.74296875 0.25859375 0.028125 0.0078125
19 0.66015625 0.2453125 0.0296875 0.0140625
19 0.659375 0.21015625 0.0296875 0.0140625
18 0.66640625 0.3546875 0.015625 0.00625