19 0.17265625 0.33984375 0.0140625 0.0296875
18 0.39140625 0.334375 0.00703125 0.01640625
0 0.30078125 0.33828125 0.021875 0.01796875
0 0.37578125 0.33828125 0.02421875 0.01875
18 0.428125 0.334375 0.00703125 0.01640625
18 0.4640625 0.334375 0.00703125 0.01640625
18 0.50078125 0.334375 0.00703125 0.01640625
0 0.13828125 0.2375 0.01796875 0.01328125
18 0.6109375 0.33359375 0.00703125 0.01640625
0 0.70390625 0.33671875 0.02421875 0.01875
0 0.2640625 0.33671875 0.021875 0.0203125
18 0.5375 0.334375 0.00703125 0.01640625
0 0.66640625 0.33828125 0.02421875 0.01875
0 0.3375 0.3375 0.021875 0.01875
0 0.4125 0.33671875 0.02421875 0.01875
0 0.63046875 0.3375 0.02421875 0.01875
0 0.52109375 0.33671875 0.02421875 0.01875
0 0.19140625 0.33828125 0.021875 0.01875
0 0.44765625 0.3375 0.02421875 0.01875
0 0.28359375 0.259375 0.028125 0.021875
0 0.484375 0.3359375 0.02421875 0.01875
19 0.684375 0.33984375 0.0140625 0.0296875
0 0.228125 0.33671875 0.021875 0.01875
18 0.57421875 0.334375 0.00703125 0.01640625
19 0.64765625 0.33984375 0.0140625 0.0296875
19 0.31953125 0.3390625 0.0140625 0.0296875
19 0.28203125 0.340625 0.0140625 0.0296875
0 0.59453125 0.3375 0.02421875 0.01875
0 0.5578125 0.33671875 0.02421875 0.01875
18 0.25859375 0.25703125 0.0078125 0.02890625
19 0.2453125 0.33984375 0.0140625 0.0296875
19 0.21015625 0.340625 0.0140625 0.0296875
18 0.3546875 0.33359375 0.00703125 0.01640625