19 0.33984375 0.82734375 0.0296875 0.0140625
18 0.334375 0.60859375 0.015625 0.00625
0 0.33828125 0.69921875 0.01875 0.021875
0 0.33828125 0.62421875 0.01875 0.025
18 0.334375 0.571875 0.015625 0.00625
18 0.334375 0.5359375 0.015625 0.00625
18 0.334375 0.49921875 0.015625 0.00625
0 0.2375 0.86171875 0.0125 0.01875
18 0.33359375 0.3890625 0.015625 0.00625
0 0.33671875 0.29609375 0.01875 0.025
0 0.33671875 0.7359375 0.0203125 0.021875
18 0.334375 0.4625 0.015625 0.00625
0 0.33828125 0.33359375 0.01875 0.025
0 0.3375 0.6625 0.01875 0.021875
0 0.33671875 0.5875 0.01875 0.025
0 0.3375 0.36953125 0.01875 0.025
0 0.33671875 0.47890625 0.01875 0.025
0 0.33828125 0.80859375 0.01875 0.021875
0 0.3375 0.55234375 0.01875 0.025
0 0.259375 0.71640625 0.021875 0.028125
0 0.3359375 0.515625 0.01875 0.025
19 0.33984375 0.315625 0.0296875 0.0140625
0 0.33671875 0.771875 0.01875 0.021875
18 0.334375 0.42578125 0.015625 0.00625
19 0.33984375 0.35234375 0.0296875 0.0140625
19 0.3390625 0.68046875 0.0296875 0.0140625
19 0.340625 0.71796875 0.0296875 0.0140625
0 0.3375 0.40546875 0.01875 0.025
0 0.33671875 0.4421875 0.01875 0.025
18 0.25703125 0.74140625 0.028125 0.0078125
19 0.33984375 0.7546875 0.0296875 0.0140625
19 0.340625 0.78984375 0.0296875 0.0140625
18 0.33359375 0.6453125 0.015625 0.00625