0 0.4515625 0.23515625 0.0328125 0.02890625
0 0.671875 0.234375 0.03671875 0.0296875
0 0.34140625 0.234375 0.0328125 0.02890625
0 0.425 0.10625 0.040625 0.03046875
0 0.61796875 0.234375 0.03671875 0.0296875
0 0.39609375 0.23515625 0.0328125 0.02890625
0 0.20625 0.071875 0.025 0.021875
0 0.28671875 0.23515625 0.0328125 0.02890625
19 0.425 0.23984375 0.01953125 0.04453125
19 0.3703125 0.23984375 0.01953125 0.04453125
19 0.31484375 0.23984375 0.01953125 0.04453125
19 0.259375 0.23984375 0.01953125 0.04453125
18 0.64140625 0.23046875 0.01171875 0.025
18 0.5859375 0.23046875 0.01171875 0.025
18 0.53125 0.2296875 0.01171875 0.025
18 0.4765625 0.22890625 0.01171875 0.025
18 0.3890625 0.10390625 0.01328125 0.04453125
0 0.5625 0.23515625 0.0359375 0.03046875
0 0.50703125 0.23515625 0.034375 0.0296875