0 0.76484375 0.4515625 0.028125 0.0328125
0 0.765625 0.671875 0.0296875 0.0375
0 0.765625 0.34140625 0.028125 0.0328125
0 0.89375 0.425 0.03125 0.040625
0 0.765625 0.61796875 0.0296875 0.0375
0 0.76484375 0.39609375 0.028125 0.0328125
0 0.928125 0.20625 0.021875 0.025
0 0.76484375 0.28671875 0.028125 0.0328125
19 0.76015625 0.425 0.04375 0.01875
19 0.76015625 0.3703125 0.04375 0.01875
19 0.76015625 0.31484375 0.04375 0.01875
19 0.76015625 0.259375 0.04375 0.01875
18 0.76953125 0.64140625 0.025 0.0125
18 0.76953125 0.5859375 0.025 0.0125
18 0.7703125 0.53125 0.025 0.0125
18 0.77109375 0.4765625 0.025 0.0125
18 0.89609375 0.3890625 0.04375 0.0125
0 0.76484375 0.5625 0.03125 0.0359375
0 0.76484375 0.50703125 0.0296875 0.034375