0 0.5484375 0.76484375 0.0328125 0.028125
0 0.328125 0.765625 0.0375 0.0296875
0 0.65859375 0.765625 0.0328125 0.028125
0 0.575 0.89375 0.040625 0.03125
0 0.38203125 0.765625 0.0359375 0.0296875
0 0.60390625 0.76484375 0.0328125 0.028125
0 0.79375 0.928125 0.025 0.021875
0 0.71328125 0.76484375 0.0328125 0.028125
19 0.575 0.76015625 0.01875 0.04375
19 0.6296875 0.76015625 0.01875 0.04375
19 0.68515625 0.76015625 0.01875 0.04375
19 0.740625 0.76015625 0.01875 0.04375
18 0.35859375 0.76953125 0.0125 0.025
18 0.4140625 0.76953125 0.0125 0.025
18 0.46875 0.7703125 0.0125 0.025
18 0.5234375 0.77109375 0.0125 0.025
18 0.6109375 0.89609375 0.0125 0.04375
0 0.4375 0.76484375 0.0359375 0.03125
0 0.49296875 0.76484375 0.034375 0.0296875