0 0.209375 0.23125 0.0265625 0.05078125
0 0.446875 0.3578125 0.025 0.04765625
18 0.40625 0.3421875 0.009375 0.01796875
22 0.240625 0.25703125 0.009375 0.01484375
18 0.35078125 0.3421875 0.009375 0.01796875
18 0.29609375 0.34296875 0.009375 0.01796875
0 0.390625 0.35625 0.025 0.046875
0 0.2671875 0.26328125 0.02578125 0.03125
0 0.50234375 0.35703125 0.025 0.046875
0 0.2796875 0.35546875 0.025 0.0453125
0 0.33515625 0.35703125 0.025 0.046875
18 0.51796875 0.3421875 0.009375 0.01796875
18 0.46171875 0.34140625 0.009375 0.01796875