0 0.790625 0.76875 0.0265625 0.05
0 0.553125 0.6421875 0.025 0.046875
18 0.59375 0.6578125 0.009375 0.01875
22 0.759375 0.74296875 0.009375 0.015625
18 0.64921875 0.6578125 0.009375 0.01875
18 0.70390625 0.65703125 0.009375 0.01875
0 0.609375 0.64375 0.025 0.046875
0 0.7328125 0.73671875 0.025 0.03125
0 0.49765625 0.64296875 0.025 0.046875
0 0.7203125 0.64453125 0.025 0.0453125
0 0.66484375 0.64296875 0.025 0.046875
18 0.48203125 0.6578125 0.009375 0.01875
18 0.53828125 0.65859375 0.009375 0.01875