9 0.878125 0.43046875 0.0171875 0.0453125
18 0.56796875 0.25859375 0.01875 0.03671875
0 0.7234375 0.2515625 0.0328125 0.0453125
0 0.2515625 0.25078125 0.0328125 0.04296875
0 0.60546875 0.25234375 0.0328125 0.04609375
0 0.5453125 0.25078125 0.0328125 0.04375
0 0.87734375 0.40234375 0.01640625 0.0140625
0 0.66484375 0.25234375 0.0328125 0.04375
0 0.3109375 0.2515625 0.0328125 0.04453125
0 0.78359375 0.25234375 0.0328125 0.0421875
0 0.390625 0.09609375 0.02578125 0.03984375
9 0.39375 0.15703125 0.04921875 0.04609375
0 0.26328125 0.075 0.11953125 0.0734375
0 0.34453125 0.153125 0.0390625 0.025
0 0.840625 0.2515625 0.0328125 0.0453125
21 0.41015625 0.1015625 0.0171875 0.03671875
18 0.80546875 0.2578125 0.01875 0.03671875
18 0.6875 0.26015625 0.01875 0.03671875
18 0.6296875 0.26015625 0.01875 0.03671875
18 0.50859375 0.25859375 0.01875 0.03671875
18 0.21484375 0.25859375 0.01875 0.03671875
18 0.27421875 0.2578125 0.01875 0.03671875
18 0.74609375 0.25859375 0.01796875 0.0375