9 0.43046875 0.121875 0.0453125 0.0171875
18 0.25859375 0.43203125 0.0375 0.01875
0 0.2515625 0.2765625 0.0453125 0.0328125
0 0.25078125 0.7484375 0.04375 0.0328125
0 0.25234375 0.39453125 0.046875 0.0328125
0 0.25078125 0.4546875 0.04375 0.0328125
0 0.40234375 0.12265625 0.0140625 0.015625
0 0.25234375 0.33515625 0.04375 0.0328125
0 0.2515625 0.6890625 0.04375 0.0328125
0 0.25234375 0.21640625 0.0421875 0.0328125
0 0.09609375 0.609375 0.040625 0.0265625
9 0.15703125 0.60625 0.046875 0.05
0 0.075 0.73671875 0.0734375 0.11875
0 0.153125 0.65546875 0.025 0.0390625
0 0.2515625 0.159375 0.0453125 0.0328125
21 0.1015625 0.58984375 0.0375 0.0171875
18 0.2578125 0.19453125 0.0375 0.01875
18 0.26015625 0.3125 0.0375 0.01875
18 0.26015625 0.3703125 0.0375 0.01875
18 0.25859375 0.49140625 0.0375 0.01875
18 0.25859375 0.78515625 0.0375 0.01875
18 0.2578125 0.72578125 0.0375 0.01875
18 0.25859375 0.25390625 0.0375 0.01875