0 0.92734375 0.26171875 0.0765625 0.1203125
18 0.7421875 0.27421875 0.0375 0.01875
0 0.74921875 0.2515625 0.04375 0.034375
0 0.75 0.4890625 0.04375 0.034375
21 0.89765625 0.4109375 0.0375 0.015625
18 0.74140625 0.2140625 0.0375 0.01875
0 0.90234375 0.39140625 0.0421875 0.025
0 0.7484375 0.3109375 0.0421875 0.034375
0 0.7484375 0.43046875 0.04375 0.034375
0 0.74921875 0.37109375 0.04375 0.034375
18 0.7390625 0.5109375 0.0375 0.01875
18 0.7390625 0.45078125 0.0375 0.01875
18 0.73984375 0.39296875 0.0375 0.01875
18 0.73984375 0.3328125 0.0375 0.01875
0 0.75 0.54921875 0.04375 0.034375