0 0.26171875 0.07265625 0.1203125 0.0765625
18 0.27421875 0.2578125 0.01875 0.03671875
0 0.2515625 0.25078125 0.03359375 0.04296875
0 0.4890625 0.25 0.03359375 0.04296875
21 0.4109375 0.10234375 0.01640625 0.03671875
18 0.2140625 0.25859375 0.01875 0.03671875
0 0.39140625 0.09765625 0.02578125 0.0421875
0 0.3109375 0.2515625 0.03359375 0.0421875
0 0.43046875 0.2515625 0.03359375 0.04296875
0 0.37109375 0.25078125 0.03359375 0.04453125
18 0.5109375 0.2609375 0.01875 0.03671875
18 0.45078125 0.2609375 0.01875 0.03671875
18 0.39296875 0.26015625 0.01875 0.03671875
18 0.3328125 0.26015625 0.01875 0.03671875
0 0.54921875 0.25 0.03359375 0.04296875