19 0.4140625 0.7609375 0.028125 0.05
0 0.49921875 0.75078125 0.025 0.0375
0 0.23515625 0.66484375 0.0921875 0.034375
0 0.83046875 0.94296875 0.0234375 0.0203125
9 0.4125 0.68125 0.0125 0.01875
0 0.61484375 0.6734375 0.0140625 0.0125
9 0.53671875 0.68125 0.0125 0.01875
0 0.56328125 0.75078125 0.025 0.0375
9 0.59921875 0.68203125 0.0125 0.01875
0 0.55234375 0.6734375 0.0140625 0.0125
0 0.43828125 0.7515625 0.025 0.0375
19 0.6609375 0.76171875 0.028125 0.05
19 0.59921875 0.76171875 0.028125 0.05
19 0.53671875 0.7609375 0.028125 0.05
19 0.475 0.76171875 0.028125 0.05
18 0.290625 0.86328125 0.0234375 0.025
18 0.5734375 0.884375 0.015625 0.034375
0 0.684375 0.7515625 0.025 0.0375
0 0.26796875 0.8734375 0.021875 0.028125
0 0.59453125 0.8828125 0.0265625 0.040625
0 0.675 0.67265625 0.0140625 0.0125
9 0.66015625 0.68125 0.0125 0.01875
0 0.62265625 0.75234375 0.025 0.0390625
0 0.49140625 0.6734375 0.0140625 0.0125
9 0.47421875 0.6828125 0.0125 0.01875
0 0.42890625 0.6734375 0.0140625 0.0125