0 0.32890625 0.74921875 0.028125 0.05
0 0.51484375 0.75 0.028125 0.0515625
18 0.4625 0.884375 0.015625 0.034375
18 0.24453125 0.76875 0.0171875 0.0328125
18 0.30703125 0.7703125 0.0171875 0.0328125
0 0.4515625 0.75078125 0.028125 0.05
0 0.484375 0.8828125 0.0265625 0.040625
18 0.36875 0.77109375 0.0171875 0.0328125
18 0.43125 0.76953125 0.0171875 0.0328125
18 0.49296875 0.76875 0.0171875 0.0328125
18 0.5546875 0.76875 0.0171875 0.0328125
0 0.38984375 0.74921875 0.028125 0.053125
0 0.40078125 0.88203125 0.021875 0.0140625
0 0.7203125 0.94296875 0.01875 0.01875
7 0.4015625 0.8828125 0.0265625 0.0296875
0 0.2671875 0.74921875 0.028125 0.053125
0 0.57578125 0.74921875 0.028125 0.05