0 0.57265625 0.2828125 0.0328125 0.0515625
0 0.34453125 0.28203125 0.0328125 0.0515625
18 0.31015625 0.2703125 0.009375 0.02734375
0 0.2296875 0.2828125 0.0328125 0.0515625
19 0.6578125 0.28046875 0.02265625 0.05
0 0.27421875 0.18828125 0.02890625 0.04921875
18 0.4859375 0.2703125 0.009375 0.02734375
0 0.63046875 0.28203125 0.0328125 0.0515625
18 0.29765625 0.196875 0.00859375 0.02421875
18 0.2515625 0.271875 0.009375 0.02890625
0 0.46171875 0.28203125 0.0328125 0.0515625
18 0.4265625 0.2703125 0.009375 0.02734375
0 0.403125 0.2828125 0.0328125 0.0515625
0 0.51875 0.28359375 0.0328125 0.0515625
0 0.69296875 0.2828125 0.0328125 0.0515625
0 0.3109375 0.15703125 0.01796875 0.015625
19 0.6 0.28203125 0.02265625 0.05
18 0.36796875 0.2703125 0.009375 0.02734375
0 0.45859375 0.1515625 0.06640625 0.0328125
18 0.715625 0.2703125 0.009375 0.02734375
18 0.5421875 0.26953125 0.009375 0.02734375
0 0.2875 0.2828125 0.0328125 0.0515625