0 0.2828125 0.42734375 0.0515625 0.0328125
0 0.28203125 0.65546875 0.0515625 0.0328125
18 0.2703125 0.68984375 0.028125 0.009375
0 0.2828125 0.7703125 0.0515625 0.0328125
19 0.28046875 0.3421875 0.05 0.021875
0 0.18828125 0.72578125 0.05 0.028125
18 0.2703125 0.5140625 0.028125 0.009375
0 0.28203125 0.36953125 0.0515625 0.0328125
18 0.196875 0.70234375 0.025 0.009375
18 0.271875 0.7484375 0.028125 0.009375
0 0.28203125 0.53828125 0.0515625 0.0328125
18 0.2703125 0.5734375 0.028125 0.009375
0 0.2828125 0.596875 0.0515625 0.0328125
0 0.28359375 0.48125 0.0515625 0.0328125
0 0.2828125 0.30703125 0.0515625 0.0328125
0 0.15703125 0.6890625 0.015625 0.01875
19 0.28203125 0.4 0.05 0.021875
18 0.2703125 0.63203125 0.028125 0.009375
0 0.1515625 0.54140625 0.0328125 0.065625
18 0.2703125 0.284375 0.028125 0.009375
18 0.26953125 0.4578125 0.028125 0.009375
0 0.2828125 0.7125 0.0515625 0.0328125