0 0.42734375 0.7171875 0.0328125 0.0515625
0 0.65546875 0.71796875 0.0328125 0.0515625
18 0.68984375 0.7296875 0.009375 0.028125
0 0.7703125 0.7171875 0.0328125 0.0515625
19 0.3421875 0.71953125 0.021875 0.05
0 0.72578125 0.81171875 0.028125 0.05
18 0.5140625 0.7296875 0.009375 0.028125
0 0.36953125 0.71796875 0.0328125 0.0515625
18 0.70234375 0.803125 0.009375 0.025
18 0.7484375 0.728125 0.009375 0.028125
0 0.53828125 0.71796875 0.0328125 0.0515625
18 0.5734375 0.7296875 0.009375 0.028125
0 0.596875 0.7171875 0.0328125 0.0515625
0 0.48125 0.71640625 0.0328125 0.0515625
0 0.30703125 0.7171875 0.0328125 0.0515625
0 0.6890625 0.84296875 0.01875 0.015625
19 0.4 0.71796875 0.021875 0.05
18 0.63203125 0.7296875 0.009375 0.028125
0 0.54140625 0.8484375 0.0671875 0.0328125
18 0.284375 0.7296875 0.009375 0.028125
18 0.4578125 0.73046875 0.009375 0.028125
0 0.7125 0.7171875 0.0328125 0.0515625