18 0.56953125 0.73828125 0.015625 0.0390625
18 0.5046875 0.7390625 0.015625 0.0390625
18 0.44140625 0.74140625 0.015625 0.0390625
18 0.3765625 0.73984375 0.015625 0.0390625
18 0.31171875 0.7421875 0.015625 0.0390625
18 0.246875 0.73984375 0.015625 0.0390625
0 0.5203125 0.72265625 0.0125 0.0671875
18 0.18359375 0.740625 0.015625 0.0390625
19 0.6921875 0.72734375 0.040625 0.078125
19 0.7328125 0.85625 0.0375 0.065625
0 0.62734375 0.8953125 0.040625 0.01875
21 0.55 0.90625 0.015625 0.075
0 0.390625 0.72421875 0.0125 0.0671875
0 0.58515625 0.72421875 0.0125 0.0671875
0 0.65 0.7234375 0.0125 0.0671875
28 0.546875 0.84140625 0.01875 0.034375
0 0.84296875 0.72421875 0.0125 0.0671875
0 0.32578125 0.72421875 0.0125 0.0671875
0 0.45546875 0.72421875 0.0125 0.0671875
0 0.196875 0.72421875 0.0125 0.0671875
0 0.72109375 0.7109375 0.0125 0.096875
0 0.778125 0.84453125 0.05 0.03125
0 0.5140625 0.8421875 0.040625 0.028125
0 0.51484375 0.88203125 0.05 0.0171875
0 0.2625 0.72265625 0.0125 0.0671875
0 0.778125 0.7234375 0.0125 0.0671875
18 0.82890625 0.7390625 0.015625 0.0390625
18 0.76328125 0.73984375 0.015625 0.0390625
18 0.63515625 0.74140625 0.015625 0.0390625