18 0.43046875 0.26171875 0.015625 0.0390625
18 0.4953125 0.2609375 0.015625 0.0390625
18 0.55859375 0.25859375 0.015625 0.0390625
18 0.6234375 0.26015625 0.015625 0.0390625
18 0.68828125 0.2578125 0.015625 0.0390625
18 0.753125 0.26015625 0.015625 0.0390625
0 0.4796875 0.27734375 0.01171875 0.0671875
18 0.81640625 0.259375 0.015625 0.0390625
19 0.3078125 0.27265625 0.040625 0.07734375
19 0.2671875 0.14375 0.0375 0.06640625
0 0.37265625 0.1046875 0.040625 0.01875
21 0.45 0.09375 0.015625 0.07421875
0 0.609375 0.27578125 0.01171875 0.0671875
0 0.41484375 0.27578125 0.01171875 0.0671875
0 0.35 0.2765625 0.01171875 0.0671875
28 0.453125 0.15859375 0.01953125 0.034375
0 0.15703125 0.27578125 0.01171875 0.0671875
0 0.67421875 0.27578125 0.01171875 0.0671875
0 0.54453125 0.27578125 0.01171875 0.0671875
0 0.803125 0.27578125 0.01171875 0.0671875
0 0.27890625 0.2890625 0.01171875 0.09609375
0 0.221875 0.15546875 0.05 0.03046875
0 0.4859375 0.1578125 0.03984375 0.02890625
0 0.48515625 0.11796875 0.04921875 0.0171875
0 0.7375 0.27734375 0.01171875 0.0671875
0 0.221875 0.2765625 0.01171875 0.0671875
18 0.17109375 0.2609375 0.015625 0.0390625
18 0.23671875 0.26015625 0.015625 0.0390625
18 0.36484375 0.25859375 0.015625 0.0390625