18 0.26171875 0.56953125 0.0390625 0.015625
18 0.2609375 0.5046875 0.0390625 0.015625
18 0.25859375 0.44140625 0.0390625 0.015625
18 0.26015625 0.3765625 0.0390625 0.015625
18 0.2578125 0.31171875 0.0390625 0.015625
18 0.26015625 0.246875 0.0390625 0.015625
0 0.27734375 0.5203125 0.0671875 0.0125
18 0.259375 0.18359375 0.0390625 0.015625
19 0.27265625 0.6921875 0.078125 0.040625
19 0.14375 0.7328125 0.065625 0.0375
0 0.1046875 0.62734375 0.01875 0.040625
21 0.09375 0.55 0.075 0.015625
0 0.27578125 0.390625 0.0671875 0.0125
0 0.27578125 0.58515625 0.0671875 0.0125
0 0.2765625 0.65 0.0671875 0.0125
28 0.15859375 0.546875 0.034375 0.01875
0 0.27578125 0.84296875 0.0671875 0.0125
0 0.27578125 0.32578125 0.0671875 0.0125
0 0.27578125 0.45546875 0.0671875 0.0125
0 0.27578125 0.196875 0.0671875 0.0125
0 0.2890625 0.72109375 0.096875 0.0125
0 0.15546875 0.778125 0.03125 0.05
0 0.1578125 0.5140625 0.028125 0.040625
0 0.11796875 0.51484375 0.0171875 0.05
0 0.27734375 0.2625 0.0671875 0.0125
0 0.2765625 0.778125 0.0671875 0.0125
18 0.2609375 0.82890625 0.0390625 0.015625
18 0.26015625 0.76328125 0.0390625 0.015625
18 0.25859375 0.63515625 0.0390625 0.015625