18 0.13984375 0.265625 0.0171875 0.0125
18 0.1390625 0.16328125 0.0171875 0.0125
18 0.13984375 0.19765625 0.0171875 0.0125
18 0.13984375 0.23203125 0.0171875 0.0125
18 0.13984375 0.29921875 0.0171875 0.0125
18 0.13984375 0.365625 0.0171875 0.0125
0 0.14921875 0.35625 0.0671875 0.0171875
0 0.15 0.2890625 0.0671875 0.0171875
0 0.07421875 0.1875 0.05234375 0.03046875
0 0.15 0.1484375 0.0671875 0.0171875
0 0.15 0.18671875 0.0671875 0.0171875
0 0.15 0.2203125 0.0671875 0.0171875
9 0.23359375 0.3515625 0.02578125 0.04453125
0 0.15 0.25390625 0.0671875 0.0171875
0 0.234375 0.32109375 0.040625 0.02421875