18 0.265625 0.86015625 0.0125 0.0171875
18 0.16328125 0.8609375 0.0125 0.0171875
18 0.19765625 0.86015625 0.0125 0.0171875
18 0.23203125 0.86015625 0.0125 0.0171875
18 0.29921875 0.86015625 0.0125 0.0171875
18 0.365625 0.86015625 0.0125 0.0171875
0 0.35625 0.85078125 0.0171875 0.0671875
0 0.2890625 0.85 0.0171875 0.0671875
0 0.1875 0.92578125 0.03125 0.053125
0 0.1484375 0.85 0.0171875 0.0671875
0 0.18671875 0.85 0.0171875 0.0671875
0 0.2203125 0.85 0.0171875 0.0671875
9 0.3515625 0.76640625 0.04375 0.025
0 0.25390625 0.85 0.0171875 0.0671875
0 0.32109375 0.765625 0.025 0.040625