0 0.484375 0.90390625 0.0921875 0.03125
0 0.37109375 0.7 0.1015625 0.028125
0 0.4546875 0.73359375 0.1359375 0.034375
0 0.17265625 0.70078125 0.103125 0.028125
18 0.39296875 0.540625 0.04375 0.0390625
18 0.58828125 0.80546875 0.0484375 0.05
0 0.271875 0.70078125 0.103125 0.028125
18 0.28984375 0.54140625 0.04375 0.0390625
18 0.5890625 0.73359375 0.0375 0.040625
0 0.48125 0.78671875 0.128125 0.028125
0 0.47109375 0.70078125 0.103125 0.028125
18 0.50234375 0.54296875 0.04375 0.0390625
18 0.19140625 0.5421875 0.04375 0.0390625