0 0.09609375 0.484375 0.03125 0.0921875
0 0.3 0.37109375 0.028125 0.103125
0 0.26640625 0.4546875 0.034375 0.1359375
0 0.29921875 0.17265625 0.028125 0.103125
18 0.459375 0.39296875 0.0390625 0.04375
18 0.19453125 0.58828125 0.05 0.0484375
0 0.29921875 0.271875 0.028125 0.103125
18 0.45859375 0.28984375 0.0390625 0.04375
18 0.26640625 0.5890625 0.040625 0.0375
0 0.21328125 0.48125 0.028125 0.128125
0 0.29921875 0.47109375 0.028125 0.103125
18 0.45703125 0.50234375 0.0390625 0.04375
18 0.4578125 0.19140625 0.0390625 0.04375