0 0.515625 0.09609375 0.0921875 0.03046875
0 0.62890625 0.3 0.10234375 0.028125
0 0.5453125 0.26640625 0.1359375 0.03515625
0 0.82734375 0.29921875 0.10234375 0.028125
18 0.60703125 0.459375 0.04296875 0.0390625
18 0.41171875 0.19453125 0.0484375 0.04921875
0 0.728125 0.29921875 0.10234375 0.028125
18 0.71015625 0.45859375 0.04296875 0.0390625
18 0.4109375 0.26640625 0.0375 0.03984375
0 0.51875 0.21328125 0.12734375 0.028125
0 0.52890625 0.29921875 0.10234375 0.028125
18 0.49765625 0.45703125 0.04296875 0.0390625
18 0.80859375 0.4578125 0.04296875 0.0390625