0 0.809375 0.8828125 0.01875 0.01875
0 0.45 0.6671875 0.01875 0.0296875
0 0.55859375 0.66640625 0.01875 0.03125
0 0.696875 0.82265625 0.028125 0.028125
0 0.77734375 0.66640625 0.01875 0.03125
0 0.7234375 0.665625 0.01875 0.0296875
0 0.66796875 0.665625 0.01875 0.028125
0 0.61328125 0.665625 0.01875 0.03125
0 0.5046875 0.66484375 0.01875 0.03125
22 0.67265625 0.796875 0.009375 0.065625
18 0.3765625 0.6875 0.0125 0.0421875
18 0.4859375 0.6875 0.0125 0.0421875
18 0.540625 0.6875 0.0125 0.0421875
18 0.59609375 0.68828125 0.0125 0.0421875
18 0.65 0.6875 0.0125 0.0421875
18 0.70546875 0.6859375 0.0125 0.0421875
18 0.759375 0.68828125 0.0125 0.0421875
18 0.43125 0.68671875 0.009375 0.0375
0 0.39453125 0.66640625 0.01875 0.03125