0 0.190625 0.1171875 0.01875 0.01875
0 0.55 0.3328125 0.01953125 0.0296875
0 0.44140625 0.33359375 0.01953125 0.03203125
0 0.303125 0.17734375 0.02890625 0.028125
0 0.22265625 0.33359375 0.01953125 0.03046875
0 0.2765625 0.334375 0.01953125 0.0296875
0 0.33203125 0.334375 0.01953125 0.02890625
0 0.38671875 0.334375 0.01953125 0.03046875
0 0.4953125 0.33515625 0.01953125 0.03046875
22 0.32734375 0.203125 0.009375 0.06484375
18 0.6234375 0.3125 0.01171875 0.0421875
18 0.5140625 0.3125 0.01171875 0.0421875
18 0.459375 0.3125 0.01171875 0.0421875
18 0.40390625 0.31171875 0.01171875 0.0421875
18 0.35 0.3125 0.01171875 0.0421875
18 0.29453125 0.3140625 0.01171875 0.0421875
18 0.240625 0.31171875 0.01171875 0.0421875
18 0.56875 0.31328125 0.009375 0.03671875
0 0.60546875 0.33359375 0.01953125 0.03046875