0 0.8828125 0.190625 0.01875 0.01875
0 0.6671875 0.55 0.0296875 0.01875
0 0.66640625 0.44140625 0.03125 0.01875
0 0.82265625 0.303125 0.028125 0.028125
0 0.66640625 0.22265625 0.03125 0.01875
0 0.665625 0.2765625 0.0296875 0.01875
0 0.665625 0.33203125 0.028125 0.01875
0 0.665625 0.38671875 0.03125 0.01875
0 0.66484375 0.4953125 0.03125 0.01875
22 0.796875 0.32734375 0.065625 0.009375
18 0.6875 0.6234375 0.0421875 0.0125
18 0.6875 0.5140625 0.0421875 0.0125
18 0.6875 0.459375 0.0421875 0.0125
18 0.68828125 0.40390625 0.0421875 0.0125
18 0.6875 0.35 0.0421875 0.0125
18 0.6859375 0.29453125 0.0421875 0.0125
18 0.68828125 0.240625 0.0421875 0.0125
18 0.68671875 0.56875 0.0375 0.009375
0 0.66640625 0.60546875 0.03125 0.01875