22 0.671875 0.79609375 0.0109375 0.065625
18 0.65 0.68671875 0.0109375 0.0375
0 0.696875 0.8234375 0.03125 0.025
18 0.7046875 0.6859375 0.0109375 0.0375
0 0.559375 0.66640625 0.021875 0.0265625
0 0.6671875 0.6671875 0.021875 0.028125
0 0.61171875 0.6671875 0.021875 0.028125
0 0.8109375 0.88359375 0.01875 0.01875
18 0.759375 0.6859375 0.0109375 0.0375
18 0.59453125 0.6859375 0.0109375 0.0375
0 0.77734375 0.6671875 0.021875 0.028125
0 0.7234375 0.665625 0.021875 0.0265625
18 0.540625 0.6859375 0.0109375 0.0375