22 0.328125 0.20390625 0.0109375 0.06640625
18 0.35 0.31328125 0.0109375 0.0375
0 0.303125 0.1765625 0.03125 0.02421875
18 0.2953125 0.3140625 0.0109375 0.0375
0 0.440625 0.33359375 0.02265625 0.0265625
0 0.3328125 0.3328125 0.02265625 0.02734375
0 0.38828125 0.3328125 0.02265625 0.028125
0 0.1890625 0.11640625 0.01953125 0.01875
18 0.240625 0.3140625 0.0109375 0.0375
18 0.40546875 0.3140625 0.0109375 0.0375
0 0.22265625 0.3328125 0.02265625 0.028125
0 0.2765625 0.334375 0.02265625 0.0265625
18 0.459375 0.3140625 0.0109375 0.0375