18 0.484375 0.353125 0.01171875 0.053125
18 0.21171875 0.3515625 0.01171875 0.053125
18 0.2578125 0.35234375 0.01171875 0.053125
18 0.4390625 0.353125 0.01171875 0.053125
0 0.52890625 0.2375 0.02421875 0.0171875
0 0.5140625 0.3703125 0.0125 0.01171875
0 0.46796875 0.36953125 0.01328125 0.01328125
0 0.4234375 0.36953125 0.01484375 0.01328125
0 0.196875 0.3703125 0.0171875 0.01171875
0 0.18984375 0.26328125 0.0171875 0.01171875
18 0.303125 0.353125 0.01171875 0.053125
18 0.3484375 0.35078125 0.01171875 0.053125
0 0.1515625 0.3703125 0.0171875 0.0109375
18 0.39296875 0.35234375 0.01171875 0.053125
0 0.3328125 0.3703125 0.0125 0.01171875
0 0.28671875 0.36953125 0.01171875 0.0125
18 0.2125 0.22890625 0.0140625 0.115625
0 0.2421875 0.36953125 0.01171875 0.0125
18 0.5296875 0.353125 0.01171875 0.053125
0 0.3765625 0.3703125 0.0140625 0.01171875
18 0.16796875 0.35234375 0.01171875 0.053125