18 0.646875 0.484375 0.053125 0.0125
18 0.6484375 0.21171875 0.053125 0.0125
18 0.64765625 0.2578125 0.053125 0.0125
18 0.646875 0.4390625 0.053125 0.0125
0 0.7625 0.52890625 0.0171875 0.025
0 0.6296875 0.5140625 0.0125 0.0125
0 0.63046875 0.46796875 0.0125 0.0125
0 0.63046875 0.4234375 0.0125 0.015625
0 0.6296875 0.196875 0.0125 0.0171875
0 0.73671875 0.18984375 0.0125 0.0171875
18 0.646875 0.303125 0.053125 0.0125
18 0.64921875 0.3484375 0.053125 0.0125
0 0.6296875 0.1515625 0.0109375 0.0171875
18 0.64765625 0.39296875 0.053125 0.0125
0 0.6296875 0.3328125 0.0125 0.0125
0 0.63046875 0.28671875 0.0125 0.0125
18 0.77109375 0.2125 0.115625 0.0140625
0 0.63046875 0.2421875 0.0125 0.0125
18 0.646875 0.5296875 0.053125 0.0125
0 0.6296875 0.3765625 0.0125 0.0140625
18 0.64765625 0.16796875 0.053125 0.0125