0 0.6484375 0.26640625 0.0421875 0.0265625
18 0.2421875 0.25859375 0.01171875 0.02421875
0 0.5109375 0.26796875 0.0234375 0.02578125
0 0.3703125 0.26484375 0.0234375 0.02421875
9 0.3890625 0.3515625 0.015625 0.01875
0 0.5765625 0.36171875 0.021875 0.0265625
9 0.31796875 0.3515625 0.01640625 0.02109375
9 0.24609375 0.3515625 0.01484375 0.0203125
0 0.29921875 0.26328125 0.0234375 0.02734375
0 0.92265625 0.0734375 0.03359375 0.05234375
0 0.7203125 0.26875 0.0421875 0.0265625
0 0.21796875 0.35703125 0.021875 0.0265625
0 0.53046875 0.13125 0.0234375 0.02734375
0 0.2890625 0.3578125 0.021875 0.0265625
0 0.43984375 0.2671875 0.0234375 0.02734375
19 0.67890625 0.2640625 0.021875 0.03671875
19 0.75078125 0.2640625 0.021875 0.03671875
18 0.60078125 0.25859375 0.01171875 0.02421875
18 0.53046875 0.25859375 0.01171875 0.02421875
0 0.79140625 0.26796875 0.0421875 0.02734375
18 0.45859375 0.259375 0.01171875 0.02421875
0 0.36171875 0.35859375 0.021875 0.0265625
18 0.3859375 0.259375 0.01171875 0.02421875
0 0.58203125 0.2671875 0.0234375 0.02734375
19 0.82109375 0.265625 0.021875 0.03671875
0 0.22734375 0.2625 0.0234375 0.0265625
9 0.603125 0.3515625 0.01484375 0.0203125
18 0.54765625 0.11875 0.0125 0.0265625
18 0.315625 0.259375 0.01171875 0.02421875