0 0.73359375 0.6484375 0.0265625 0.0421875
18 0.74140625 0.2421875 0.025 0.0125
0 0.73203125 0.5109375 0.025 0.0234375
0 0.73515625 0.3703125 0.025 0.0234375
9 0.6484375 0.3890625 0.01875 0.015625
0 0.63828125 0.5765625 0.0265625 0.021875
9 0.6484375 0.31796875 0.021875 0.015625
9 0.6484375 0.24609375 0.0203125 0.015625
0 0.73671875 0.29921875 0.028125 0.0234375
0 0.9265625 0.92265625 0.053125 0.034375
0 0.73125 0.7203125 0.0265625 0.0421875
0 0.64296875 0.21796875 0.0265625 0.021875
0 0.86875 0.53046875 0.028125 0.0234375
0 0.6421875 0.2890625 0.0265625 0.021875
0 0.7328125 0.43984375 0.028125 0.0234375
19 0.7359375 0.67890625 0.0375 0.021875
19 0.7359375 0.75078125 0.0375 0.021875
18 0.74140625 0.60078125 0.025 0.0125
18 0.74140625 0.53046875 0.025 0.0125
0 0.73203125 0.79140625 0.028125 0.0421875
18 0.740625 0.45859375 0.025 0.0125
0 0.64140625 0.36171875 0.0265625 0.021875
18 0.740625 0.3859375 0.025 0.0125
0 0.7328125 0.58203125 0.028125 0.0234375
19 0.734375 0.82109375 0.0375 0.021875
0 0.7375 0.22734375 0.0265625 0.0234375
9 0.6484375 0.603125 0.0203125 0.015625
18 0.88125 0.54765625 0.0265625 0.0125
18 0.740625 0.315625 0.025 0.0125