0 0.87890625 0.76640625 0.00625 0.009375
18 0.82890625 0.7515625 0.0078125 0.015625
18 0.8390625 0.6359375 0.0078125 0.015625
18 0.77578125 0.6359375 0.0078125 0.015625
18 0.71171875 0.63671875 0.0078125 0.015625
18 0.6484375 0.6359375 0.0078125 0.015625
18 0.61640625 0.6359375 0.0078125 0.015625
18 0.490625 0.63515625 0.0078125 0.015625
18 0.4578125 0.6359375 0.0078125 0.015625
18 0.39453125 0.6359375 0.0078125 0.015625
18 0.3625 0.6359375 0.0078125 0.015625
18 0.33125 0.63515625 0.0078125 0.015625
18 0.24375 0.6359375 0.0078125 0.015625
0 0.46796875 0.63046875 0.0125 0.028125
0 0.34140625 0.6296875 0.0125 0.028125
0 0.5 0.63046875 0.0125 0.028125
9 0.8171875 0.68046875 0.03125 0.015625
0 0.253125 0.63046875 0.0125 0.028125
0 0.72421875 0.6078125 0.01875 0.009375
0 0.8484375 0.63046875 0.0125 0.028125
0 0.4046875 0.6296875 0.0125 0.028125
0 0.3734375 0.6296875 0.0125 0.028125
0 0.85078125 0.60859375 0.01875 0.009375
0 0.6265625 0.63125 0.0125 0.028125
0 0.7859375 0.6296875 0.0125 0.028125
9 0.83671875 0.60859375 0.0125 0.015625
0 0.81640625 0.75859375 0.0125 0.0265625
0 0.81796875 0.68828125 0.015625 0.015625
0 0.65859375 0.63125 0.0125 0.028125
0 0.76953125 0.70546875 0.04375 0.01875
9 0.709375 0.60859375 0.0125 0.015625
0 0.72109375 0.6296875 0.0125 0.028125