0 0.12109375 0.23359375 0.00625 0.009375
18 0.17109375 0.2484375 0.0078125 0.015625
18 0.1609375 0.3640625 0.0078125 0.015625
18 0.22421875 0.3640625 0.0078125 0.015625
18 0.28828125 0.36328125 0.0078125 0.015625
18 0.3515625 0.3640625 0.0078125 0.015625
18 0.38359375 0.3640625 0.0078125 0.015625
18 0.509375 0.36484375 0.0078125 0.015625
18 0.5421875 0.3640625 0.0078125 0.015625
18 0.60546875 0.3640625 0.0078125 0.015625
18 0.6375 0.3640625 0.0078125 0.015625
18 0.66875 0.36484375 0.0078125 0.015625
18 0.75625 0.3640625 0.0078125 0.015625
0 0.53203125 0.36953125 0.0125 0.028125
0 0.65859375 0.3703125 0.0125 0.028125
0 0.5 0.36953125 0.0125 0.028125
9 0.1828125 0.31953125 0.03125 0.015625
0 0.746875 0.36953125 0.0125 0.028125
0 0.27578125 0.3921875 0.01875 0.009375
0 0.1515625 0.36953125 0.0125 0.028125
0 0.5953125 0.3703125 0.0125 0.028125
0 0.6265625 0.3703125 0.0125 0.028125
0 0.14921875 0.39140625 0.01875 0.009375
0 0.3734375 0.36875 0.0125 0.028125
0 0.2140625 0.3703125 0.0125 0.028125
9 0.16328125 0.39140625 0.0125 0.015625
0 0.18359375 0.24140625 0.0125 0.0265625
0 0.18203125 0.31171875 0.015625 0.015625
0 0.34140625 0.36875 0.0125 0.028125
0 0.23046875 0.29453125 0.04375 0.01875
9 0.290625 0.39140625 0.0125 0.015625
0 0.27890625 0.3703125 0.0125 0.028125