18 0.34453125 0.23671875 0.0109375 0.0265625
18 0.3921875 0.2359375 0.0109375 0.0265625
0 0.28203125 0.2484375 0.028125 0.04375
18 0.44140625 0.23515625 0.0109375 0.0265625
0 0.1921875 0.09140625 0.0234375 0.01484375
18 0.48828125 0.2359375 0.0109375 0.0265625
0 0.27421875 0.12421875 0.02421875 0.04375
18 0.24921875 0.23671875 0.0109375 0.0265625
18 0.25625 0.12265625 0.0109375 0.0265625
0 0.3296875 0.2484375 0.028125 0.04375
0 0.47265625 0.2453125 0.02265625 0.04375
0 0.2328125 0.24765625 0.028125 0.04375
0 0.4234375 0.2484375 0.028125 0.04375
18 0.2015625 0.2359375 0.0109375 0.0265625
18 0.2984375 0.23671875 0.0109375 0.0265625
0 0.3765625 0.2484375 0.028125 0.04375
0 0.18671875 0.246875 0.028125 0.04375