18 0.76328125 0.34453125 0.0265625 0.0109375
18 0.7640625 0.3921875 0.0265625 0.0109375
0 0.7515625 0.28203125 0.04375 0.028125
18 0.76484375 0.44140625 0.0265625 0.0109375
0 0.90859375 0.1921875 0.015625 0.0234375
18 0.7640625 0.48828125 0.0265625 0.0109375
0 0.87578125 0.27421875 0.04375 0.025
18 0.76328125 0.24921875 0.0265625 0.0109375
18 0.87734375 0.25625 0.0265625 0.0109375
0 0.7515625 0.3296875 0.04375 0.028125
0 0.7546875 0.47265625 0.04375 0.021875
0 0.75234375 0.2328125 0.04375 0.028125
0 0.7515625 0.4234375 0.04375 0.028125
18 0.7640625 0.2015625 0.0265625 0.0109375
18 0.76328125 0.2984375 0.0265625 0.0109375
0 0.7515625 0.3765625 0.04375 0.028125
0 0.753125 0.18671875 0.04375 0.028125