18 0.23671875 0.65546875 0.0265625 0.0109375
18 0.2359375 0.6078125 0.0265625 0.0109375
0 0.2484375 0.71796875 0.04375 0.028125
18 0.23515625 0.55859375 0.0265625 0.0109375
0 0.09140625 0.8078125 0.015625 0.0234375
18 0.2359375 0.51171875 0.0265625 0.0109375
0 0.12421875 0.72578125 0.04375 0.025
18 0.23671875 0.75078125 0.0265625 0.0109375
18 0.12265625 0.74375 0.0265625 0.0109375
0 0.2484375 0.6703125 0.04375 0.028125
0 0.2453125 0.52734375 0.04375 0.021875
0 0.24765625 0.7671875 0.04375 0.028125
0 0.2484375 0.5765625 0.04375 0.028125
18 0.2359375 0.7984375 0.0265625 0.0109375
18 0.23671875 0.7015625 0.0265625 0.0109375
0 0.2484375 0.6234375 0.04375 0.028125
0 0.246875 0.81328125 0.04375 0.028125