22 0.571875 0.8015625 0.015625 0.065625
0 0.75234375 0.70078125 0.040625 0.059375
19 0.659375 0.69765625 0.021875 0.0515625
0 0.77734375 0.90546875 0.0375 0.046875
0 0.63046875 0.7015625 0.040625 0.059375
19 0.721875 0.69921875 0.021875 0.0515625
0 0.5078125 0.7015625 0.040625 0.059375
19 0.5390625 0.69921875 0.021875 0.0515625
19 0.59921875 0.69765625 0.021875 0.0515625
0 0.528125 0.83046875 0.053125 0.0625
0 0.32109375 0.70078125 0.040625 0.059375
0 0.38359375 0.70078125 0.040625 0.059375
19 0.7828125 0.69765625 0.021875 0.0515625
19 0.4765625 0.69921875 0.021875 0.0515625
0 0.57109375 0.7015625 0.040625 0.059375
19 0.41484375 0.69765625 0.021875 0.0515625
19 0.35390625 0.69765625 0.021875 0.0515625
0 0.81328125 0.7 0.040625 0.059375
0 0.69140625 0.7015625 0.040625 0.059375
0 0.44609375 0.70234375 0.040625 0.059375
19 0.290625 0.69921875 0.021875 0.0515625