22 0.428125 0.1984375 0.01484375 0.06640625
0 0.24765625 0.29921875 0.040625 0.059375
19 0.340625 0.30234375 0.02109375 0.0515625
0 0.22265625 0.09453125 0.0375 0.04765625
0 0.36953125 0.2984375 0.040625 0.059375
19 0.278125 0.30078125 0.02109375 0.0515625
0 0.4921875 0.2984375 0.040625 0.059375
19 0.4609375 0.30078125 0.02109375 0.0515625
19 0.40078125 0.30234375 0.02109375 0.0515625
0 0.471875 0.16953125 0.05390625 0.06171875
0 0.67890625 0.29921875 0.040625 0.059375
0 0.61640625 0.29921875 0.040625 0.059375
19 0.2171875 0.30234375 0.02109375 0.0515625
19 0.5234375 0.30078125 0.02109375 0.0515625
0 0.42890625 0.2984375 0.040625 0.059375
19 0.58515625 0.30234375 0.02109375 0.0515625
19 0.64609375 0.30234375 0.02109375 0.0515625
0 0.18671875 0.3 0.040625 0.059375
0 0.30859375 0.2984375 0.040625 0.059375
0 0.55390625 0.29765625 0.040625 0.059375
19 0.709375 0.30078125 0.02109375 0.0515625