22 0.1984375 0.571875 0.065625 0.015625
0 0.29921875 0.75234375 0.059375 0.040625
19 0.30234375 0.659375 0.0515625 0.021875
0 0.09453125 0.77734375 0.046875 0.0375
0 0.2984375 0.63046875 0.059375 0.040625
19 0.30078125 0.721875 0.0515625 0.021875
0 0.2984375 0.5078125 0.059375 0.040625
19 0.30078125 0.5390625 0.0515625 0.021875
19 0.30234375 0.59921875 0.0515625 0.021875
0 0.16953125 0.528125 0.0625 0.053125
0 0.29921875 0.32109375 0.059375 0.040625
0 0.29921875 0.38359375 0.059375 0.040625
19 0.30234375 0.7828125 0.0515625 0.021875
19 0.30078125 0.4765625 0.0515625 0.021875
0 0.2984375 0.57109375 0.059375 0.040625
19 0.30234375 0.41484375 0.0515625 0.021875
19 0.30234375 0.35390625 0.0515625 0.021875
0 0.3 0.81328125 0.059375 0.040625
0 0.2984375 0.69140625 0.059375 0.040625
0 0.29765625 0.44609375 0.059375 0.040625
19 0.30078125 0.290625 0.0515625 0.021875