0 0.725 0.35625 0.0140625 0.021875
0 0.90625 0.3796875 0.03125 0.0265625
18 0.66796875 0.315625 0.01171875 0.08125
0 0.834375 0.35546875 0.0140625 0.01953125
18 0.70390625 0.315625 0.01171875 0.08125
18 0.73984375 0.31640625 0.01171875 0.08125
18 0.775 0.3140625 0.01171875 0.0765625
0 0.78515625 0.1796875 0.02578125 0.015625
0 0.87265625 0.35546875 0.0140625 0.0203125
18 0.81328125 0.31328125 0.01171875 0.0765625
18 0.84921875 0.3125 0.01171875 0.0765625
0 0.76171875 0.35546875 0.0140625 0.021875
18 0.8859375 0.315625 0.01171875 0.0765625
18 0.91796875 0.31953125 0.009375 0.084375
18 0.9484375 0.31953125 0.0109375 0.08203125
21 0.76171875 0.16015625 0.009375 0.02734375
0 0.7984375 0.35546875 0.0140625 0.01953125
0 0.90625 0.35703125 0.0140625 0.0203125
0 0.7046875 0.16875 0.08125 0.046875
0 0.93828125 0.35703125 0.0140625 0.02109375
17 0.81640625 0.36328125 0.01328125 0.01640625
0 0.8359375 0.38046875 0.03125 0.0265625
0 0.7984375 0.37890625 0.03125 0.0265625
17 0.77890625 0.3625 0.01328125 0.01640625
0 0.87109375 0.3796875 0.03125 0.0265625
17 0.853125 0.3640625 0.01328125 0.01640625
0 0.96796875 0.35703125 0.0140625 0.0203125
0 0.690625 0.35546875 0.0140625 0.02109375
17 0.88828125 0.3640625 0.01328125 0.01640625