0 0.64375 0.725 0.021875 0.0140625
0 0.6203125 0.90625 0.0265625 0.03125
18 0.684375 0.66796875 0.08125 0.0125
0 0.64453125 0.834375 0.01875 0.0140625
18 0.684375 0.70390625 0.08125 0.0125
18 0.68359375 0.73984375 0.08125 0.0125
18 0.6859375 0.775 0.0765625 0.0125
0 0.8203125 0.78515625 0.015625 0.025
0 0.64453125 0.87265625 0.0203125 0.0140625
18 0.68671875 0.81328125 0.0765625 0.0125
18 0.6875 0.84921875 0.0765625 0.0125
0 0.64453125 0.76171875 0.021875 0.0140625
18 0.684375 0.8859375 0.0765625 0.0125
18 0.68046875 0.91796875 0.084375 0.009375
18 0.68046875 0.9484375 0.08125 0.0109375
21 0.83984375 0.76171875 0.028125 0.009375
0 0.64453125 0.7984375 0.01875 0.0140625
0 0.64296875 0.90625 0.0203125 0.0140625
0 0.83125 0.7046875 0.046875 0.08125
0 0.64296875 0.93828125 0.021875 0.0140625
17 0.63671875 0.81640625 0.015625 0.0125
0 0.61953125 0.8359375 0.0265625 0.03125
0 0.62109375 0.7984375 0.0265625 0.03125
17 0.6375 0.77890625 0.015625 0.0125
0 0.6203125 0.87109375 0.0265625 0.03125
17 0.6359375 0.853125 0.015625 0.0125
0 0.64296875 0.96796875 0.0203125 0.0140625
0 0.64453125 0.690625 0.021875 0.0140625
17 0.6359375 0.88828125 0.015625 0.0125