0 0.775 0.86171875 0.028125 0.01875
0 0.7734375 0.671875 0.028125 0.01875
18 0.75703125 0.3234375 0.040625 0.0125
19 0.7640625 0.51328125 0.0546875 0.01875
0 0.86484375 0.32890625 0.028125 0.0296875
0 0.77421875 0.625 0.028125 0.01875
0 0.775 0.43359375 0.025 0.01875
18 0.75703125 0.5609375 0.040625 0.0125
0 0.77578125 0.38671875 0.025 0.01875
18 0.75625 0.65625 0.040625 0.0125
18 0.75546875 0.7046875 0.040625 0.0125
18 0.7578125 0.3703125 0.040625 0.0125
0 0.77578125 0.53203125 0.0390625 0.0234375
0 0.775 0.5765625 0.028125 0.01875
0 0.775 0.81484375 0.028125 0.01875
0 0.7734375 0.71953125 0.028125 0.01875
18 0.7546875 0.79921875 0.040625 0.0140625
18 0.75625 0.4640625 0.040625 0.0125
18 0.75546875 0.41796875 0.040625 0.0125
18 0.75546875 0.75078125 0.040625 0.0125
18 0.75546875 0.609375 0.040625 0.0125
18 0.85234375 0.3015625 0.0265625 0.0109375
0 0.775 0.48125 0.025 0.01875
0 0.7765625 0.76640625 0.028125 0.01875
0 0.90234375 0.6 0.01875 0.034375
18 0.75546875 0.846875 0.040625 0.0125
0 0.7765625 0.3375 0.025 0.01875