0 0.86171875 0.225 0.01796875 0.02890625
0 0.671875 0.2265625 0.01796875 0.02890625
18 0.3234375 0.24296875 0.01328125 0.040625
19 0.51328125 0.2359375 0.01796875 0.0546875
0 0.32890625 0.13515625 0.0296875 0.02890625
0 0.625 0.22578125 0.01796875 0.02890625
0 0.43359375 0.225 0.01953125 0.02421875
18 0.5609375 0.24296875 0.01328125 0.040625
0 0.38671875 0.22421875 0.01953125 0.02421875
18 0.65625 0.24375 0.01328125 0.040625
18 0.7046875 0.24453125 0.01328125 0.040625
18 0.3703125 0.2421875 0.01328125 0.040625
0 0.53203125 0.22421875 0.0234375 0.0390625
0 0.5765625 0.225 0.01796875 0.02890625
0 0.81484375 0.225 0.01796875 0.02890625
0 0.71953125 0.2265625 0.01796875 0.02890625
18 0.79921875 0.2453125 0.01328125 0.040625
18 0.4640625 0.24375 0.01328125 0.040625
18 0.41796875 0.24453125 0.01328125 0.040625
18 0.75078125 0.24453125 0.01328125 0.040625
18 0.609375 0.24453125 0.01328125 0.040625
18 0.3015625 0.14765625 0.0109375 0.0265625
0 0.48125 0.225 0.01953125 0.02421875
0 0.76640625 0.2234375 0.01796875 0.02890625
0 0.6 0.09765625 0.03359375 0.01953125
18 0.846875 0.24453125 0.01328125 0.040625
0 0.3375 0.2234375 0.01796875 0.02421875