0 0.4265625 0.24765625 0.03671875 0.04921875
18 0.3765625 0.203125 0.0109375 0.025
0 0.5625 0.2484375 0.03671875 0.04921875
21 0.31484375 0.190625 0.01015625 0.0265625
0 0.359375 0.24765625 0.03671875 0.04921875
0 0.309375 0.103125 0.09140625 0.03515625
0 0.63046875 0.2484375 0.03671875 0.04921875
0 0.49453125 0.2484375 0.03671875 0.04921875
0 0.284375 0.25078125 0.04765625 0.04921875
18 0.5796875 0.203125 0.0109375 0.025
18 0.51328125 0.203125 0.0109375 0.025
18 0.64921875 0.203125 0.0109375 0.025
0 0.6984375 0.2484375 0.03671875 0.04921875
18 0.7171875 0.203125 0.0109375 0.025
18 0.44453125 0.203125 0.0109375 0.025