0 0.24765625 0.5734375 0.05 0.0375
18 0.203125 0.6234375 0.025 0.0109375
0 0.2484375 0.4375 0.05 0.0375
21 0.190625 0.68515625 0.0265625 0.009375
0 0.24765625 0.640625 0.05 0.0375
0 0.103125 0.690625 0.034375 0.090625
0 0.2484375 0.36953125 0.05 0.0375
0 0.2484375 0.50546875 0.05 0.0375
0 0.25078125 0.715625 0.05 0.046875
18 0.203125 0.4203125 0.025 0.0109375
18 0.203125 0.48671875 0.025 0.0109375
18 0.203125 0.35078125 0.025 0.0109375
0 0.2484375 0.3015625 0.05 0.0375
18 0.203125 0.2828125 0.025 0.0109375
18 0.203125 0.55546875 0.025 0.0109375