9 0.73359375 0.75078125 0.00625 0.01875
18 0.6890625 0.84453125 0.009375 0.021875
0 0.75234375 0.76015625 0.0359375 0.025
0 0.60078125 0.921875 0.0328125 0.0375
18 0.646875 0.8453125 0.009375 0.021875
0 0.70859375 0.809375 0.03125 0.0375
0 0.45078125 0.809375 0.03125 0.034375
7 0.6265625 0.9265625 0.0078125 0.021875
0 0.7515625 0.809375 0.03125 0.0375
9 0.690625 0.75234375 0.00625 0.01875
18 0.578125 0.921875 0.009375 0.0296875
0 0.77265625 0.95078125 0.065625 0.0125
0 0.71015625 0.75859375 0.0359375 0.025
18 0.6046875 0.84453125 0.009375 0.0203125
18 0.5609375 0.84375 0.009375 0.0203125
0 0.66640625 0.75859375 0.0359375 0.0234375
0 0.62265625 0.81015625 0.03125 0.0375
18 0.47578125 0.8453125 0.009375 0.0203125
0 0.66640625 0.80859375 0.03125 0.0375
0 0.53828125 0.809375 0.03125 0.0375
0 0.63828125 0.93046875 0.009375 0.0140625
0 0.49453125 0.809375 0.03125 0.0390625
18 0.7765625 0.8453125 0.009375 0.021875
18 0.73359375 0.84453125 0.009375 0.021875
9 0.7765625 0.75078125 0.00625 0.01875
18 0.51875 0.84453125 0.009375 0.0203125
0 0.58046875 0.81015625 0.03125 0.0375