0 0.53671875 0.809375 0.0390625 0.0375
0 0.40859375 0.81015625 0.0296875 0.0375
0 0.3234375 0.809375 0.0296875 0.0375
0 0.36484375 0.809375 0.0296875 0.0375
0 0.70859375 0.80859375 0.0390625 0.0375
0 0.6234375 0.8078125 0.0390625 0.0375
0 0.75078125 0.80859375 0.0390625 0.0359375
0 0.665625 0.80859375 0.0390625 0.0375
0 0.58125 0.80859375 0.0390625 0.0375
0 0.5625 0.92109375 0.025 0.0375
21 0.540625 0.928125 0.009375 0.01875
19 0.77421875 0.83984375 0.01875 0.03125
18 0.34765625 0.84453125 0.009375 0.0203125
18 0.390625 0.84609375 0.009375 0.0203125
0 0.4515625 0.809375 0.0390625 0.0375
18 0.43359375 0.84453125 0.009375 0.0203125
0 0.49375 0.80859375 0.0390625 0.0375
19 0.47421875 0.83984375 0.01875 0.03125
19 0.5171875 0.8390625 0.01875 0.03125
19 0.56015625 0.8390625 0.01875 0.03125
19 0.603125 0.83984375 0.01875 0.03125
19 0.6453125 0.8390625 0.01875 0.03125
19 0.6890625 0.8390625 0.01875 0.03125
19 0.73203125 0.840625 0.01875 0.03125
0 0.77109375 0.9578125 0.0796875 0.03125