0 0.809375 0.46328125 0.0375 0.0390625
0 0.81015625 0.59140625 0.0375 0.0296875
0 0.809375 0.6765625 0.0375 0.0296875
0 0.809375 0.63515625 0.0375 0.0296875
0 0.80859375 0.29140625 0.0375 0.0390625
0 0.8078125 0.3765625 0.0375 0.0390625
0 0.80859375 0.24921875 0.0359375 0.0390625
0 0.80859375 0.334375 0.0375 0.0390625
0 0.80859375 0.41875 0.0375 0.0390625
0 0.92109375 0.4375 0.0375 0.025
21 0.928125 0.459375 0.01875 0.009375
19 0.83984375 0.22578125 0.03125 0.01875
18 0.84453125 0.65234375 0.0203125 0.009375
18 0.84609375 0.609375 0.0203125 0.009375
0 0.809375 0.5484375 0.0375 0.0390625
18 0.84453125 0.56640625 0.0203125 0.009375
0 0.80859375 0.50625 0.0375 0.0390625
19 0.83984375 0.52578125 0.03125 0.01875
19 0.8390625 0.4828125 0.03125 0.01875
19 0.8390625 0.43984375 0.03125 0.01875
19 0.83984375 0.396875 0.03125 0.01875
19 0.8390625 0.3546875 0.03125 0.01875
19 0.8390625 0.3109375 0.03125 0.01875
19 0.840625 0.26796875 0.03125 0.01875
0 0.9578125 0.22890625 0.03125 0.08125