0 0.46328125 0.190625 0.0390625 0.03671875
0 0.59140625 0.18984375 0.0296875 0.03671875
0 0.6765625 0.190625 0.0296875 0.03671875
0 0.63515625 0.190625 0.0296875 0.0375
0 0.29140625 0.19140625 0.0390625 0.03671875
0 0.3765625 0.1921875 0.0390625 0.03671875
0 0.24921875 0.19140625 0.0390625 0.0359375
0 0.334375 0.19140625 0.0390625 0.03671875
0 0.41875 0.19140625 0.0390625 0.03671875
0 0.4375 0.07890625 0.02578125 0.03671875
21 0.459375 0.071875 0.00859375 0.01796875
19 0.22578125 0.16015625 0.01796875 0.03046875
18 0.65234375 0.15546875 0.01015625 0.0203125
18 0.609375 0.15390625 0.01015625 0.0203125
0 0.5484375 0.190625 0.0390625 0.0375
18 0.56640625 0.15546875 0.01015625 0.0203125
0 0.50625 0.19140625 0.0390625 0.03671875
19 0.52578125 0.16015625 0.01796875 0.03046875
19 0.4828125 0.1609375 0.01796875 0.03046875
19 0.43984375 0.1609375 0.01796875 0.03046875
19 0.396875 0.16015625 0.01796875 0.03046875
19 0.3546875 0.1609375 0.01796875 0.03046875
19 0.3109375 0.1609375 0.01796875 0.03046875
19 0.26796875 0.159375 0.01796875 0.03046875
0 0.22890625 0.0421875 0.08046875 0.03046875