0 0.50859375 0.2703125 0.0390625 0.025
18 0.46796875 0.24140625 0.01015625 0.0375
0 0.27421875 0.26953125 0.0390625 0.02421875
18 0.35 0.2421875 0.01015625 0.0375
0 0.3453125 0.140625 0.025 0.021875
0 0.39140625 0.271875 0.0390625 0.02421875
0 0.2421875 0.121875 0.11328125 0.0140625
18 0.378125 0.140625 0.02109375 0.0203125
18 0.4078125 0.24296875 0.01015625 0.0375
18 0.5265625 0.2421875 0.01015625 0.0375
0 0.33359375 0.2703125 0.0390625 0.0265625
0 0.4515625 0.26953125 0.0390625 0.0265625
0 0.21484375 0.26953125 0.0390625 0.02421875
18 0.29140625 0.2421875 0.01015625 0.0375
18 0.23203125 0.2421875 0.01015625 0.0375