0 0.49140625 0.7296875 0.0390625 0.025
18 0.53203125 0.75859375 0.009375 0.0375
0 0.72578125 0.73046875 0.0390625 0.025
18 0.65 0.7578125 0.009375 0.0375
0 0.6546875 0.859375 0.025 0.021875
0 0.60859375 0.728125 0.0390625 0.025
0 0.7578125 0.878125 0.1125 0.0140625
18 0.621875 0.859375 0.021875 0.0203125
18 0.5921875 0.75703125 0.009375 0.0375
18 0.4734375 0.7578125 0.009375 0.0375
0 0.66640625 0.7296875 0.0390625 0.0265625
0 0.5484375 0.73046875 0.0390625 0.0265625
0 0.78515625 0.73046875 0.0390625 0.025
18 0.70859375 0.7578125 0.009375 0.0375
18 0.76796875 0.7578125 0.009375 0.0375