19 0.3953125 0.2796875 0.025 0.0546875
0 0.6 0.28515625 0.0421875 0.071875
0 0.5265625 0.16171875 0.06171875 0.05546875
28 0.4734375 0.1640625 0.03125 0.05
0 0.41875 0.28359375 0.0171875 0.0390625
0 0.6515625 0.284375 0.0296875 0.03984375
0 0.30390625 0.10625 0.1015625 0.03984375
0 0.359375 0.2828125 0.0171875 0.03984375
7 0.55859375 0.2765625 0.00625 0.01796875
0 0.5375 0.28203125 0.0265625 0.04140625
18 0.46796875 0.09921875 0.01328125 0.03828125
21 0.62890625 0.2734375 0.01484375 0.03984375
18 0.509375 0.27265625 0.0140625 0.03828125
0 0.5140625 0.10625 0.03359375 0.04296875
18 0.57109375 0.2734375 0.015625 0.04921875
18 0.27109375 0.2703125 0.0140625 0.03828125
0 0.47734375 0.28359375 0.0171875 0.04140625
19 0.45546875 0.2796875 0.025 0.0546875
0 0.3 0.28515625 0.02734375 0.04140625
19 0.3359375 0.278125 0.025 0.0546875