19 0.6046875 0.7203125 0.025 0.0546875
0 0.4 0.71484375 0.0421875 0.071875
0 0.4734375 0.83828125 0.0625 0.05625
28 0.5265625 0.8359375 0.03125 0.05
0 0.58125 0.71640625 0.0171875 0.0390625
0 0.3484375 0.715625 0.0296875 0.040625
0 0.69609375 0.89375 0.1015625 0.040625
0 0.640625 0.7171875 0.0171875 0.040625
7 0.44140625 0.7234375 0.00625 0.01875
0 0.4625 0.71796875 0.0265625 0.040625
18 0.53203125 0.90078125 0.0125 0.0375
21 0.37109375 0.7265625 0.015625 0.040625
18 0.490625 0.72734375 0.0140625 0.0375
0 0.4859375 0.89375 0.034375 0.04375
18 0.42890625 0.7265625 0.015625 0.05
18 0.72890625 0.7296875 0.0140625 0.0375
0 0.52265625 0.71640625 0.0171875 0.040625
19 0.54453125 0.7203125 0.025 0.0546875
0 0.7 0.71484375 0.028125 0.040625
19 0.6640625 0.721875 0.025 0.0546875