18 0.4125 0.30078125 0.01328125 0.02734375
0 0.86328125 0.3140625 0.040625 0.0265625
18 0.19765625 0.3 0.0125 0.0265625
18 0.253125 0.30078125 0.0125 0.0265625
18 0.68671875 0.3 0.0125 0.0265625
18 0.734375 0.3 0.0125 0.0265625
0 0.23203125 0.3125 0.040625 0.0265625
18 0.7921875 0.29921875 0.0125 0.0265625
18 0.83828125 0.3 0.0125 0.0265625
18 0.8875 0.3 0.0125 0.0265625
0 0.175 0.31328125 0.040625 0.0265625
18 0.93359375 0.3015625 0.0125 0.0265625
18 0.634375 0.3 0.01328125 0.02734375
18 0.58125 0.3015625 0.01328125 0.02734375
18 0.52890625 0.30078125 0.01328125 0.02734375
0 0.3875 0.3125 0.040625 0.0265625
0 0.76875 0.3140625 0.040625 0.0265625
18 0.46640625 0.3 0.01328125 0.02734375
0 0.271875 0.16953125 0.0546875 0.0578125
18 0.359375 0.30078125 0.01328125 0.02734375
0 0.38203125 0.20546875 0.05 0.0421875
18 0.3046875 0.3 0.01328125 0.02734375
0 0.91171875 0.3125 0.040625 0.0265625
0 0.18828125 0.12265625 0.04140625 0.03046875
0 0.33671875 0.3125 0.040625 0.0265625
21 0.30859375 0.178125 0.01328125 0.028125
0 0.6109375 0.3140625 0.040625 0.0265625
7 0.3453125 0.1765625 0.01953125 0.0140625
0 0.66328125 0.3140625 0.040625 0.0265625
0 0.50390625 0.31328125 0.040625 0.0265625
0 0.44453125 0.31484375 0.040625 0.0265625
0 0.7125 0.31328125 0.040625 0.0265625
0 0.28125 0.3140625 0.040625 0.0265625
0 0.81796875 0.31484375 0.040625 0.0265625
0 0.55703125 0.31328125 0.040625 0.0265625