18 0.30078125 0.5875 0.028125 0.0125
0 0.3140625 0.13671875 0.0265625 0.040625
18 0.3 0.80234375 0.0265625 0.0125
18 0.30078125 0.746875 0.0265625 0.0125
18 0.3 0.31328125 0.0265625 0.0125
18 0.3 0.265625 0.0265625 0.0125
0 0.3125 0.76796875 0.0265625 0.040625
18 0.29921875 0.2078125 0.0265625 0.0125
18 0.3 0.16171875 0.0265625 0.0125
18 0.3 0.1125 0.0265625 0.0125
0 0.31328125 0.825 0.0265625 0.040625
18 0.3015625 0.06640625 0.0265625 0.0125
18 0.3 0.365625 0.028125 0.0125
18 0.3015625 0.41875 0.028125 0.0125
18 0.30078125 0.47109375 0.028125 0.0125
0 0.3125 0.6125 0.0265625 0.040625
0 0.3140625 0.23125 0.0265625 0.040625
18 0.3 0.53359375 0.028125 0.0125
0 0.16953125 0.728125 0.0578125 0.0546875
18 0.30078125 0.640625 0.028125 0.0125
0 0.20546875 0.61796875 0.0421875 0.05
18 0.3 0.6953125 0.028125 0.0125
0 0.3125 0.08828125 0.0265625 0.040625
0 0.12265625 0.81171875 0.03125 0.0421875
0 0.3125 0.66328125 0.0265625 0.040625
21 0.178125 0.69140625 0.028125 0.0125
0 0.3140625 0.3890625 0.0265625 0.040625
7 0.1765625 0.6546875 0.0140625 0.01875
0 0.3140625 0.33671875 0.0265625 0.040625
0 0.31328125 0.49609375 0.0265625 0.040625
0 0.31484375 0.55546875 0.0265625 0.040625
0 0.31328125 0.2875 0.0265625 0.040625
0 0.3140625 0.71875 0.0265625 0.040625
0 0.31484375 0.18203125 0.0265625 0.040625
0 0.31328125 0.44296875 0.0265625 0.040625