18 0.69921875 0.4125 0.028125 0.0125
0 0.6859375 0.86328125 0.0265625 0.040625
18 0.7 0.19765625 0.0265625 0.0125
18 0.69921875 0.253125 0.0265625 0.0125
18 0.7 0.68671875 0.0265625 0.0125
18 0.7 0.734375 0.0265625 0.0125
0 0.6875 0.23203125 0.0265625 0.040625
18 0.70078125 0.7921875 0.0265625 0.0125
18 0.7 0.83828125 0.0265625 0.0125
18 0.7 0.8875 0.0265625 0.0125
0 0.68671875 0.175 0.0265625 0.040625
18 0.6984375 0.93359375 0.0265625 0.0125
18 0.7 0.634375 0.028125 0.0125
18 0.6984375 0.58125 0.028125 0.0125
18 0.69921875 0.52890625 0.028125 0.0125
0 0.6875 0.3875 0.0265625 0.040625
0 0.6859375 0.76875 0.0265625 0.040625
18 0.7 0.46640625 0.028125 0.0125
0 0.83046875 0.271875 0.0578125 0.0546875
18 0.69921875 0.359375 0.028125 0.0125
0 0.79453125 0.38203125 0.0421875 0.05
18 0.7 0.3046875 0.028125 0.0125
0 0.6875 0.91171875 0.0265625 0.040625
0 0.87734375 0.18828125 0.03125 0.040625
0 0.6875 0.33671875 0.0265625 0.040625
21 0.821875 0.30859375 0.028125 0.0125
0 0.6859375 0.6109375 0.0265625 0.040625
7 0.8234375 0.3453125 0.0140625 0.01875
0 0.6859375 0.66328125 0.0265625 0.040625
0 0.68671875 0.50390625 0.0265625 0.040625
0 0.68515625 0.44453125 0.0265625 0.040625
0 0.68671875 0.7125 0.0265625 0.040625
0 0.6859375 0.28125 0.0265625 0.040625
0 0.68515625 0.81796875 0.0265625 0.040625
0 0.68671875 0.55703125 0.0265625 0.040625