18 0.5296875 0.24609375 0.01015625 0.02578125
18 0.48828125 0.246875 0.01015625 0.02578125
18 0.446875 0.24453125 0.01015625 0.02578125
0 0.75234375 0.065625 0.01796875 0.01484375
18 0.40546875 0.2453125 0.01015625 0.02578125
18 0.36484375 0.24453125 0.01015625 0.02578125
18 0.3234375 0.24453125 0.01015625 0.02578125
0 0.2203125 0.25546875 0.021875 0.0328125
18 0.28203125 0.24453125 0.01015625 0.02578125
18 0.23515625 0.24453125 0.01015625 0.02578125
0 0.390625 0.25546875 0.02109375 0.0328125
0 0.43203125 0.25546875 0.02109375 0.03046875
0 0.30859375 0.25546875 0.021875 0.0328125
0 0.31640625 0.11171875 0.02109375 0.03203125
0 0.51484375 0.2546875 0.02109375 0.0328125
0 0.55546875 0.25546875 0.02109375 0.03125
0 0.59765625 0.25546875 0.02109375 0.03203125
0 0.265625 0.2546875 0.021875 0.034375
0 0.63984375 0.2546875 0.02109375 0.0328125
0 0.68125 0.2546875 0.02109375 0.03203125
0 0.34921875 0.25546875 0.02109375 0.03203125
0 0.4734375 0.25546875 0.02109375 0.03203125
18 0.33203125 0.1015625 0.0109375 0.025
18 0.696875 0.24453125 0.01015625 0.02578125
18 0.65546875 0.24609375 0.01015625 0.02578125
18 0.6125 0.2453125 0.01015625 0.02578125
18 0.57109375 0.24453125 0.01015625 0.02578125