18 0.24609375 0.4703125 0.025 0.009375
18 0.246875 0.51171875 0.025 0.009375
18 0.24453125 0.553125 0.025 0.009375
0 0.065625 0.24765625 0.015625 0.01875
18 0.2453125 0.59453125 0.025 0.009375
18 0.24453125 0.63515625 0.025 0.009375
18 0.24453125 0.6765625 0.025 0.009375
0 0.25546875 0.7796875 0.0328125 0.021875
18 0.24453125 0.71796875 0.025 0.009375
18 0.24453125 0.76484375 0.025 0.009375
0 0.25546875 0.609375 0.0328125 0.021875
0 0.25546875 0.56796875 0.03125 0.021875
0 0.25546875 0.69140625 0.0328125 0.021875
0 0.11171875 0.68359375 0.03125 0.021875
0 0.2546875 0.48515625 0.0328125 0.021875
0 0.25546875 0.44453125 0.03125 0.021875
0 0.25546875 0.40234375 0.03125 0.021875
0 0.2546875 0.734375 0.034375 0.021875
0 0.2546875 0.36015625 0.0328125 0.021875
0 0.2546875 0.31875 0.03125 0.021875
0 0.25546875 0.65078125 0.03125 0.021875
0 0.25546875 0.5265625 0.03125 0.021875
18 0.1015625 0.66796875 0.025 0.0109375
18 0.24453125 0.303125 0.025 0.009375
18 0.24609375 0.34453125 0.025 0.009375
18 0.2453125 0.3875 0.025 0.009375
18 0.24453125 0.42890625 0.025 0.009375