0 0.25625 0.6515625 0.0328125 0.021875
0 0.25703125 0.278125 0.0328125 0.021875
0 0.25546875 0.1421875 0.03125 0.021875
0 0.065625 0.2484375 0.015625 0.015625
0 0.25546875 0.403125 0.0328125 0.021875
0 0.1125 0.684375 0.03125 0.021875
0 0.26171875 0.4875 0.04375 0.015625
0 0.25625 0.73359375 0.034375 0.021875
0 0.25546875 0.61015625 0.034375 0.021875
0 0.2609375 0.44375 0.040625 0.015625
18 0.2453125 0.0828125 0.028125 0.0109375
18 0.2453125 0.125 0.028125 0.0109375
18 0.24609375 0.221875 0.028125 0.0109375
18 0.24609375 0.265625 0.028125 0.0109375
18 0.24609375 0.3046875 0.028125 0.0109375
0 0.2609375 0.52890625 0.04375 0.015625
0 0.25546875 0.5671875 0.0328125 0.021875
0 0.25625 0.6921875 0.0328125 0.021875
0 0.2609375 0.36015625 0.04375 0.01875
18 0.10234375 0.66796875 0.03125 0.0125
18 0.2453125 0.3859375 0.028125 0.0109375
0 0.25546875 0.096875 0.0328125 0.021875
18 0.24453125 0.553125 0.028125 0.0109375
18 0.2453125 0.59375 0.028125 0.0109375
0 0.25546875 0.31953125 0.034375 0.021875
18 0.24453125 0.6359375 0.028125 0.0109375
18 0.2453125 0.67734375 0.028125 0.0109375
18 0.2453125 0.71796875 0.028125 0.0109375
18 0.24375 0.7640625 0.028125 0.0109375
19 0.25390625 0.1734375 0.040625 0.01875
19 0.25234375 0.3421875 0.040625 0.01875
19 0.25234375 0.42421875 0.040625 0.01875
19 0.253125 0.4703125 0.040625 0.01875
19 0.2515625 0.5109375 0.040625 0.01875
0 0.259375 0.1921875 0.0390625 0.0203125
0 0.25546875 0.7796875 0.0328125 0.021875
0 0.25625 0.2359375 0.034375 0.021875