18 0.71953125 0.265625 0.0265625 0.0171875
18 0.71875 0.32578125 0.0265625 0.01875
21 0.8453125 0.1984375 0.0234375 0.009375
0 0.7015625 0.36015625 0.03125 0.0328125
0 0.7015625 0.3 0.03125 0.0328125
0 0.70234375 0.4203125 0.03125 0.028125
19 0.7125 0.4453125 0.0421875 0.021875
19 0.7140625 0.5046875 0.0421875 0.021875
19 0.7125 0.565625 0.0421875 0.021875
0 0.70234375 0.66015625 0.03125 0.028125
0 0.70234375 0.6015625 0.03125 0.028125
19 0.71328125 0.6234375 0.0421875 0.021875
19 0.7125 0.684375 0.0421875 0.021875
18 0.7203125 0.38515625 0.0265625 0.01875
0 0.703125 0.2421875 0.03125 0.0328125
0 0.8296875 0.228125 0.034375 0.025
0 0.8875 0.68125 0.059375 0.065625
0 0.7015625 0.54296875 0.03125 0.028125
0 0.703125 0.484375 0.0328125 0.028125