18 0.265625 0.28046875 0.0171875 0.0265625
18 0.32578125 0.28125 0.01875 0.0265625
21 0.1984375 0.1546875 0.009375 0.0234375
0 0.36015625 0.2984375 0.0328125 0.03125
0 0.3 0.2984375 0.0328125 0.03125
0 0.4203125 0.29765625 0.028125 0.03125
19 0.4453125 0.2875 0.021875 0.0421875
19 0.5046875 0.2859375 0.021875 0.0421875
19 0.565625 0.2875 0.021875 0.0421875
0 0.66015625 0.29765625 0.028125 0.03125
0 0.6015625 0.29765625 0.028125 0.03125
19 0.6234375 0.28671875 0.021875 0.0421875
19 0.684375 0.2875 0.021875 0.0421875
18 0.38515625 0.2796875 0.01875 0.0265625
0 0.2421875 0.296875 0.0328125 0.03125
0 0.228125 0.1703125 0.025 0.034375
0 0.68125 0.1125 0.065625 0.059375
0 0.54296875 0.2984375 0.028125 0.03125
0 0.484375 0.296875 0.028125 0.0328125