18 0.80625 0.253125 0.01875 0.02578125
18 0.74609375 0.2515625 0.01796875 0.02578125
18 0.68671875 0.253125 0.0171875 0.02578125
0 0.60234375 0.2765625 0.0328125 0.04609375
0 0.66171875 0.2671875 0.03359375 0.0296875
21 0.17734375 0.1265625 0.00859375 0.021875
21 0.6875 0.178125 0.00859375 0.02421875
19 0.26484375 0.2609375 0.02265625 0.04140625
0 0.83984375 0.26796875 0.03359375 0.0296875
19 0.32421875 0.26015625 0.02265625 0.04140625
19 0.384375 0.2609375 0.02265625 0.04140625
19 0.44375 0.26015625 0.02265625 0.04140625
19 0.5015625 0.26015625 0.02265625 0.04140625
19 0.62109375 0.2609375 0.02265625 0.04140625
0 0.78046875 0.26796875 0.03359375 0.028125
0 0.2125 0.128125 0.0234375 0.03046875
0 0.29921875 0.2765625 0.0328125 0.0453125
0 0.721875 0.2671875 0.03359375 0.028125
0 0.23984375 0.2765625 0.0328125 0.0453125
0 0.4171875 0.27734375 0.0328125 0.04765625
19 0.56328125 0.26015625 0.02265625 0.04140625
0 0.87734375 0.0984375 0.0609375 0.0578125
0 0.665625 0.184375 0.025 0.0234375
0 0.359375 0.2765625 0.0328125 0.0453125
0 0.48203125 0.278125 0.0328125 0.04375
0 0.5421875 0.2765625 0.0328125 0.046875
18 0.865625 0.25234375 0.01796875 0.02578125