0 0.24140625 0.35703125 0.01796875 0.0203125
9 0.125 0.2984375 0.00546875 0.015625
0 0.66640625 0.24765625 0.04296875 0.03515625
0 0.31953125 0.35703125 0.01796875 0.01875
21 0.125 0.27109375 0.00546875 0.01484375
18 0.53828125 0.34765625 0.00859375 0.01875
18 0.453125 0.34765625 0.00625 0.01640625
0 0.28125 0.35625 0.01796875 0.01953125
0 0.1609375 0.35625 0.01796875 0.02109375
18 0.41328125 0.346875 0.00625 0.01640625
18 0.33359375 0.34765625 0.00625 0.01640625
18 0.37421875 0.346875 0.00625 0.01640625
18 0.29765625 0.346875 0.01171875 0.01640625
0 0.3609375 0.35625 0.01796875 0.0203125
18 0.25703125 0.346875 0.0109375 0.01640625
18 0.21796875 0.346875 0.01171875 0.01640625
0 0.47890625 0.3578125 0.01796875 0.0203125
18 0.178125 0.346875 0.0109375 0.01640625
18 0.49609375 0.34765625 0.01171875 0.01640625
0 0.5234375 0.35703125 0.01796875 0.0203125
0 0.15234375 0.27265625 0.0171875 0.01875
0 0.15 0.30859375 0.01796875 0.01953125
0 0.20078125 0.35625 0.01796875 0.01953125
0 0.4 0.35703125 0.01796875 0.01875
0 0.43984375 0.3578125 0.01796875 0.01875