0 0.35703125 0.75859375 0.0203125 0.01875
9 0.2984375 0.875 0.015625 0.00625
0 0.24765625 0.33359375 0.034375 0.04375
0 0.35703125 0.68046875 0.01875 0.01875
21 0.27109375 0.875 0.015625 0.00625
18 0.34765625 0.46171875 0.01875 0.009375
18 0.34765625 0.546875 0.015625 0.00625
0 0.35625 0.71875 0.01875 0.01875
0 0.35625 0.8390625 0.021875 0.01875
18 0.346875 0.58671875 0.015625 0.00625
18 0.34765625 0.66640625 0.015625 0.00625
18 0.346875 0.62578125 0.015625 0.00625
18 0.346875 0.70234375 0.015625 0.0125
0 0.35625 0.6390625 0.0203125 0.01875
18 0.346875 0.74296875 0.015625 0.0109375
18 0.346875 0.78203125 0.015625 0.0125
0 0.3578125 0.52109375 0.0203125 0.01875
18 0.346875 0.821875 0.015625 0.0109375
18 0.34765625 0.50390625 0.015625 0.0125
0 0.35703125 0.4765625 0.0203125 0.01875
0 0.27265625 0.84765625 0.01875 0.0171875
0 0.30859375 0.85 0.01875 0.01875
0 0.35625 0.79921875 0.01875 0.01875
0 0.35703125 0.6 0.01875 0.01875
0 0.3578125 0.56015625 0.01875 0.01875