19 0.3375 0.3953125 0.021875 0.03125
0 0.1703125 0.29453125 0.0515625 0.03515625
19 0.528125 0.39609375 0.021875 0.03125
19 0.4640625 0.39609375 0.021875 0.03125
19 0.14765625 0.3953125 0.021875 0.03125
19 0.17890625 0.39609375 0.021875 0.03125
19 0.2109375 0.396875 0.021875 0.03125
19 0.24296875 0.39609375 0.021875 0.03125
19 0.27421875 0.39609375 0.021875 0.03125
19 0.30625 0.39609375 0.021875 0.03125
19 0.43359375 0.396875 0.021875 0.03125
19 0.40078125 0.3953125 0.021875 0.03125
28 0.1359375 0.30078125 0.01484375 0.02421875
19 0.36875 0.39453125 0.021875 0.03125
0 0.175 0.25703125 0.0734375 0.0203125
19 0.49609375 0.39609375 0.021875 0.03125