19 0.3953125 0.6625 0.03125 0.021875
0 0.29453125 0.8296875 0.034375 0.0515625
19 0.39609375 0.471875 0.03125 0.021875
19 0.39609375 0.5359375 0.03125 0.021875
19 0.3953125 0.85234375 0.03125 0.021875
19 0.39609375 0.82109375 0.03125 0.021875
19 0.396875 0.7890625 0.03125 0.021875
19 0.39609375 0.75703125 0.03125 0.021875
19 0.39609375 0.72578125 0.03125 0.021875
19 0.39609375 0.69375 0.03125 0.021875
19 0.396875 0.56640625 0.03125 0.021875
19 0.3953125 0.59921875 0.03125 0.021875
28 0.30078125 0.8640625 0.025 0.015625
19 0.39453125 0.63125 0.03125 0.021875
0 0.25703125 0.825 0.0203125 0.0734375
19 0.39609375 0.50390625 0.03125 0.021875