0 0.15859375 0.5484375 0.025 0.028125
21 0.0640625 0.6125 0.0234375 0.0125
18 0.1640625 0.65703125 0.0375 0.015625
18 0.16328125 0.61328125 0.0375 0.015625
18 0.1625 0.56953125 0.0375 0.015625
18 0.1625 0.521875 0.0375 0.015625
18 0.16328125 0.4765625 0.0375 0.015625
18 0.16328125 0.43203125 0.0375 0.015625
18 0.1625 0.38515625 0.0375 0.015625
19 0.17265625 0.7078125 0.053125 0.0265625
19 0.17109375 0.7546875 0.053125 0.0265625
19 0.17109375 0.7984375 0.053125 0.0265625
0 0.15859375 0.409375 0.0265625 0.0296875
0 0.0609375 0.63515625 0.0375 0.034375
0 0.15390625 0.77578125 0.0359375 0.03125
0 0.15859375 0.49921875 0.0265625 0.0296875
0 0.1578125 0.5921875 0.025 0.028125
0 0.15703125 0.4546875 0.0265625 0.0296875
0 0.1546875 0.68359375 0.0359375 0.03125
0 0.0734375 0.746875 0.04375 0.1171875
0 0.15859375 0.63671875 0.025 0.028125
0 0.1578125 0.36328125 0.0265625 0.0296875
0 0.15546875 0.7296875 0.0359375 0.03125