18 0.45546875 0.2140625 0.0125 0.02421875
18 0.56171875 0.2140625 0.0125 0.02421875
18 0.35234375 0.21328125 0.0125 0.02421875
0 0.3859375 0.2453125 0.028125 0.0515625
18 0.40546875 0.21328125 0.0125 0.02421875
0 0.228125 0.2453125 0.028125 0.05078125
0 0.48984375 0.24765625 0.028125 0.0515625
18 0.50859375 0.21328125 0.0125 0.02421875
0 0.75078125 0.24453125 0.028125 0.0515625
0 0.27890625 0.2453125 0.028125 0.0484375
18 0.29921875 0.215625 0.0125 0.02421875
0 0.4375 0.246875 0.028125 0.0515625
18 0.66484375 0.2125 0.0125 0.02421875
0 0.69921875 0.2453125 0.028125 0.05
0 0.2328125 0.0515625 0.09375 0.01484375
18 0.6140625 0.2125 0.0125 0.02421875
0 0.1765625 0.24375 0.028125 0.05078125
0 0.540625 0.24609375 0.028125 0.0515625
18 0.7171875 0.21328125 0.0125 0.02421875
0 0.33359375 0.2453125 0.028125 0.0515625
18 0.76953125 0.2125 0.0125 0.02421875
18 0.1953125 0.2140625 0.0125 0.02421875
18 0.246875 0.2140625 0.0125 0.02421875
18 0.3390625 0.0765625 0.0109375 0.02578125
0 0.6453125 0.24609375 0.028125 0.05
0 0.3796875 0.10859375 0.05625 0.04140625
0 0.59296875 0.24609375 0.028125 0.05