18 0.2140625 0.54453125 0.025 0.0125
18 0.2140625 0.43828125 0.025 0.0125
18 0.21328125 0.64765625 0.025 0.0125
0 0.2453125 0.6140625 0.0515625 0.028125
18 0.21328125 0.59453125 0.025 0.0125
0 0.2453125 0.771875 0.05 0.028125
0 0.24765625 0.51015625 0.0515625 0.028125
18 0.21328125 0.49140625 0.025 0.0125
0 0.24453125 0.24921875 0.0515625 0.028125
0 0.2453125 0.72109375 0.0484375 0.028125
18 0.215625 0.70078125 0.025 0.0125
0 0.246875 0.5625 0.0515625 0.028125
18 0.2125 0.33515625 0.025 0.0125
0 0.2453125 0.30078125 0.05 0.028125
0 0.0515625 0.7671875 0.015625 0.09375
18 0.2125 0.3859375 0.025 0.0125
0 0.24375 0.8234375 0.05 0.028125
0 0.24609375 0.459375 0.0515625 0.028125
18 0.21328125 0.2828125 0.025 0.0125
0 0.2453125 0.66640625 0.0515625 0.028125
18 0.2125 0.23046875 0.025 0.0125
18 0.2140625 0.8046875 0.025 0.0125
18 0.2140625 0.753125 0.025 0.0125
18 0.0765625 0.6609375 0.025 0.0109375
0 0.24609375 0.3546875 0.05 0.028125
0 0.10859375 0.6203125 0.040625 0.05625
0 0.24609375 0.40703125 0.05 0.028125