0 0.15390625 0.18203125 0.0328125 0.03125
0 0.1546875 0.45625 0.0328125 0.03125
0 0.15390625 0.5484375 0.0328125 0.03125
19 0.171875 0.159375 0.053125 0.028125
0 0.06171875 0.6828125 0.034375 0.034375
19 0.171875 0.20625 0.053125 0.028125
19 0.17109375 0.253125 0.053125 0.028125
19 0.17109375 0.29765625 0.053125 0.028125
0 0.153125 0.59453125 0.0328125 0.03125
19 0.17109375 0.34296875 0.053125 0.028125
19 0.17109375 0.3890625 0.053125 0.028125
0 0.15390625 0.36640625 0.0328125 0.03125
19 0.171875 0.4359375 0.053125 0.028125
19 0.17265625 0.478125 0.053125 0.028125
19 0.17109375 0.5234375 0.053125 0.028125
19 0.171875 0.571875 0.053125 0.028125
19 0.1703125 0.6171875 0.053125 0.028125
0 0.15390625 0.13671875 0.0328125 0.03125
0 0.15390625 0.41328125 0.0328125 0.03125
0 0.15390625 0.31875 0.0328125 0.03125
0 0.153125 0.2296875 0.0328125 0.03125
19 0.171875 0.66484375 0.053125 0.028125
0 0.1546875 0.50234375 0.0328125 0.03125
19 0.171875 0.71015625 0.053125 0.028125
19 0.16953125 0.75234375 0.053125 0.028125
19 0.17109375 0.79765625 0.053125 0.028125
21 0.0640625 0.66015625 0.021875 0.0125
0 0.153125 0.77265625 0.0328125 0.03125
0 0.07109375 0.753125 0.046875 0.1265625
0 0.15390625 0.7296875 0.0328125 0.03125
0 0.15390625 0.640625 0.0328125 0.03125
0 0.15390625 0.27421875 0.0328125 0.03125
0 0.15390625 0.68515625 0.0328125 0.03125