0 0.81796875 0.15390625 0.03125 0.0328125
0 0.54375 0.1546875 0.03125 0.0328125
0 0.4515625 0.15390625 0.03125 0.0328125
19 0.840625 0.171875 0.028125 0.053125
0 0.3171875 0.06171875 0.034375 0.03359375
19 0.79375 0.171875 0.028125 0.053125
19 0.746875 0.17109375 0.028125 0.053125
19 0.70234375 0.17109375 0.028125 0.053125
0 0.40546875 0.153125 0.03125 0.0328125
19 0.65703125 0.17109375 0.028125 0.053125
19 0.6109375 0.17109375 0.028125 0.053125
0 0.63359375 0.15390625 0.03125 0.0328125
19 0.5640625 0.171875 0.028125 0.053125
19 0.521875 0.17265625 0.028125 0.053125
19 0.4765625 0.17109375 0.028125 0.053125
19 0.428125 0.171875 0.028125 0.053125
19 0.3828125 0.1703125 0.028125 0.053125
0 0.86328125 0.15390625 0.03125 0.0328125
0 0.58671875 0.15390625 0.03125 0.0328125
0 0.68125 0.15390625 0.03125 0.0328125
0 0.7703125 0.153125 0.03125 0.0328125
19 0.33515625 0.171875 0.028125 0.053125
0 0.49765625 0.1546875 0.03125 0.0328125
19 0.28984375 0.171875 0.028125 0.053125
19 0.24765625 0.16953125 0.028125 0.053125
19 0.20234375 0.17109375 0.028125 0.053125
21 0.33984375 0.0640625 0.01328125 0.02109375
0 0.22734375 0.153125 0.03125 0.0328125
0 0.246875 0.07109375 0.1265625 0.04765625
0 0.2703125 0.15390625 0.03125 0.0328125
0 0.359375 0.15390625 0.03125 0.0328125
0 0.72578125 0.15390625 0.03125 0.0328125
0 0.31484375 0.15390625 0.03125 0.0328125