0 0.84609375 0.81796875 0.0328125 0.03125
0 0.8453125 0.54375 0.0328125 0.03125
0 0.84609375 0.4515625 0.0328125 0.03125
19 0.828125 0.840625 0.053125 0.028125
0 0.93828125 0.3171875 0.034375 0.034375
19 0.828125 0.79375 0.053125 0.028125
19 0.82890625 0.746875 0.053125 0.028125
19 0.82890625 0.70234375 0.053125 0.028125
0 0.846875 0.40546875 0.0328125 0.03125
19 0.82890625 0.65703125 0.053125 0.028125
19 0.82890625 0.6109375 0.053125 0.028125
0 0.84609375 0.63359375 0.0328125 0.03125
19 0.828125 0.5640625 0.053125 0.028125
19 0.82734375 0.521875 0.053125 0.028125
19 0.82890625 0.4765625 0.053125 0.028125
19 0.828125 0.428125 0.053125 0.028125
19 0.8296875 0.3828125 0.053125 0.028125
0 0.84609375 0.86328125 0.0328125 0.03125
0 0.84609375 0.58671875 0.0328125 0.03125
0 0.84609375 0.68125 0.0328125 0.03125
0 0.846875 0.7703125 0.0328125 0.03125
19 0.828125 0.33515625 0.053125 0.028125
0 0.8453125 0.49765625 0.0328125 0.03125
19 0.828125 0.28984375 0.053125 0.028125
19 0.83046875 0.24765625 0.053125 0.028125
19 0.82890625 0.20234375 0.053125 0.028125
21 0.9359375 0.33984375 0.021875 0.0125
0 0.846875 0.22734375 0.0328125 0.03125
0 0.92890625 0.246875 0.046875 0.1265625
0 0.84609375 0.2703125 0.0328125 0.03125
0 0.84609375 0.359375 0.0328125 0.03125
0 0.84609375 0.72578125 0.0328125 0.03125
0 0.84609375 0.31484375 0.0328125 0.03125