18 0.28203125 0.3765625 0.00859375 0.040625
18 0.33515625 0.3765625 0.00859375 0.040625
18 0.3859375 0.37890625 0.00859375 0.040625
0 0.4203125 0.40078125 0.03125 0.0265625
0 0.22109375 0.2359375 0.07421875 0.0328125
0 0.36875 0.4 0.03125 0.0265625
21 0.3609375 0.27890625 0.00859375 0.0203125
18 0.18125 0.378125 0.00859375 0.040625
18 0.23046875 0.378125 0.00859375 0.040625
18 0.43828125 0.378125 0.00859375 0.040625
0 0.32578125 0.28359375 0.028125 0.0203125
0 0.16328125 0.4 0.03125 0.028125
0 0.3171875 0.4 0.03125 0.0265625
0 0.2640625 0.4 0.03125 0.02734375
0 0.2125 0.39921875 0.03125 0.02890625