18 0.6234375 0.28203125 0.040625 0.009375
18 0.6234375 0.33515625 0.040625 0.009375
18 0.62109375 0.3859375 0.040625 0.009375
0 0.59921875 0.4203125 0.0265625 0.03125
0 0.7640625 0.22109375 0.0328125 0.075
0 0.6 0.36875 0.0265625 0.03125
21 0.72109375 0.3609375 0.0203125 0.009375
18 0.621875 0.18125 0.040625 0.009375
18 0.621875 0.23046875 0.040625 0.009375
18 0.621875 0.43828125 0.040625 0.009375
0 0.71640625 0.32578125 0.0203125 0.028125
0 0.6 0.16328125 0.028125 0.03125
0 0.6 0.3171875 0.0265625 0.03125
0 0.6 0.2640625 0.028125 0.03125
0 0.60078125 0.2125 0.028125 0.03125