18 0.71796875 0.6234375 0.009375 0.040625
18 0.66484375 0.6234375 0.009375 0.040625
18 0.6140625 0.62109375 0.009375 0.040625
0 0.5796875 0.59921875 0.03125 0.0265625
0 0.77890625 0.7640625 0.075 0.0328125
0 0.63125 0.6 0.03125 0.0265625
21 0.6390625 0.72109375 0.009375 0.0203125
18 0.81875 0.621875 0.009375 0.040625
18 0.76953125 0.621875 0.009375 0.040625
18 0.56171875 0.621875 0.009375 0.040625
0 0.67421875 0.71640625 0.028125 0.0203125
0 0.83671875 0.6 0.03125 0.028125
0 0.6828125 0.6 0.03125 0.0265625
0 0.7359375 0.6 0.03125 0.028125
0 0.7875 0.60078125 0.03125 0.028125