18 0.621875 0.6921875 0.040625 0.009375
18 0.62109375 0.64375 0.040625 0.009375
18 0.62109375 0.59296875 0.040625 0.009375
18 0.62109375 0.54375 0.040625 0.009375
18 0.62109375 0.49453125 0.040625 0.009375
18 0.62109375 0.43359375 0.040625 0.009375
18 0.6203125 0.38203125 0.040625 0.009375
18 0.62109375 0.33046875 0.040625 0.009375
18 0.62109375 0.28203125 0.040625 0.009375
18 0.62109375 0.23046875 0.040625 0.009375
18 0.62109375 0.18125 0.040625 0.009375
21 0.72890625 0.303125 0.01875 0.009375
26 0.57421875 0.64453125 0.015625 0.0125
0 0.7703125 0.19609375 0.03125 0.0765625
0 0.6 0.36328125 0.028125 0.03125
0 0.56796875 0.62734375 0.0296875 0.0234375
0 0.59921875 0.31328125 0.028125 0.03125
0 0.5984375 0.67421875 0.028125 0.03125
0 0.59921875 0.16328125 0.028125 0.03125
0 0.7 0.27734375 0.0296875 0.03125
0 0.6 0.625 0.0296875 0.03125
0 0.6 0.2125 0.028125 0.03125
0 0.74453125 0.26796875 0.021875 0.03125
0 0.5984375 0.2640625 0.028125 0.03125
9 0.6953125 0.303125 0.025 0.009375
0 0.59921875 0.4765625 0.028125 0.03125
0 0.59921875 0.52578125 0.028125 0.03125
0 0.59921875 0.41484375 0.028125 0.03125
0 0.6 0.57578125 0.028125 0.03125