18 0.6921875 0.378125 0.009375 0.040625
18 0.64375 0.37890625 0.009375 0.040625
18 0.59296875 0.37890625 0.009375 0.040625
18 0.54375 0.37890625 0.009375 0.040625
18 0.49453125 0.37890625 0.009375 0.040625
18 0.43359375 0.37890625 0.009375 0.040625
18 0.38203125 0.3796875 0.009375 0.040625
18 0.33046875 0.37890625 0.009375 0.040625
18 0.28203125 0.37890625 0.009375 0.040625
18 0.23046875 0.37890625 0.009375 0.040625
18 0.18125 0.37890625 0.009375 0.040625
21 0.303125 0.27109375 0.009375 0.01875
26 0.64453125 0.42578125 0.0125 0.015625
0 0.19609375 0.2296875 0.0765625 0.03125
0 0.36328125 0.4 0.03125 0.028125
0 0.62734375 0.43203125 0.0234375 0.0296875
0 0.31328125 0.40078125 0.03125 0.028125
0 0.67421875 0.4015625 0.03125 0.028125
0 0.16328125 0.40078125 0.03125 0.028125
0 0.27734375 0.3 0.03125 0.0296875
0 0.625 0.4 0.03125 0.0296875
0 0.2125 0.4 0.03125 0.028125
0 0.26796875 0.25546875 0.03125 0.021875
0 0.2640625 0.4015625 0.03125 0.028125
9 0.303125 0.3046875 0.009375 0.025
0 0.4765625 0.40078125 0.03125 0.028125
0 0.52578125 0.40078125 0.03125 0.028125
0 0.41484375 0.40078125 0.03125 0.028125
0 0.57578125 0.4 0.03125 0.028125