0 0.28046875 0.303125 0.034375 0.0171875
18 0.38515625 0.378125 0.0109375 0.04375
18 0.18125 0.37890625 0.0109375 0.04375
0 0.2625 0.4 0.03125 0.028125
18 0.4421875 0.37890625 0.0109375 0.04375
0 0.36796875 0.40078125 0.03125 0.0296875
18 0.23125 0.378125 0.009375 0.040625
0 0.196875 0.23515625 0.0765625 0.021875
0 0.2703125 0.2515625 0.0296875 0.021875
0 0.42265625 0.4015625 0.03125 0.028125
0 0.315625 0.4015625 0.03125 0.028125
9 0.30234375 0.3 0.0078125 0.025
0 0.1640625 0.40078125 0.03125 0.028125
0 0.2140625 0.4 0.03125 0.028125
18 0.33359375 0.37890625 0.0109375 0.04375
18 0.278125 0.37734375 0.0109375 0.04375
21 0.30234375 0.26328125 0.009375 0.01875