0 0.78671875 0.58984375 0.028125 0.028125
0 0.6859375 0.58984375 0.028125 0.028125
19 0.715625 0.6046875 0.01875 0.028125
0 0.8375 0.6 0.03125 0.028125
0 0.8046875 0.7640625 0.078125 0.021875
19 0.7671875 0.60625 0.01875 0.028125
0 0.47265625 0.6 0.03125 0.0265625
18 0.353125 0.61171875 0.009375 0.021875
0 0.42265625 0.590625 0.028125 0.028125
18 0.6109375 0.61015625 0.009375 0.021875
0 0.37109375 0.6 0.03125 0.025
0 0.57734375 0.6 0.03125 0.0265625
0 0.675 0.7171875 0.03125 0.0203125
18 0.559375 0.61015625 0.009375 0.021875
18 0.50625 0.61171875 0.009375 0.021875
0 0.7375 0.590625 0.028125 0.028125
21 0.63984375 0.72265625 0.009375 0.021875
18 0.45390625 0.6109375 0.009375 0.021875
18 0.81953125 0.6109375 0.009375 0.021875
0 0.52578125 0.59921875 0.03125 0.025
0 0.6296875 0.6 0.03125 0.0265625
19 0.40234375 0.60546875 0.01875 0.028125
19 0.6640625 0.60390625 0.01875 0.028125