0 0.21328125 0.41015625 0.02890625 0.02890625
0 0.3140625 0.41015625 0.02890625 0.028125
19 0.284375 0.3953125 0.01875 0.02734375
0 0.1625 0.4 0.03203125 0.02734375
0 0.1953125 0.2359375 0.078125 0.02109375
19 0.2328125 0.39375 0.01875 0.02734375
0 0.52734375 0.4 0.03203125 0.0265625
18 0.646875 0.38828125 0.009375 0.021875
0 0.57734375 0.409375 0.02890625 0.028125
18 0.3890625 0.38984375 0.009375 0.021875
0 0.62890625 0.4 0.03203125 0.025
0 0.42265625 0.4 0.03203125 0.0265625
0 0.325 0.2828125 0.03203125 0.0203125
18 0.440625 0.38984375 0.009375 0.021875
18 0.49375 0.38828125 0.009375 0.021875
0 0.2625 0.409375 0.02890625 0.02890625
21 0.36015625 0.27734375 0.009375 0.02265625
18 0.54609375 0.3890625 0.009375 0.021875
18 0.18046875 0.3890625 0.009375 0.021875
0 0.47421875 0.40078125 0.03203125 0.02578125
0 0.3703125 0.4 0.03203125 0.0265625
19 0.59765625 0.39453125 0.01875 0.02734375
19 0.3359375 0.39609375 0.01875 0.02734375