18 0.33671875 0.81015625 0.015625 0.0078125
18 0.33515625 0.8421875 0.015625 0.0078125
18 0.3359375 0.590625 0.015625 0.0078125
18 0.3359375 0.621875 0.015625 0.0078125
0 0.34140625 0.72578125 0.015625 0.015625
0 0.28125 0.8171875 0.015625 0.021875
0 0.3421875 0.82109375 0.015625 0.015625
18 0.3359375 0.653125 0.015625 0.0078125
18 0.33671875 0.68515625 0.015625 0.0078125
18 0.33671875 0.778125 0.015625 0.0078125
18 0.33515625 0.7484375 0.015625 0.0078125
0 0.3421875 0.50546875 0.015625 0.015625
18 0.3359375 0.715625 0.015625 0.0078125
18 0.26875 0.7984375 0.015625 0.0078125
0 0.3421875 0.47421875 0.015625 0.015625
18 0.3359375 0.36953125 0.015625 0.0078125
0 0.3421875 0.6328125 0.015625 0.015625
0 0.3421875 0.69375 0.015625 0.015625
0 0.34140625 0.78984375 0.015625 0.015625
0 0.3421875 0.60078125 0.015625 0.015625
18 0.3359375 0.4015625 0.015625 0.0078125
0 0.3421875 0.3796875 0.015625 0.015625
18 0.3359375 0.43359375 0.015625 0.0078125
0 0.3421875 0.853125 0.015625 0.015625
18 0.33515625 0.46484375 0.015625 0.0078125
18 0.33515625 0.4953125 0.015625 0.0078125
0 0.3421875 0.56875 0.015625 0.015625
0 0.3421875 0.5375 0.015625 0.015625
0 0.3421875 0.4109375 0.015625 0.015625
0 0.34140625 0.44296875 0.015625 0.015625
18 0.3359375 0.52734375 0.015625 0.0078125
0 0.3421875 0.6640625 0.015625 0.015625
0 0.2484375 0.86015625 0.015625 0.01875
18 0.3359375 0.55859375 0.015625 0.0078125
0 0.34140625 0.7578125 0.015625 0.015625