18 0.18984375 0.33671875 0.0078125 0.015625
18 0.1578125 0.33515625 0.0078125 0.015625
18 0.409375 0.3359375 0.0078125 0.015625
18 0.378125 0.3359375 0.0078125 0.015625
0 0.27421875 0.34140625 0.015625 0.015625
0 0.1828125 0.28125 0.021875 0.015625
0 0.17890625 0.3421875 0.015625 0.015625
18 0.346875 0.3359375 0.0078125 0.015625
18 0.31484375 0.33671875 0.0078125 0.015625
18 0.221875 0.33671875 0.0078125 0.015625
18 0.2515625 0.33515625 0.0078125 0.015625
0 0.49453125 0.3421875 0.015625 0.015625
18 0.284375 0.3359375 0.0078125 0.015625
18 0.2015625 0.26875 0.00625 0.015625
0 0.52578125 0.3421875 0.015625 0.015625
18 0.63046875 0.3359375 0.0078125 0.015625
0 0.3671875 0.3421875 0.015625 0.015625
0 0.30625 0.3421875 0.015625 0.015625
0 0.21015625 0.34140625 0.015625 0.015625
0 0.39921875 0.3421875 0.015625 0.015625
18 0.5984375 0.3359375 0.0078125 0.015625
0 0.6203125 0.3421875 0.015625 0.015625
18 0.56640625 0.3359375 0.0078125 0.015625
0 0.146875 0.3421875 0.015625 0.015625
18 0.53515625 0.33515625 0.0078125 0.015625
18 0.5046875 0.33515625 0.0078125 0.015625
0 0.43125 0.3421875 0.015625 0.015625
0 0.4625 0.3421875 0.015625 0.015625
0 0.5890625 0.3421875 0.015625 0.015625
0 0.55703125 0.34140625 0.015625 0.015625
18 0.47265625 0.3359375 0.0078125 0.015625
0 0.3359375 0.3421875 0.015625 0.015625
0 0.13984375 0.2484375 0.01875 0.015625
18 0.44140625 0.3359375 0.0078125 0.015625
0 0.2421875 0.34140625 0.015625 0.015625