0 0.14296875 0.39765625 0.015625 0.021875
19 0.44453125 0.390625 0.015625 0.0265625
19 0.159375 0.39140625 0.015625 0.0265625
19 0.2859375 0.39140625 0.015625 0.0265625
19 0.3171875 0.39140625 0.015625 0.0265625
18 0.2015625 0.2671875 0.009375 0.01875
0 0.2703125 0.39765625 0.015625 0.021875
19 0.34921875 0.39140625 0.015625 0.0265625
0 0.33359375 0.3984375 0.015625 0.021875
19 0.3796875 0.39140625 0.015625 0.0265625
0 0.23828125 0.39765625 0.015625 0.021875
19 0.203125 0.3109375 0.015625 0.03125
19 0.41328125 0.39140625 0.015625 0.0265625
0 0.365625 0.3984375 0.015625 0.021875
0 0.1796875 0.3203125 0.0296875 0.0203125
0 0.39765625 0.39765625 0.015625 0.021875
0 0.30234375 0.3984375 0.015625 0.021875
19 0.221875 0.390625 0.015625 0.0265625
0 0.18203125 0.28046875 0.021875 0.0171875
0 0.4296875 0.3984375 0.015625 0.021875
19 0.190625 0.390625 0.015625 0.0265625
0 0.17578125 0.3984375 0.015625 0.021875
0 0.20703125 0.39765625 0.015625 0.021875
0 0.13984375 0.24296875 0.0203125 0.015625
19 0.253125 0.39140625 0.015625 0.0265625