0 0.85703125 0.60234375 0.015625 0.0234375
19 0.55546875 0.609375 0.015625 0.0265625
19 0.840625 0.60859375 0.015625 0.0265625
19 0.7140625 0.60859375 0.015625 0.0265625
19 0.6828125 0.60859375 0.015625 0.0265625
18 0.7984375 0.7328125 0.009375 0.01875
0 0.7296875 0.60234375 0.015625 0.021875
19 0.65078125 0.60859375 0.015625 0.0265625
0 0.66640625 0.6015625 0.015625 0.021875
19 0.6203125 0.60859375 0.015625 0.0265625
0 0.76171875 0.60234375 0.015625 0.021875
19 0.796875 0.6890625 0.015625 0.03125
19 0.58671875 0.60859375 0.015625 0.0265625
0 0.634375 0.6015625 0.015625 0.021875
0 0.8203125 0.6796875 0.0296875 0.0203125
0 0.60234375 0.60234375 0.015625 0.021875
0 0.69765625 0.6015625 0.015625 0.021875
19 0.778125 0.609375 0.015625 0.0265625
0 0.81796875 0.71953125 0.021875 0.0171875
0 0.5703125 0.6015625 0.015625 0.021875
19 0.809375 0.609375 0.015625 0.0265625
0 0.82421875 0.6015625 0.015625 0.021875
0 0.79296875 0.60234375 0.015625 0.021875
0 0.86015625 0.75703125 0.0203125 0.015625
19 0.746875 0.60859375 0.015625 0.0265625