18 0.2421875 0.2234375 0.0109375 0.0265625
18 0.50546875 0.2234375 0.0109375 0.0265625
18 0.6625 0.22578125 0.0109375 0.0265625
18 0.76640625 0.225 0.009375 0.028125
18 0.81796875 0.225 0.009375 0.028125
18 0.87265625 0.2265625 0.009375 0.028125
18 0.925 0.225 0.009375 0.028125
18 0.25859375 0.11640625 0.009375 0.0265625
18 0.6109375 0.22578125 0.009375 0.028125
19 0.45234375 0.2828125 0.034375 0.040625
0 0.803125 0.2453125 0.0296875 0.0234375
0 0.33203125 0.2453125 0.0296875 0.0234375
0 0.59375 0.24609375 0.0296875 0.021875
0 0.64609375 0.24609375 0.0296875 0.021875
0 0.6984375 0.24609375 0.0296875 0.021875
18 0.5578125 0.225 0.009375 0.028125
0 0.54140625 0.2453125 0.0296875 0.025
18 0.3484375 0.2265625 0.009375 0.028125
0 0.90859375 0.2453125 0.0296875 0.021875
0 0.7515625 0.24609375 0.0296875 0.021875
0 0.22734375 0.2453125 0.0296875 0.0234375
18 0.2953125 0.2265625 0.009375 0.028125
0 0.2375 0.11875 0.0265625 0.021875
0 0.27890625 0.24609375 0.0296875 0.0234375
0 0.85625 0.2453125 0.0296875 0.021875
0 0.38515625 0.24609375 0.0296875 0.021875
0 0.43671875 0.25078125 0.0296875 0.0375
0 0.31015625 0.115625 0.0171875 0.015625
18 0.40078125 0.22421875 0.0109375 0.0265625
18 0.71640625 0.22578125 0.009375 0.028125
0 0.48984375 0.24609375 0.0296875 0.021875