18 0.2234375 0.7578125 0.0265625 0.0109375
18 0.2234375 0.49453125 0.0265625 0.0109375
18 0.22578125 0.3375 0.0265625 0.0109375
18 0.225 0.23359375 0.028125 0.009375
18 0.225 0.18203125 0.028125 0.009375
18 0.2265625 0.12734375 0.028125 0.009375
18 0.225 0.075 0.028125 0.009375
18 0.11640625 0.74140625 0.0265625 0.009375
18 0.22578125 0.3890625 0.028125 0.009375
19 0.2828125 0.54765625 0.040625 0.034375
0 0.2453125 0.196875 0.0234375 0.0296875
0 0.2453125 0.66796875 0.0234375 0.0296875
0 0.24609375 0.40625 0.021875 0.0296875
0 0.24609375 0.35390625 0.021875 0.0296875
0 0.24609375 0.3015625 0.021875 0.0296875
18 0.225 0.4421875 0.028125 0.009375
0 0.2453125 0.45859375 0.025 0.0296875
18 0.2265625 0.6515625 0.028125 0.009375
0 0.2453125 0.09140625 0.021875 0.0296875
0 0.24609375 0.2484375 0.021875 0.0296875
0 0.2453125 0.77265625 0.0234375 0.0296875
18 0.2265625 0.7046875 0.028125 0.009375
0 0.11875 0.7625 0.021875 0.0265625
0 0.24609375 0.72109375 0.0234375 0.0296875
0 0.2453125 0.14375 0.021875 0.0296875
0 0.24609375 0.61484375 0.021875 0.0296875
0 0.25078125 0.56328125 0.0375 0.0296875
0 0.115625 0.68984375 0.015625 0.0171875
18 0.22421875 0.59921875 0.0265625 0.0109375
18 0.22578125 0.28359375 0.028125 0.009375
0 0.24609375 0.51015625 0.021875 0.0296875