18 0.68203125 0.7859375 0.0125 0.0515625
0 0.7015625 0.8859375 0.028125 0.028125
18 0.5875 0.78515625 0.0125 0.0515625
18 0.68203125 0.88984375 0.0125 0.04375
18 0.7296875 0.7859375 0.0125 0.0515625
18 0.63515625 0.7859375 0.0125 0.0515625
18 0.49140625 0.78515625 0.0125 0.0515625
0 0.55703125 0.7671875 0.028125 0.028125
0 0.65234375 0.76640625 0.028125 0.028125
0 0.49453125 0.9125 0.040625 0.0171875
18 0.5390625 0.78671875 0.0140625 0.0515625
0 0.7484375 0.76640625 0.028125 0.028125
0 0.509375 0.765625 0.028125 0.028125
0 0.70078125 0.765625 0.028125 0.0265625
0 0.6046875 0.7671875 0.028125 0.028125