18 0.31796875 0.2140625 0.01171875 0.0515625
0 0.2984375 0.1140625 0.02890625 0.02890625
18 0.4125 0.21484375 0.01171875 0.0515625
18 0.31796875 0.11015625 0.0125 0.04296875
18 0.2703125 0.2140625 0.01171875 0.0515625
18 0.36484375 0.2140625 0.01171875 0.0515625
18 0.50859375 0.21484375 0.01171875 0.0515625
0 0.44296875 0.2328125 0.02734375 0.02890625
0 0.34765625 0.23359375 0.02734375 0.02890625
0 0.50546875 0.0875 0.040625 0.0171875
18 0.4609375 0.21328125 0.0140625 0.0515625
0 0.2515625 0.23359375 0.02734375 0.028125
0 0.490625 0.234375 0.02734375 0.02890625
0 0.29921875 0.234375 0.02734375 0.0265625
0 0.3953125 0.2328125 0.02734375 0.028125