0 0.1921875 0.16015625 0.015625 0.009375
0 0.70625 0.2359375 0.01875 0.0578125
18 0.74296875 0.24453125 0.0125 0.0265625
18 0.684375 0.24453125 0.0125 0.0265625
18 0.62421875 0.24296875 0.0125 0.0265625
0 0.765625 0.23671875 0.01875 0.0578125
18 0.56328125 0.24296875 0.0125 0.0265625
0 0.88515625 0.234375 0.01875 0.0578125
0 0.2890625 0.2359375 0.01875 0.0578125
18 0.50390625 0.24375 0.0125 0.0265625
0 0.37890625 0.11953125 0.01875 0.0328125
18 0.4453125 0.24375 0.0125 0.0265625
0 0.34921875 0.23671875 0.01875 0.0578125
0 0.82578125 0.23671875 0.01875 0.0578125
18 0.38671875 0.24296875 0.0125 0.0265625
18 0.3265625 0.24375 0.0125 0.0265625
0 0.22890625 0.234375 0.01875 0.0578125
18 0.2671875 0.24296875 0.0125 0.0265625
0 0.409375 0.234375 0.01875 0.0578125
18 0.20703125 0.24140625 0.0125 0.0265625
0 0.5265625 0.2359375 0.01875 0.0578125
18 0.35625 0.09296875 0.0109375 0.025
0 0.4671875 0.2359375 0.01875 0.0578125
0 0.5859375 0.2359375 0.01875 0.0578125
0 0.64609375 0.2359375 0.01875 0.0578125
18 0.86328125 0.24375 0.0125 0.0265625
18 0.80390625 0.24296875 0.0125 0.0265625