0 0.8078125 0.83984375 0.015625 0.009375
0 0.29375 0.7640625 0.01875 0.0578125
18 0.25703125 0.75546875 0.0125 0.0265625
18 0.315625 0.75546875 0.0125 0.0265625
18 0.37578125 0.75703125 0.0125 0.0265625
0 0.234375 0.76328125 0.01875 0.0578125
18 0.43671875 0.75703125 0.0125 0.0265625
0 0.11484375 0.765625 0.01875 0.0578125
0 0.7109375 0.7640625 0.01875 0.0578125
18 0.49609375 0.75625 0.0125 0.0265625
0 0.62109375 0.88046875 0.01875 0.0328125
18 0.5546875 0.75625 0.0125 0.0265625
0 0.65078125 0.76328125 0.01875 0.0578125
0 0.17421875 0.76328125 0.01875 0.0578125
18 0.61328125 0.75703125 0.0125 0.0265625
18 0.6734375 0.75625 0.0125 0.0265625
0 0.77109375 0.765625 0.01875 0.0578125
18 0.7328125 0.75703125 0.0125 0.0265625
0 0.590625 0.765625 0.01875 0.0578125
18 0.79296875 0.75859375 0.0125 0.0265625
0 0.4734375 0.7640625 0.01875 0.0578125
18 0.64375 0.90703125 0.0109375 0.0265625
0 0.5328125 0.7640625 0.01875 0.0578125
0 0.4140625 0.7640625 0.01875 0.0578125
0 0.35390625 0.7640625 0.01875 0.0578125
18 0.13671875 0.75625 0.0125 0.0265625
18 0.19609375 0.75703125 0.0125 0.0265625