8 0.4078125 0.11484375 0.03359375 0.028125
0 0.2875 0.2296875 0.03359375 0.03984375
18 0.64375 0.19375 0.0140625 0.028125
0 0.353125 0.2296875 0.03359375 0.040625
0 0.56171875 0.23046875 0.03359375 0.03984375
18 0.36875 0.1921875 0.0140625 0.028125
18 0.71328125 0.1921875 0.0140625 0.028125
18 0.4375 0.19296875 0.0140625 0.028125
18 0.57734375 0.19296875 0.0140625 0.028125
0 0.2203125 0.2421875 0.03359375 0.0390625
18 0.303125 0.1921875 0.0140625 0.028125
18 0.5078125 0.19375 0.0140625 0.028125
0 0.421875 0.22890625 0.03359375 0.040625
0 0.76484375 0.228125 0.03359375 0.0390625
18 0.78203125 0.19140625 0.0140625 0.028125
18 0.84609375 0.19140625 0.0140625 0.028125
0 0.83046875 0.228125 0.03515625 0.040625
18 0.234375 0.19453125 0.0140625 0.028125
0 0.48984375 0.228125 0.03359375 0.0421875
0 0.27578125 0.10234375 0.12890625 0.01484375
0 0.62734375 0.228125 0.03515625 0.0375
0 0.69609375 0.22890625 0.03359375 0.03671875