8 0.11484375 0.5921875 0.028125 0.034375
0 0.2296875 0.7125 0.040625 0.034375
18 0.19375 0.35625 0.028125 0.0140625
0 0.2296875 0.646875 0.040625 0.034375
0 0.23046875 0.43828125 0.040625 0.034375
18 0.1921875 0.63125 0.028125 0.0140625
18 0.1921875 0.28671875 0.028125 0.0140625
18 0.19296875 0.5625 0.028125 0.0140625
18 0.19296875 0.42265625 0.028125 0.0140625
0 0.2421875 0.7796875 0.0390625 0.034375
18 0.1921875 0.696875 0.028125 0.0140625
18 0.19375 0.4921875 0.028125 0.0140625
0 0.22890625 0.578125 0.040625 0.034375
0 0.228125 0.23515625 0.0390625 0.034375
18 0.19140625 0.21796875 0.028125 0.0140625
18 0.19140625 0.15390625 0.028125 0.0140625
0 0.228125 0.16953125 0.040625 0.034375
18 0.19453125 0.765625 0.028125 0.0140625
0 0.228125 0.51015625 0.0421875 0.034375
0 0.10234375 0.72421875 0.015625 0.128125
0 0.228125 0.37265625 0.0375 0.034375
0 0.22890625 0.30390625 0.0375 0.034375