18 0.5640625 0.24296875 0.0109375 0.02578125
0 0.303125 0.240625 0.02421875 0.0703125
0 0.70625 0.2359375 0.01875 0.0609375
0 0.64609375 0.2359375 0.01875 0.0609375
0 0.58671875 0.2359375 0.01875 0.0609375
0 0.3625 0.24140625 0.02421875 0.0703125
0 0.48203125 0.240625 0.02421875 0.0703125
0 0.825 0.23671875 0.01875 0.0609375
0 0.54140625 0.24140625 0.02421875 0.0703125
0 0.421875 0.24140625 0.02421875 0.0703125
0 0.19296875 0.159375 0.01484375 0.0125
0 0.24375 0.24140625 0.02421875 0.0703125
18 0.8625 0.24296875 0.0109375 0.02578125
18 0.803125 0.2421875 0.0109375 0.02578125
18 0.74375 0.24375 0.0109375 0.02578125
18 0.684375 0.24375 0.0109375 0.02578125
18 0.62421875 0.24296875 0.0109375 0.02578125
19 0.5109375 0.2484375 0.03046875 0.04296875
19 0.4515625 0.2484375 0.03046875 0.04296875
0 0.3796875 0.1203125 0.0171875 0.0328125
19 0.39296875 0.24765625 0.03046875 0.04296875
19 0.3328125 0.25 0.03046875 0.04296875
19 0.2734375 0.24921875 0.03046875 0.04296875
19 0.21328125 0.25 0.03046875 0.04296875
18 0.35703125 0.09140625 0.0109375 0.0265625
0 0.88515625 0.23671875 0.01875 0.0609375
0 0.76484375 0.2375 0.01875 0.0609375