18 0.24296875 0.4359375 0.025 0.0109375
0 0.240625 0.696875 0.0703125 0.025
0 0.2359375 0.29375 0.0609375 0.01875
0 0.2359375 0.35390625 0.0609375 0.01875
0 0.2359375 0.41328125 0.0609375 0.01875
0 0.24140625 0.6375 0.0703125 0.025
0 0.240625 0.51796875 0.0703125 0.025
0 0.23671875 0.175 0.0609375 0.01875
0 0.24140625 0.45859375 0.0703125 0.025
0 0.24140625 0.578125 0.0703125 0.025
0 0.159375 0.80703125 0.0125 0.015625
0 0.24140625 0.75625 0.0703125 0.025
18 0.24296875 0.1375 0.025 0.0109375
18 0.2421875 0.196875 0.025 0.0109375
18 0.24375 0.25625 0.025 0.0109375
18 0.24375 0.315625 0.025 0.0109375
18 0.24296875 0.37578125 0.025 0.0109375
19 0.2484375 0.4890625 0.04375 0.03125
19 0.2484375 0.5484375 0.04375 0.03125
0 0.1203125 0.6203125 0.0328125 0.0171875
19 0.24765625 0.60703125 0.04375 0.03125
19 0.25 0.6671875 0.04375 0.03125
19 0.24921875 0.7265625 0.04375 0.03125
19 0.25 0.78671875 0.04375 0.03125
18 0.09140625 0.64296875 0.0265625 0.0109375
0 0.23671875 0.11484375 0.0609375 0.01875
0 0.2375 0.23515625 0.0609375 0.01875