0 0.11015625 0.76015625 0.040625 0.03125
0 0.58359375 0.76015625 0.040625 0.03125
19 0.075 0.7578125 0.040625 0.0375
0 0.61796875 0.91953125 0.096875 0.0171875
19 0.24140625 0.75703125 0.040625 0.0375
21 0.43203125 0.903125 0.03125 0.0375
0 0.37421875 0.909375 0.065625 0.03125
0 0.5078125 0.759375 0.040625 0.03125
19 0.546875 0.7578125 0.040625 0.0375
0 0.3921875 0.759375 0.040625 0.03125
19 0.46875 0.75703125 0.040625 0.0375
0 0.27578125 0.759375 0.040625 0.03125
0 0.1890625 0.75859375 0.040625 0.03125
19 0.6265625 0.75625 0.040625 0.0375
19 0.3578125 0.75703125 0.040625 0.0375
19 0.15703125 0.75703125 0.040625 0.0375
0 0.65703125 0.759375 0.040625 0.03125