0 0.76015625 0.88984375 0.03125 0.040625
0 0.76015625 0.41640625 0.03125 0.040625
19 0.7578125 0.925 0.0375 0.04140625
0 0.91953125 0.38203125 0.01640625 0.09765625
19 0.75703125 0.75859375 0.0375 0.04140625
21 0.903125 0.56796875 0.03671875 0.03125
0 0.909375 0.62578125 0.03203125 0.06484375
0 0.759375 0.4921875 0.03125 0.040625
19 0.7578125 0.453125 0.0375 0.04140625
0 0.759375 0.6078125 0.03125 0.040625
19 0.75703125 0.53125 0.0375 0.04140625
0 0.759375 0.72421875 0.03125 0.040625
0 0.75859375 0.8109375 0.03125 0.040625
19 0.75625 0.3734375 0.0375 0.04140625
19 0.75703125 0.6421875 0.0375 0.04140625
19 0.75703125 0.84296875 0.0375 0.04140625
0 0.759375 0.34296875 0.03125 0.040625