0 0.88984375 0.23984375 0.040625 0.03125
0 0.41640625 0.23984375 0.040625 0.03125
19 0.925 0.2421875 0.040625 0.0375
0 0.38203125 0.08046875 0.096875 0.015625
19 0.75859375 0.24296875 0.040625 0.0375
21 0.56796875 0.096875 0.03125 0.0375
0 0.62578125 0.090625 0.065625 0.03125
0 0.4921875 0.240625 0.040625 0.03125
19 0.453125 0.2421875 0.040625 0.0375
0 0.6078125 0.240625 0.040625 0.03125
19 0.53125 0.24296875 0.040625 0.0375
0 0.72421875 0.240625 0.040625 0.03125
0 0.8109375 0.24140625 0.040625 0.03125
19 0.3734375 0.24375 0.040625 0.0375
19 0.6421875 0.24296875 0.040625 0.0375
19 0.84296875 0.24296875 0.040625 0.0375
0 0.34296875 0.240625 0.040625 0.03125