0 0.4140625 0.484375 0.0328125 0.015625
0 0.32265625 0.6484375 0.025 0.0140625
19 0.4140625 0.37265625 0.0375 0.01875
0 0.41484375 0.6765625 0.0328125 0.01875
19 0.41484375 0.41953125 0.0375 0.01875
19 0.4140625 0.4671875 0.0375 0.01875
0 0.41328125 0.8171875 0.025 0.0140625
0 0.41328125 0.76875 0.021875 0.0140625
0 0.41328125 0.43671875 0.0328125 0.015625
0 0.4140625 0.340625 0.03125 0.015625
19 0.41484375 0.515625 0.0375 0.01875
19 0.41484375 0.5625 0.0375 0.01875
19 0.41484375 0.609375 0.0375 0.01875
19 0.41484375 0.6578125 0.0375 0.01875
0 0.41328125 0.38984375 0.0328125 0.015625
0 0.41328125 0.6265625 0.034375 0.015625
19 0.4140625 0.70546875 0.0375 0.01875
0 0.4140625 0.5328125 0.0328125 0.015625
18 0.40390625 0.75625 0.0171875 0.009375
18 0.31328125 0.63671875 0.0171875 0.009375
18 0.403125 0.80390625 0.0171875 0.009375
0 0.4140625 0.57890625 0.0328125 0.015625
19 0.41484375 0.32421875 0.0375 0.01875
0 0.4140625 0.7234375 0.0328125 0.01875