18 0.7125 0.18984375 0.01328125 0.02734375
9 0.44296875 0.3171875 0.01796875 0.02421875
18 0.234375 0.19375 0.01328125 0.0296875
18 0.9203125 0.19140625 0.01328125 0.02734375
18 0.85 0.190625 0.01328125 0.02734375
9 0.51171875 0.3171875 0.01796875 0.02421875
0 0.41953125 0.2421875 0.03359375 0.03984375
0 0.22109375 0.240625 0.03359375 0.03984375
0 0.625 0.240625 0.0375 0.0390625
9 0.37421875 0.31640625 0.01796875 0.02421875
0 0.35078125 0.2421875 0.03359375 0.0390625
0 0.4828125 0.31484375 0.0421875 0.05390625
0 0.346875 0.315625 0.0421875 0.05390625
9 0.5796875 0.3171875 0.01796875 0.02421875
0 0.28046875 0.3140625 0.0421875 0.05390625
18 0.78203125 0.18984375 0.01328125 0.02734375
0 0.253125 0.10234375 0.08125 0.01484375
18 0.3046875 0.190625 0.01328125 0.02734375
18 0.64453125 0.19140625 0.01328125 0.02734375
0 0.55390625 0.31484375 0.0421875 0.05390625
0 0.83046875 0.23984375 0.0375 0.03671875
0 0.415625 0.315625 0.0421875 0.05390625
18 0.57734375 0.19140625 0.01328125 0.02734375
9 0.3078125 0.3171875 0.01796875 0.02421875
0 0.28515625 0.2421875 0.03359375 0.0390625
18 0.5078125 0.19140625 0.01328125 0.02734375
0 0.5578125 0.240625 0.0375 0.0375
0 0.7625 0.23984375 0.0375 0.0390625
18 0.43828125 0.1921875 0.01328125 0.02734375
0 0.4890625 0.2421875 0.0375 0.0390625
0 0.69296875 0.24140625 0.0375 0.040625
18 0.3703125 0.18984375 0.01328125 0.02734375
0 0.89921875 0.240625 0.0375 0.0390625