0 0.75 0.50234375 0.053125 0.03125
0 0.759375 0.265625 0.028125 0.034375
0 0.759375 0.20703125 0.028125 0.0375
0 0.7515625 0.384375 0.053125 0.0328125
0 0.75 0.44296875 0.053125 0.03125
18 0.775 0.23125 0.03125 0.0140625
0 0.7515625 0.32578125 0.053125 0.03125
18 0.775 0.28984375 0.03125 0.0140625
19 0.7640625 0.5265625 0.046875 0.021875
19 0.76484375 0.4671875 0.046875 0.021875
18 0.896875 0.496875 0.0375 0.0125
19 0.76484375 0.40703125 0.046875 0.021875
0 0.8890625 0.46640625 0.028125 0.0421875
0 0.75 0.14765625 0.0546875 0.03125
19 0.76484375 0.34765625 0.046875 0.021875
19 0.76484375 0.17109375 0.046875 0.021875