0 0.50234375 0.25 0.03125 0.053125
0 0.265625 0.240625 0.034375 0.028125
0 0.20703125 0.240625 0.0375 0.028125
0 0.384375 0.2484375 0.0328125 0.053125
0 0.44296875 0.25 0.03125 0.053125
18 0.23125 0.225 0.0140625 0.03125
0 0.32578125 0.2484375 0.03125 0.053125
18 0.28984375 0.225 0.0140625 0.03125
19 0.5265625 0.2359375 0.021875 0.046875
19 0.4671875 0.23515625 0.021875 0.046875
18 0.496875 0.103125 0.0125 0.0375
19 0.40703125 0.23515625 0.021875 0.046875
0 0.46640625 0.1109375 0.0421875 0.028125
0 0.14765625 0.25 0.03125 0.0546875
19 0.34765625 0.23515625 0.021875 0.046875
19 0.17109375 0.23515625 0.021875 0.046875