0 0.25 0.49765625 0.05390625 0.03046875
0 0.240625 0.734375 0.028125 0.034375
0 0.240625 0.79296875 0.02734375 0.03671875
0 0.2484375 0.615625 0.05234375 0.0328125
0 0.25 0.55703125 0.053125 0.03046875
18 0.225 0.76875 0.03046875 0.0140625
0 0.2484375 0.67421875 0.053125 0.03046875
18 0.225 0.71015625 0.03046875 0.0140625
19 0.2359375 0.4734375 0.04609375 0.021875
19 0.23515625 0.5328125 0.04609375 0.021875
18 0.103125 0.503125 0.03671875 0.01171875
19 0.23515625 0.59296875 0.04609375 0.021875
0 0.1109375 0.53359375 0.028125 0.0421875
0 0.25 0.85234375 0.0546875 0.03046875
19 0.23515625 0.65234375 0.04609375 0.021875
19 0.23515625 0.82890625 0.04609375 0.021875