0 0.22890625 0.15703125 0.028125 0.01953125
0 0.33671875 0.2265625 0.02421875 0.01875
0 0.5484375 0.2265625 0.021875 0.01796875
0 0.3671875 0.13359375 0.0234375 0.03203125
0 0.40625 0.2265625 0.021875 0.01796875
0 0.2625 0.2265625 0.02421875 0.01640625
0 0.83359375 0.2265625 0.021875 0.01796875
0 0.4765625 0.22578125 0.021875 0.01640625
0 0.76328125 0.22578125 0.021875 0.01640625
18 0.22421875 0.2421875 0.01796875 0.06640625
18 0.29609375 0.24140625 0.01796875 0.06640625
18 0.3671875 0.24296875 0.01796875 0.06640625
0 0.6203125 0.2265625 0.021875 0.01875
18 0.43828125 0.24296875 0.01796875 0.06640625
18 0.509375 0.24375 0.01796875 0.06640625
18 0.58046875 0.24140625 0.01796875 0.06640625
18 0.65234375 0.24296875 0.01796875 0.06640625
18 0.72421875 0.2421875 0.01796875 0.06640625
18 0.39375 0.1171875 0.0203125 0.0796875
18 0.79609375 0.240625 0.01796875 0.06640625
18 0.8671875 0.24296875 0.01796875 0.06640625
0 0.6921875 0.2265625 0.021875 0.015625
0 0.90625 0.2265625 0.021875 0.01640625