0 0.84296875 0.22890625 0.01875 0.028125
0 0.7734375 0.33671875 0.01875 0.025
0 0.7734375 0.5484375 0.01875 0.021875
0 0.86640625 0.3671875 0.03125 0.0234375
0 0.7734375 0.40625 0.01875 0.021875
0 0.7734375 0.2625 0.015625 0.025
0 0.7734375 0.83359375 0.01875 0.021875
0 0.77421875 0.4765625 0.015625 0.021875
0 0.77421875 0.76328125 0.015625 0.021875
18 0.7578125 0.22421875 0.065625 0.01875
18 0.75859375 0.29609375 0.065625 0.01875
18 0.75703125 0.3671875 0.065625 0.01875
0 0.7734375 0.6203125 0.01875 0.021875
18 0.75703125 0.43828125 0.065625 0.01875
18 0.75625 0.509375 0.065625 0.01875
18 0.75859375 0.58046875 0.065625 0.01875
18 0.75703125 0.65234375 0.065625 0.01875
18 0.7578125 0.72421875 0.065625 0.01875
18 0.8828125 0.39375 0.0796875 0.0203125
18 0.759375 0.79609375 0.065625 0.01875
18 0.75703125 0.8671875 0.065625 0.01875
0 0.7734375 0.6921875 0.015625 0.021875
0 0.7734375 0.90625 0.015625 0.021875