0 0.77109375 0.84296875 0.028125 0.01875
0 0.66328125 0.7734375 0.025 0.01875
0 0.4515625 0.7734375 0.021875 0.01875
0 0.6328125 0.86640625 0.0234375 0.03125
0 0.59375 0.7734375 0.021875 0.01875
0 0.7375 0.7734375 0.025 0.015625
0 0.16640625 0.7734375 0.021875 0.01875
0 0.5234375 0.77421875 0.021875 0.015625
0 0.23671875 0.77421875 0.021875 0.015625
18 0.77578125 0.7578125 0.01875 0.065625
18 0.70390625 0.75859375 0.01875 0.065625
18 0.6328125 0.75703125 0.01875 0.065625
0 0.3796875 0.7734375 0.021875 0.01875
18 0.56171875 0.75703125 0.01875 0.065625
18 0.490625 0.75625 0.01875 0.065625
18 0.41953125 0.75859375 0.01875 0.065625
18 0.34765625 0.75703125 0.01875 0.065625
18 0.27578125 0.7578125 0.01875 0.065625
18 0.60625 0.8828125 0.0203125 0.0796875
18 0.20390625 0.759375 0.01875 0.065625
18 0.1328125 0.75703125 0.01875 0.0671875
0 0.3078125 0.7734375 0.021875 0.015625
0 0.09375 0.7734375 0.021875 0.015625