0 0.27421875 0.66640625 0.040625 0.02578125
0 0.275 0.6078125 0.040625 0.02578125
0 0.27421875 0.54765625 0.04140625 0.02578125
0 0.19375 0.54765625 0.0203125 0.0375
0 0.275 0.371875 0.040625 0.02578125
0 0.184375 0.796875 0.01328125 0.096875
0 0.275 0.43046875 0.0390625 0.02578125
18 0.25546875 0.2265625 0.02421875 0.009375
18 0.25859375 0.75703125 0.02421875 0.009375
18 0.18203125 0.57890625 0.03359375 0.015625
0 0.275 0.72421875 0.040625 0.02578125
0 0.27421875 0.84296875 0.040625 0.02578125
18 0.2578125 0.2859375 0.02421875 0.009375
18 0.25859375 0.8171875 0.02421875 0.009375
0 0.275 0.25390625 0.040625 0.02578125
18 0.25703125 0.40390625 0.02421875 0.009375
18 0.2578125 0.4609375 0.02421875 0.009375
18 0.2578125 0.52109375 0.02421875 0.009375
18 0.25703125 0.58125 0.02421875 0.009375
18 0.25703125 0.63984375 0.02421875 0.009375
0 0.27421875 0.78359375 0.03984375 0.02578125
18 0.25703125 0.34375 0.02421875 0.009375
0 0.27421875 0.3125 0.04140625 0.02578125
0 0.27421875 0.4890625 0.040625 0.02578125
18 0.2578125 0.69921875 0.02421875 0.009375