0 0.72578125 0.33359375 0.040625 0.025
0 0.725 0.3921875 0.040625 0.025
0 0.72578125 0.45234375 0.040625 0.025
0 0.80625 0.45234375 0.0203125 0.0375
0 0.725 0.628125 0.040625 0.025
0 0.815625 0.203125 0.0125 0.096875
0 0.725 0.56953125 0.0390625 0.025
18 0.74453125 0.7734375 0.025 0.009375
18 0.74140625 0.24296875 0.025 0.009375
18 0.81796875 0.42109375 0.034375 0.015625
0 0.725 0.27578125 0.040625 0.025
0 0.72578125 0.15703125 0.040625 0.025
18 0.7421875 0.7140625 0.025 0.009375
18 0.74140625 0.1828125 0.025 0.009375
0 0.725 0.74609375 0.040625 0.025
18 0.74296875 0.59609375 0.025 0.009375
18 0.7421875 0.5390625 0.025 0.009375
18 0.7421875 0.47890625 0.025 0.009375
18 0.74296875 0.41875 0.025 0.009375
18 0.74296875 0.36015625 0.025 0.009375
0 0.72578125 0.21640625 0.040625 0.025
18 0.74296875 0.65625 0.025 0.009375
0 0.72578125 0.6875 0.040625 0.025
0 0.72578125 0.5109375 0.040625 0.025
18 0.7421875 0.30078125 0.025 0.009375