0 0.6421875 0.4296875 0.0515625 0.053125
19 0.6734375 0.28828125 0.0875 0.05
0 0.64453125 0.13203125 0.0515625 0.053125
0 0.8265625 0.11796875 0.046875 0.040625
0 0.63984375 0.8328125 0.0515625 0.053125
19 0.67265625 0.5859375 0.0875 0.05
19 0.67109375 0.68515625 0.0875 0.05
0 0.6453125 0.73125 0.0515625 0.053125
0 0.91015625 0.4140625 0.01875 0.05
0 0.64296875 0.62890625 0.0515625 0.053125
0 0.64375 0.2296875 0.0515625 0.053125
0 0.6421875 0.9328125 0.0515625 0.053125
19 0.67421875 0.784375 0.0875 0.05
19 0.67265625 0.8875 0.0875 0.05
0 0.64375 0.33515625 0.0515625 0.053125
19 0.67265625 0.1828125 0.0875 0.05
0 0.64453125 0.53046875 0.0515625 0.053125
18 0.840625 0.08125 0.040625 0.0234375
19 0.67265625 0.0875 0.0875 0.05
19 0.675 0.48671875 0.0875 0.05
19 0.67265625 0.3859375 0.0875 0.05