0 0.3578125 0.5703125 0.0515625 0.053125
19 0.3265625 0.71171875 0.0875 0.05
0 0.35546875 0.86796875 0.0515625 0.053125
0 0.1734375 0.88203125 0.046875 0.040625
0 0.36015625 0.1671875 0.0515625 0.053125
19 0.32734375 0.4140625 0.0875 0.05
19 0.32890625 0.31484375 0.0875 0.05
0 0.3546875 0.26875 0.0515625 0.053125
0 0.08984375 0.5859375 0.01875 0.05
0 0.35703125 0.37109375 0.0515625 0.053125
0 0.35625 0.7703125 0.0515625 0.053125
0 0.3578125 0.0671875 0.0515625 0.053125
19 0.32578125 0.215625 0.0875 0.05
19 0.32734375 0.1125 0.0875 0.05
0 0.35625 0.66484375 0.0515625 0.053125
19 0.32734375 0.8171875 0.0875 0.05
0 0.35546875 0.46953125 0.0515625 0.053125
18 0.159375 0.91875 0.040625 0.0234375
19 0.32734375 0.9125 0.0875 0.05
19 0.325 0.51328125 0.0875 0.05
19 0.32734375 0.6140625 0.0875 0.05