18 0.25546875 0.52890625 0.021875 0.0078125
18 0.25546875 0.609375 0.021875 0.0078125
18 0.25546875 0.771875 0.021875 0.0078125
19 0.27109375 0.73046875 0.04921875 0.0140625
19 0.2703125 0.68984375 0.04921875 0.0140625
19 0.26953125 0.64921875 0.04921875 0.0140625
19 0.26953125 0.32421875 0.04921875 0.0140625
0 0.278125 0.66796875 0.04296875 0.0265625
6 0.1359375 0.51953125 0.0171875 0.01328125
0 0.05234375 0.77890625 0.01484375 0.03359375
0 0.1046875 0.53828125 0.01875 0.0140625
0 0.278125 0.62734375 0.04140625 0.0265625
0 0.27734375 0.34296875 0.03984375 0.0265625
0 0.27890625 0.384375 0.04375 0.0265625
0 0.278125 0.5859375 0.04140625 0.0265625
6 0.1359375 0.5046875 0.0171875 0.01328125
0 0.278125 0.22109375 0.0390625 0.0265625
0 0.27890625 0.46015625 0.04140625 0.0265625
0 0.278125 0.5 0.040625 0.0265625
0 0.278125 0.41953125 0.0421875 0.0265625
0 0.278125 0.25703125 0.0421875 0.0265625
0 0.27890625 0.78984375 0.04140625 0.0265625
0 0.278125 0.74921875 0.04140625 0.0265625
0 0.1390625 0.61015625 0.0234375 0.0296875
0 0.278125 0.709375 0.040625 0.0265625
18 0.25546875 0.36640625 0.021875 0.0078125
18 0.25546875 0.284375 0.021875 0.0078125
18 0.2546875 0.24375 0.021875 0.0078125
18 0.25390625 0.203125 0.021875 0.0078125
18 0.25703125 0.4078125 0.021875 0.0078125
6 0.1359375 0.5359375 0.0171875 0.01328125
0 0.278125 0.3015625 0.040625 0.0265625
18 0.25546875 0.44765625 0.021875 0.0078125
21 0.13828125 0.58671875 0.02265625 0.00703125
18 0.25703125 0.48671875 0.021875 0.0078125
18 0.11640625 0.55546875 0.01171875 0.015625
0 0.27890625 0.540625 0.04296875 0.0265625
18 0.2546875 0.56875 0.021875 0.0078125