0 0.759375 0.22109375 0.0125 0.021875
2 0.74921875 0.32734375 0.0421875 0.046875
0 0.55 0.31484375 0.025 0.040625
18 0.56484375 0.4890625 0.059375 0.0125
18 0.565625 0.4140625 0.059375 0.0125
6 0.77734375 0.2234375 0.025 0.01875
18 0.56640625 0.33984375 0.059375 0.0125
18 0.5671875 0.26640625 0.059375 0.0125
18 0.56484375 0.19296875 0.059375 0.0125
21 0.853125 0.35859375 0.025 0.0109375
0 0.54921875 0.38828125 0.025 0.040625
21 0.85078125 0.29375 0.025 0.0109375
0 0.84296875 0.34140625 0.015625 0.03125
6 0.7265625 0.2234375 0.025 0.01875
0 0.84296875 0.278125 0.0125 0.03125
0 0.54921875 0.2421875 0.025 0.040625
0 0.54921875 0.46328125 0.025 0.040625
0 0.55 0.16953125 0.025 0.040625
0 0.87734375 0.51640625 0.03125 0.040625
0 0.71015625 0.22265625 0.015625 0.025