0 0.41328125 0.26015625 0.0203125 0.025
0 0.81328125 0.2609375 0.0203125 0.0265625
19 0.8375 0.2703125 0.0375 0.05625
0 0.68046875 0.2609375 0.0203125 0.028125
0 0.88046875 0.26171875 0.0203125 0.025
19 0.90546875 0.27578125 0.0359375 0.05
19 0.77265625 0.275 0.0359375 0.05
19 0.6390625 0.27578125 0.0359375 0.05
0 0.546875 0.26015625 0.0203125 0.025
19 0.57265625 0.27578125 0.0359375 0.05
0 0.28125 0.2609375 0.0203125 0.028125
0 0.34765625 0.2609375 0.0203125 0.028125
19 0.50390625 0.27578125 0.0359375 0.05
0 0.74765625 0.2609375 0.0203125 0.025
19 0.4390625 0.27578125 0.0359375 0.05
19 0.371875 0.275 0.0359375 0.05
0 0.4796875 0.26015625 0.0203125 0.0265625
0 0.31640625 0.159375 0.028125 0.015625
21 0.3328125 0.1515625 0.0125 0.0296875
19 0.30234375 0.27265625 0.0375 0.05625
19 0.703125 0.271875 0.0375 0.05625
0 0.24765625 0.140625 0.09375 0.0578125
0 0.6140625 0.2609375 0.0203125 0.028125