0 0.26015625 0.58671875 0.02578125 0.0203125
0 0.2609375 0.18671875 0.0265625 0.0203125
19 0.2703125 0.1625 0.05703125 0.03671875
0 0.2609375 0.31953125 0.02734375 0.0203125
0 0.26171875 0.11953125 0.02578125 0.0203125
19 0.27578125 0.09453125 0.04921875 0.0359375
19 0.275 0.22734375 0.04921875 0.0359375
19 0.27578125 0.3609375 0.04921875 0.0359375
0 0.26015625 0.453125 0.02578125 0.0203125
19 0.27578125 0.42734375 0.04921875 0.0359375
0 0.2609375 0.71875 0.02734375 0.0203125
0 0.2609375 0.65234375 0.02734375 0.0203125
19 0.27578125 0.49609375 0.04921875 0.0359375
0 0.2609375 0.25234375 0.025 0.0203125
19 0.27578125 0.5609375 0.04921875 0.0359375
19 0.275 0.628125 0.04921875 0.0359375
0 0.26015625 0.5203125 0.0265625 0.0203125
0 0.159375 0.68359375 0.015625 0.028125
21 0.1515625 0.6671875 0.0296875 0.01171875
19 0.27265625 0.69765625 0.05703125 0.03671875
19 0.271875 0.296875 0.05703125 0.03671875
0 0.140625 0.75234375 0.0578125 0.09375
0 0.2609375 0.3859375 0.028125 0.0203125