0 0.73984375 0.41328125 0.025 0.0203125
0 0.7390625 0.81328125 0.0265625 0.0203125
19 0.7296875 0.8375 0.05625 0.0375
0 0.7390625 0.68046875 0.028125 0.0203125
0 0.73828125 0.88046875 0.025 0.0203125
19 0.72421875 0.90546875 0.05 0.0359375
19 0.725 0.77265625 0.05 0.0359375
19 0.72421875 0.6390625 0.05 0.0359375
0 0.73984375 0.546875 0.025 0.0203125
19 0.72421875 0.57265625 0.05 0.0359375
0 0.7390625 0.28125 0.028125 0.0203125
0 0.7390625 0.34765625 0.028125 0.0203125
19 0.72421875 0.50390625 0.05 0.0359375
0 0.7390625 0.74765625 0.025 0.0203125
19 0.72421875 0.4390625 0.05 0.0359375
19 0.725 0.371875 0.05 0.0359375
0 0.73984375 0.4796875 0.0265625 0.0203125
0 0.840625 0.31640625 0.015625 0.028125
21 0.8484375 0.3328125 0.0296875 0.0125
19 0.72734375 0.30234375 0.05625 0.0375
19 0.728125 0.703125 0.05625 0.0375
0 0.859375 0.24765625 0.0578125 0.09375
0 0.7390625 0.6140625 0.028125 0.0203125