13 0.555214 0.212858 0.011120 0.024097
13 0.393961 0.065786 0.012305 0.023755
13 0.258026 0.220054 0.011595 0.039151
13 0.436789 0.220219 0.011354 0.038148
13 0.376807 0.212858 0.011124 0.023425
13 0.317536 0.213695 0.011358 0.026433
26 0.268229 0.210749 0.007393 0.026957
26 0.446046 0.213108 0.007393 0.026957
26 0.565834 0.212006 0.008477 0.027328
26 0.506382 0.212268 0.008477 0.027328
26 0.387482 0.212547 0.008477 0.027328
26 0.327738 0.212547 0.008481 0.027328
33 0.405409 0.070578 0.007990 0.026308
13 0.496060 0.212858 0.011595 0.026103
22 0.209166 0.064450 0.018928 0.011043
