13 0.321660 0.211105 0.022716 0.036946
13 0.220296 0.211322 0.022147 0.037345
13 0.422744 0.211909 0.022716 0.036946
26 0.434164 0.214732 0.010842 0.028120
26 0.400151 0.214501 0.010842 0.028114
26 0.366958 0.213570 0.010846 0.028120
26 0.333767 0.214037 0.010846 0.028120
26 0.300083 0.213570 0.010842 0.028120
26 0.266233 0.213108 0.010846 0.028120
26 0.232055 0.212641 0.010846 0.028120
26 0.199029 0.214037 0.010846 0.028120
13 0.456249 0.211105 0.022716 0.036946
13 0.355451 0.211105 0.022716 0.036946
22 0.328817 0.168575 0.062752 0.013607
13 0.287589 0.211105 0.022712 0.036946
13 0.186650 0.211926 0.022429 0.037744
13 0.238552 0.125350 0.026974 0.038952
26 0.164365 0.213211 0.010842 0.028120
26 0.218427 0.127578 0.011503 0.032068
13 0.389521 0.211507 0.022716 0.036940
13 0.253799 0.212328 0.022716 0.036940
