26 0.753078 0.893427 0.057244 0.026615
13 0.761821 0.273584 0.109460 0.073242
13 0.732160 0.494009 0.113956 0.074011
0 0.749658 0.552963 0.016382 0.014313
26 0.754239 0.458370 0.057244 0.026621
26 0.751035 0.786077 0.057252 0.026615
13 0.730508 0.821581 0.105818 0.078057
26 0.751346 0.350425 0.057244 0.026615
26 0.750189 0.239208 0.057252 0.026621
0 0.749162 0.663721 0.016390 0.014313
13 0.732208 0.927399 0.104061 0.076906
13 0.760500 0.716630 0.171765 0.082114
13 0.759952 0.603305 0.166317 0.077493
13 0.759758 0.384895 0.104045 0.074211
22 0.921853 0.695390 0.042965 0.318655
