13 0.585500 0.398613 0.011434 0.017009
26 0.604359 0.159322 0.053811 0.018815
26 0.602333 0.270516 0.054480 0.017840
26 0.601591 0.308336 0.050645 0.018610
26 0.601463 0.695883 0.056543 0.019915
26 0.600214 0.345530 0.053400 0.020063
26 0.601753 0.122205 0.050967 0.018313
13 0.584936 0.435558 0.011434 0.017009
13 0.585500 0.510647 0.011434 0.017009
13 0.584363 0.658823 0.011434 0.017009
13 0.586410 0.212704 0.011434 0.017009
13 0.585500 0.287783 0.011434 0.017014
13 0.583799 0.804989 0.011434 0.017009
13 0.583799 0.712228 0.011434 0.017014
26 0.601777 0.085060 0.047857 0.017869
13 0.585620 0.136299 0.011434 0.017009
13 0.584936 0.887308 0.011434 0.017009
26 0.600665 0.789826 0.052981 0.018399
13 0.585500 0.961595 0.011434 0.017014
13 0.584363 0.621479 0.011434 0.017009
26 0.602639 0.456801 0.057575 0.018444
13 0.584363 0.472100 0.011434 0.017009
13 0.584363 0.547188 0.011434 0.017009
26 0.601773 0.233450 0.054150 0.018353
26 0.603086 0.493994 0.057164 0.018416
26 0.602961 0.530906 0.057575 0.019419
26 0.603473 0.196308 0.052039 0.017345
13 0.585620 0.175060 0.011434 0.017014
26 0.602760 0.568701 0.057172 0.018655
27 0.455661 0.789046 0.030757 0.017567
26 0.602728 0.737875 0.055786 0.018655
13 0.583799 0.584533 0.011434 0.017009
26 0.602220 0.382057 0.055834 0.017846
13 0.453098 0.772872 0.011434 0.014781
26 0.602635 0.642601 0.058227 0.018650
13 0.585403 0.099624 0.011434 0.017014
13 0.710105 0.512974 0.040886 0.076137
13 0.583799 0.755197 0.011434 0.017014
13 0.584363 0.849561 0.011434 0.017014
26 0.600548 0.418798 0.054504 0.016855
26 0.602800 0.605613 0.057897 0.019658
13 0.585620 0.249792 0.011434 0.017009
26 0.603219 0.945188 0.055770 0.017442
13 0.583799 0.322721 0.011434 0.017009
26 0.602566 0.907880 0.055463 0.017926
26 0.602764 0.871174 0.056519 0.017447
26 0.603703 0.832741 0.055770 0.017162
3 0.710536 0.562368 0.040749 0.020917
13 0.583227 0.360464 0.011434 0.017009
13 0.584363 0.924652 0.011434 0.017009
