13 0.548481 0.545666 0.029829 0.037111
3 0.496092 0.115400 0.061263 0.063832
7 0.446834 0.751895 0.042986 0.049119
1 0.481058 0.592941 0.092457 0.142930
13 0.500640 0.243504 0.073669 0.075574
13 0.360444 0.156578 0.101809 0.045451
7 0.659036 0.753934 0.042986 0.049139
15 0.444659 0.234406 0.040444 0.082582
13 0.535913 0.048453 0.171382 0.069406
13 0.401502 0.662951 0.027713 0.034795
13 0.714974 0.246977 0.073669 0.075553
1 0.622986 0.595727 0.092457 0.142930
13 0.581212 0.160881 0.101809 0.045451
13 0.744923 0.049990 0.171382 0.069406
26 0.437824 0.694016 0.036058 0.068279
3 0.704104 0.117490 0.061246 0.063832
13 0.694172 0.662439 0.028993 0.042992
9 0.653840 0.123043 0.033515 0.066619
26 0.666997 0.689867 0.039522 0.069939
22 0.146724 0.120902 0.222491 0.055738
9 0.445222 0.123740 0.033515 0.066619
15 0.654983 0.234764 0.040444 0.082561
