13 0.542953 0.441302 0.063038 0.015709
26 0.433654 0.432647 0.016978 0.023048
13 0.391902 0.440903 0.063030 0.014912
9 0.193521 0.676037 0.021692 0.028724
26 0.883223 0.433761 0.016986 0.023043
3 0.228022 0.677430 0.035608 0.033573
33 0.190967 0.722199 0.016761 0.021846
13 0.244412 0.620715 0.070564 0.014080
13 0.267365 0.723570 0.040935 0.014627
26 0.734154 0.433761 0.016978 0.023043
26 0.583509 0.432368 0.016978 0.023048
26 0.280649 0.432926 0.016978 0.023048
26 0.190770 0.617128 0.016978 0.023043
22 0.560983 0.096718 0.045141 0.018040
13 0.846003 0.432613 0.063642 0.028792
13 0.692873 0.441017 0.063038 0.015481
13 0.240020 0.439963 0.063038 0.015197
13 0.135713 0.679701 0.069508 0.015903
