13 0.514085 0.115598 0.166172 0.092963
9 0.655798 0.516812 0.107937 0.095060
26 0.523050 0.378051 0.076317 0.026986
13 0.519452 0.807803 0.149782 0.063470
26 0.517897 0.270345 0.082595 0.030650
15 0.637857 0.119481 0.050701 0.076330
13 0.847562 0.395493 0.163908 0.073937
3 0.783183 0.504168 0.094956 0.085134
13 0.457985 0.518365 0.185109 0.070803
13 0.511680 0.295974 0.131418 0.029977
7 0.383864 0.384681 0.062409 0.042467
13 0.438199 0.256504 0.077720 0.034969
13 0.486245 0.350638 0.128590 0.054952
22 0.441438 0.959319 0.274754 0.032382
1 0.671946 0.775641 0.078364 0.054450
