26 0.174532 0.356314 0.007383 0.017422
26 0.064756 0.351253 0.007383 0.017422
13 0.279403 0.422739 0.017946 0.021089
26 0.137219 0.350828 0.007383 0.017422
26 0.331527 0.351044 0.007383 0.017422
26 0.413060 0.350472 0.007383 0.017422
13 0.355152 0.328890 0.011544 0.012003
3 0.210765 0.396935 0.013019 0.019647
3 0.281887 0.397114 0.013019 0.019644
13 0.209108 0.423768 0.015887 0.020058
26 0.260847 0.355865 0.007383 0.017425
26 0.263618 0.288906 0.011087 0.009428
26 0.262875 0.255722 0.011087 0.009428
26 0.263562 0.234635 0.011087 0.009431
26 0.174866 0.289497 0.011087 0.009428
26 0.049962 0.349917 0.005954 0.015833
26 0.079527 0.350333 0.005954 0.015833
26 0.093736 0.349149 0.005954 0.015836
26 0.108419 0.349388 0.005954 0.015836
26 0.123421 0.349619 0.005954 0.015833
26 0.347078 0.350762 0.005952 0.015836
26 0.359651 0.350590 0.005954 0.015836
26 0.372795 0.349733 0.005954 0.015833
26 0.386740 0.349733 0.005954 0.015833
26 0.399884 0.350247 0.005954 0.015833
33 0.192908 0.417890 0.006350 0.012619
33 0.244103 0.417651 0.006350 0.012619
13 0.395385 0.329233 0.011544 0.012000
13 0.118843 0.329226 0.011811 0.012431
13 0.276005 0.249071 0.012002 0.011414
13 0.328231 0.328544 0.011544 0.012000
13 0.060550 0.329512 0.011811 0.012431
7 0.175525 0.339035 0.008572 0.012264
13 0.173275 0.394707 0.017602 0.008575
13 0.254947 0.419481 0.011080 0.009772
13 0.193518 0.279283 0.012002 0.009989
13 0.259915 0.395564 0.018289 0.008572
13 0.381441 0.328890 0.011544 0.012003
13 0.103983 0.329226 0.011811 0.012431
13 0.045696 0.329304 0.011811 0.012431
13 0.367496 0.329233 0.011544 0.012000
13 0.341665 0.328547 0.011544 0.012000
13 0.244762 0.279362 0.012002 0.009986
13 0.174590 0.418967 0.010631 0.010117
13 0.409444 0.329062 0.011544 0.012003
13 0.271051 0.277000 0.012002 0.011833
13 0.250654 0.355743 0.010285 0.010847
1 0.207020 0.290957 0.013241 0.038147
1 0.232777 0.291738 0.013239 0.038147
9 0.194932 0.395386 0.009287 0.012144
13 0.173325 0.277218 0.011809 0.012431
7 0.261469 0.339082 0.008574 0.012264
13 0.189018 0.355482 0.010283 0.010847
13 0.133607 0.329085 0.011811 0.012431
13 0.089506 0.329435 0.011811 0.012431
13 0.074648 0.329226 0.011811 0.012431
9 0.245371 0.395864 0.009287 0.012144
13 0.275053 0.229071 0.012002 0.011414
