13 0.499186 0.618786 0.017067 0.029744
13 0.498658 0.756353 0.017462 0.029744
13 0.498860 0.572772 0.017059 0.029749
13 0.525689 0.628037 0.008912 0.009464
13 0.499307 0.254872 0.016825 0.029744
13 0.498654 0.300883 0.016809 0.029744
13 0.498529 0.118464 0.016398 0.029749
13 0.498614 0.847447 0.016890 0.029744
13 0.498211 0.710108 0.017695 0.029744
13 0.499267 0.892994 0.016906 0.029749
13 0.498735 0.163778 0.016648 0.029744
13 0.524911 0.673154 0.008904 0.009464
13 0.498820 0.937613 0.017139 0.029744
13 0.499424 0.437758 0.015931 0.029749
0 0.510274 0.623114 0.012425 0.005704
13 0.499428 0.391977 0.016583 0.029744
13 0.526128 0.581729 0.008904 0.009464
0 0.510999 0.669103 0.012425 0.005704
13 0.498856 0.483071 0.016406 0.029744
22 0.619017 0.059672 0.009525 0.031402
13 0.498529 0.665726 0.015753 0.029744
13 0.498703 0.802131 0.018034 0.029744
13 0.499218 0.346433 0.015681 0.029744
26 0.512558 0.634473 0.020685 0.010370
26 0.513143 0.589120 0.020451 0.011356
26 0.514545 0.542536 0.022305 0.011681
26 0.514778 0.498499 0.022305 0.011687
26 0.513614 0.451667 0.022313 0.011687
26 0.513848 0.406806 0.022313 0.011687
26 0.513614 0.361288 0.022313 0.011681
26 0.512917 0.314949 0.022305 0.011687
26 0.513384 0.270254 0.022305 0.011687
26 0.513151 0.224735 0.022305 0.011681
26 0.512917 0.178068 0.022305 0.011681
26 0.513384 0.133373 0.022305 0.011681
26 0.513151 0.088020 0.022305 0.011687
26 0.512675 0.041761 0.022305 0.011681
26 0.514444 0.680590 0.025649 0.012028
26 0.515004 0.725746 0.025657 0.012028
26 0.515004 0.771496 0.025657 0.012028
26 0.514061 0.817359 0.025657 0.012028
26 0.514339 0.862123 0.025649 0.012028
13 0.499057 0.026239 0.017293 0.029744
26 0.514339 0.908265 0.025649 0.012028
26 0.513783 0.953114 0.025649 0.012028
13 0.498739 0.528621 0.017301 0.029744
13 0.499512 0.209558 0.017075 0.029749
13 0.498860 0.072453 0.017059 0.029749
0 0.510677 0.577698 0.012425 0.005709
