13 0.503505 0.848932 0.229782 0.050889
13 0.736398 0.195504 0.019871 0.017732
13 0.473654 0.312325 0.042522 0.033538
3 0.539319 0.283009 0.071144 0.043943
13 0.401696 0.787000 0.091579 0.017225
13 0.474065 0.185402 0.044972 0.032957
13 0.735717 0.322718 0.019879 0.017732
13 0.691994 0.787872 0.058880 0.014342
13 0.690359 0.662872 0.060508 0.017618
13 0.402434 0.311333 0.088316 0.017675
3 0.540141 0.631396 0.071144 0.042211
33 0.727156 0.760251 0.109267 0.021014
33 0.725894 0.635214 0.113562 0.020513
33 0.729057 0.411556 0.108525 0.020490
33 0.727027 0.283031 0.113554 0.018940
33 0.726044 0.159256 0.115036 0.018456
13 0.736249 0.923846 0.019879 0.017732
13 0.736398 0.448003 0.019871 0.017738
13 0.499416 0.240501 0.236334 0.033299
13 0.691583 0.438652 0.061330 0.015573
13 0.401289 0.914803 0.089138 0.016091
13 0.474065 0.661003 0.048243 0.033538
13 0.690766 0.914368 0.059694 0.017533
13 0.472429 0.910803 0.046616 0.033538
13 0.500234 0.111715 0.237969 0.037083
13 0.501459 0.366339 0.240419 0.036325
33 0.728400 0.885801 0.112901 0.020490
13 0.473654 0.437513 0.045794 0.035276
3 0.540137 0.882932 0.072780 0.041054
13 0.689952 0.312228 0.062965 0.016000
13 0.400471 0.660667 0.095673 0.016672
13 0.474065 0.787060 0.041700 0.038165
3 0.539730 0.756587 0.073594 0.043943
22 0.925419 0.918866 0.050371 0.128900
3 0.539730 0.408199 0.070322 0.044524
13 0.690359 0.185142 0.060508 0.017407
13 0.736398 0.671590 0.019871 0.017732
26 0.427482 0.160624 0.068711 0.018068
26 0.431737 0.888066 0.068711 0.018068
26 0.427482 0.287513 0.068711 0.018068
3 0.541039 0.156490 0.074408 0.042211
13 0.502276 0.716071 0.238783 0.036120
26 0.428050 0.411595 0.068719 0.018074
13 0.737212 0.796519 0.019871 0.017732
13 0.499823 0.588732 0.233876 0.035869
26 0.426346 0.635670 0.068711 0.018074
13 0.401289 0.185892 0.089138 0.016593
26 0.425778 0.761758 0.068719 0.018068
13 0.401696 0.437726 0.094851 0.017197
