9 0.189271 0.140484 0.046535 0.047009
26 0.687224 0.695570 0.066503 0.028621
26 0.687224 0.520157 0.066503 0.028621
1 0.367067 0.151427 0.072232 0.048667
13 0.701479 0.632422 0.188904 0.017550
33 0.110645 0.147479 0.057228 0.022957
13 0.702949 0.419724 0.185351 0.016849
26 0.683441 0.394219 0.066495 0.028621
26 0.431209 0.354108 0.061757 0.025561
26 0.687224 0.610111 0.066503 0.028621
3 0.190544 0.196481 0.067373 0.033692
13 0.705157 0.719661 0.189718 0.019709
22 0.025286 0.788151 0.032619 0.214467
13 0.168018 0.335695 0.183578 0.135402
13 0.446672 0.164681 0.073844 0.045293
13 0.701656 0.544527 0.189436 0.019550
13 0.430097 0.375373 0.184674 0.019510
13 0.107619 0.206123 0.067776 0.043368
