13 0.856968 0.850776 0.077129 0.065114
13 0.852079 0.616087 0.055470 0.055280
13 0.191856 0.632153 0.065223 0.089193
13 0.109443 0.632484 0.065223 0.089193
13 0.776460 0.617847 0.055470 0.055280
26 0.219233 0.612857 0.021980 0.053416
26 0.137104 0.610776 0.021980 0.053437
13 0.613589 0.629534 0.055470 0.085445
26 0.808230 0.612857 0.021980 0.053416
13 0.690260 0.619627 0.055470 0.055280
22 0.555730 0.787557 0.083366 0.033789
13 0.440402 0.614451 0.055458 0.055280
26 0.891807 0.611822 0.021980 0.053416
33 0.899684 0.818954 0.021993 0.049959
26 0.303849 0.612164 0.021980 0.053437
26 0.384734 0.613551 0.021993 0.053437
26 0.472252 0.610776 0.021980 0.053437
26 0.553552 0.610072 0.021980 0.053437
13 0.525012 0.615942 0.055470 0.055280
26 0.643144 0.610776 0.021980 0.053437
26 0.726101 0.611470 0.021980 0.053416
13 0.356671 0.619627 0.055470 0.055280
13 0.275111 0.616667 0.055470 0.055280
