13 0.464170 0.669714 0.010880 0.012998
13 0.552438 0.719356 0.010108 0.007739
13 0.525995 0.715099 0.010178 0.012649
13 0.632540 0.668589 0.010880 0.012998
13 0.666604 0.668444 0.010880 0.012998
13 0.576864 0.738167 0.008591 0.008691
13 0.516303 0.737870 0.008591 0.008810
10 0.526667 0.733536 0.003803 0.005043
13 0.446585 0.669271 0.010880 0.012998
13 0.481998 0.669118 0.010879 0.012998
26 0.470409 0.667680 0.003461 0.007097
26 0.452545 0.667162 0.003460 0.007097
13 0.540334 0.709564 0.009476 0.012798
13 0.519271 0.668424 0.010879 0.012998
10 0.565948 0.743911 0.003803 0.005043
20 0.565830 0.728366 0.003334 0.005208
13 0.556430 0.668589 0.010880 0.012998
13 0.649257 0.668446 0.010879 0.012998
7 0.507932 0.725534 0.004036 0.005869
26 0.513555 0.725191 0.004071 0.003968
7 0.584657 0.725888 0.004036 0.005869
22 0.467348 0.694006 0.012719 0.007143
3 0.546833 0.693908 0.006388 0.009426
13 0.579012 0.717093 0.010698 0.011786
13 0.563893 0.695543 0.027797 0.012265
13 0.514264 0.717403 0.011034 0.012503
33 0.569107 0.735972 0.002982 0.006614
13 0.613033 0.668875 0.010880 0.012998
10 0.565948 0.733327 0.003803 0.005043
13 0.500179 0.669118 0.010880 0.012998
13 0.568113 0.715303 0.010178 0.012651
13 0.686515 0.668444 0.010880 0.012998
13 0.575937 0.669446 0.010880 0.012998
10 0.565714 0.738370 0.003803 0.005043
26 0.563005 0.667507 0.003461 0.007097
26 0.526029 0.667388 0.003461 0.007097
20 0.526609 0.728257 0.003333 0.005208
10 0.526758 0.738382 0.003801 0.005043
33 0.522923 0.735811 0.002984 0.006614
26 0.546467 0.708030 0.003628 0.006449
26 0.655156 0.667087 0.003706 0.007502
5 0.532147 0.717122 0.003101 0.008599
26 0.639279 0.667206 0.003790 0.007739
26 0.579291 0.725191 0.004281 0.003968
23 0.489725 0.669176 0.007244 0.010358
23 0.508930 0.669413 0.007244 0.010358
23 0.675032 0.669055 0.007244 0.010358
23 0.694660 0.669349 0.007244 0.010358
26 0.620620 0.667388 0.003461 0.007097
26 0.582547 0.667150 0.003461 0.007097
10 0.526699 0.743662 0.003801 0.005045
1 0.546994 0.722127 0.007604 0.006368
5 0.560009 0.717041 0.003099 0.008599
