13 0.212305 0.119048 0.151281 0.115168
1 0.538586 0.700752 0.073594 0.073823
13 0.544110 0.620641 0.035359 0.052507
7 0.715536 0.633299 0.068687 0.049960
13 0.278634 0.597513 0.034464 0.110330
15 0.389577 0.289288 0.084392 0.029835
9 0.259738 0.674245 0.062151 0.041630
22 0.775326 0.858604 0.034972 0.113048
9 0.259065 0.279573 0.062804 0.040934
1 0.536281 0.306524 0.073594 0.080969
7 0.717401 0.242849 0.066728 0.045105
15 0.389754 0.681764 0.086680 0.027755
13 0.569980 0.230840 0.033433 0.046741
26 0.643259 0.293513 0.039573 0.044940
26 0.645673 0.683838 0.039565 0.044940
13 0.275048 0.351550 0.029065 0.105048
13 0.406406 0.623533 0.069380 0.091590
13 0.405967 0.221684 0.072530 0.089145
3 0.261765 0.215798 0.133956 0.076735
3 0.263465 0.768556 0.144126 0.079140
13 0.258082 0.869171 0.150137 0.126285
