3 0.718759 0.538437 0.015523 0.022973
26 0.770048 0.569307 0.008128 0.016801
27 0.770048 0.502099 0.008247 0.019202
27 0.720201 0.500548 0.008245 0.019202
13 0.774776 0.461066 0.012613 0.025717
13 0.744565 0.461311 0.012613 0.025717
26 0.720261 0.568098 0.008125 0.016801
26 0.876602 0.459964 0.006694 0.015842
26 0.846043 0.459553 0.006694 0.015842
13 0.703994 0.575544 0.020117 0.018074
26 0.815336 0.459553 0.006694 0.015842
22 0.933101 0.453127 0.040234 0.011257
13 0.683095 0.460077 0.012613 0.025721
26 0.784923 0.458936 0.006694 0.015842
26 0.755091 0.458731 0.006694 0.015842
26 0.723948 0.459142 0.006694 0.015842
26 0.692806 0.459549 0.006694 0.015842
26 0.662541 0.458421 0.006694 0.015842
13 0.652096 0.460598 0.012610 0.025717
14 0.744543 0.518366 0.017395 0.014517
13 0.835721 0.461311 0.012610 0.025717
13 0.785095 0.576575 0.020120 0.018074
13 0.712783 0.460077 0.012610 0.025721
13 0.866456 0.461066 0.012610 0.025717
13 0.804987 0.460077 0.012613 0.025721
13 0.698230 0.506070 0.029547 0.021334
13 0.787816 0.506958 0.028501 0.019557
3 0.768232 0.538787 0.015523 0.022973
13 0.801130 0.538656 0.045902 0.025185
13 0.687861 0.538652 0.045902 0.025185
