26 0.394106 0.036276 0.049339 0.015801
13 0.386168 0.018191 0.010516 0.008746
13 0.385270 0.608704 0.010524 0.008746
13 0.385749 0.674470 0.010516 0.008746
13 0.357192 0.667775 0.025633 0.030205
13 0.357849 0.207726 0.024319 0.027886
13 0.386716 0.478202 0.010516 0.008746
26 0.625093 0.742906 0.032280 0.013322
13 0.667788 0.523043 0.028002 0.069436
26 0.624130 0.568960 0.030355 0.012986
26 0.751825 0.569473 0.030355 0.014684
13 0.623191 0.586037 0.016567 0.017396
13 0.358340 0.077060 0.028590 0.027419
26 0.394271 0.559296 0.047881 0.014547
26 0.393268 0.099667 0.045052 0.014262
26 0.392305 0.164741 0.047139 0.014268
26 0.392796 0.295920 0.042772 0.013607
26 0.392498 0.362368 0.044174 0.014650
26 0.393175 0.425416 0.046849 0.014251
26 0.394077 0.230365 0.048751 0.014575
26 0.394553 0.494544 0.048445 0.014387
26 0.393360 0.624801 0.048735 0.014160
26 0.393924 0.691162 0.049863 0.015829
26 0.393457 0.754647 0.051604 0.016644
26 0.394130 0.823701 0.049613 0.014353
26 0.394178 0.888313 0.049033 0.014803
13 0.386233 0.738869 0.010516 0.008746
13 0.357849 0.402977 0.026285 0.027652
26 0.394553 0.947855 0.048122 0.013544
13 0.359162 0.014709 0.026946 0.029419
14 0.585757 0.659991 0.028002 0.039037
3 0.679919 0.573111 0.046334 0.026986
13 0.358010 0.923977 0.025963 0.029516
13 0.385270 0.277507 0.010524 0.008746
13 0.385774 0.080493 0.010516 0.008746
13 0.625560 0.724741 0.012780 0.015726
13 0.359162 0.272259 0.027607 0.029282
13 0.385749 0.545330 0.010516 0.008746
13 0.358997 0.471647 0.024649 0.027886
13 0.386056 0.210635 0.010516 0.008746
13 0.385749 0.870396 0.010516 0.008746
13 0.385500 0.145564 0.010516 0.008746
13 0.752861 0.585704 0.015616 0.017402
13 0.386233 0.343610 0.010516 0.008746
13 0.357687 0.339185 0.025963 0.028353
22 0.480459 0.969858 0.014859 0.042028
13 0.358340 0.800467 0.026624 0.027886
13 0.385749 0.406989 0.010516 0.008746
13 0.358340 0.601778 0.026624 0.027886
13 0.358505 0.142009 0.028259 0.028120
13 0.386233 0.932407 0.010516 0.008746
13 0.358505 0.865880 0.026954 0.029048
13 0.357849 0.536946 0.024319 0.029744
13 0.385749 0.804293 0.010516 0.008746
13 0.357522 0.731749 0.025633 0.029744
