0 0.487897 0.529812 0.053634 0.015704
13 0.500073 0.820245 0.038662 0.027738
13 0.499512 0.682912 0.037059 0.027738
13 0.497397 0.272362 0.039919 0.027709
16 0.487969 0.042792 0.027703 0.010792
13 0.499549 0.750860 0.039710 0.027738
13 0.499206 0.887225 0.039025 0.027738
22 0.330963 0.040236 0.018074 0.018171
13 0.499468 0.409952 0.039871 0.027276
13 0.499637 0.060701 0.040693 0.027704
13 0.499110 0.135348 0.037865 0.027709
13 0.499065 0.477641 0.040677 0.027738
26 0.506027 0.456952 0.057244 0.010530
13 0.498203 0.615453 0.038308 0.027738
26 0.504102 0.935570 0.050782 0.009487
26 0.501894 0.866228 0.049718 0.009037
13 0.500230 0.341766 0.041072 0.035442
26 0.504376 0.592960 0.054746 0.010536
26 0.503006 0.115054 0.049750 0.009937
13 0.498509 0.956131 0.036342 0.027738
26 0.505383 0.388926 0.055955 0.010558
26 0.506406 0.729658 0.053908 0.011111
26 0.502446 0.251350 0.051837 0.010507
23 0.500479 0.315821 0.058993 0.020473
26 0.504980 0.660826 0.055149 0.010530
0 0.487490 0.188074 0.053626 0.015704
26 0.505467 0.798510 0.058042 0.008758
