13 0.459352 0.649191 0.052363 0.051598
22 0.590023 0.811686 0.110015 0.023957
13 0.509070 0.431715 0.165274 0.028265
9 0.406951 0.500721 0.034817 0.036998
3 0.350648 0.501296 0.059680 0.083255
13 0.583293 0.229903 0.096555 0.070643
15 0.410389 0.270877 0.019893 0.051462
26 0.569962 0.226628 0.031662 0.024288
13 0.467515 0.268918 0.090793 0.051598
26 0.568148 0.392875 0.036174 0.029493
1 0.387050 0.636326 0.042058 0.057251
13 0.497774 0.484864 0.138841 0.074327
13 0.571029 0.392982 0.076845 0.066277
