26 0.268153 0.528028 0.005943 0.011658
26 0.384573 0.329761 0.011869 0.027407
3 0.334281 0.459108 0.014186 0.024689
13 0.253815 0.308917 0.022208 0.026963
13 0.360437 0.309365 0.022204 0.026957
13 0.300006 0.486085 0.032470 0.027556
9 0.319913 0.459450 0.009456 0.025715
7 0.268999 0.559322 0.008731 0.012171
26 0.294637 0.538319 0.005939 0.011658
26 0.348437 0.330504 0.011869 0.027402
26 0.242129 0.329641 0.011873 0.027407
13 0.378566 0.459125 0.066406 0.028142
13 0.325034 0.310254 0.022204 0.026957
22 0.432087 0.535858 0.010056 0.080877
26 0.277212 0.330009 0.011869 0.027402
13 0.396678 0.309068 0.022204 0.026957
1 0.320201 0.512231 0.021217 0.024348
15 0.320522 0.486798 0.008731 0.021778
7 0.295794 0.558721 0.008727 0.012177
13 0.304720 0.454829 0.023042 0.026068
13 0.289422 0.310846 0.022204 0.026957
26 0.312649 0.330009 0.011873 0.027402
13 0.351227 0.511416 0.039803 0.027846
