26 0.358339 0.688702 0.012919 0.101260
26 0.295935 0.685308 0.013097 0.106350
13 0.318601 0.685308 0.033282 0.139254
13 0.936294 0.706362 0.049347 0.099357
13 0.378544 0.688933 0.033282 0.139254
13 0.731980 0.688933 0.033282 0.139254
22 0.016935 0.944974 0.024048 0.039871
26 0.171726 0.689319 0.013097 0.106350
26 0.419560 0.692172 0.012911 0.101260
26 0.783028 0.689139 0.013089 0.106350
13 0.253165 0.686517 0.033282 0.139254
13 0.502786 0.687725 0.033282 0.139254
26 0.233157 0.688740 0.013089 0.106324
13 0.652738 0.686517 0.033282 0.139254
26 0.907262 0.689139 0.013089 0.106350
13 0.439060 0.688329 0.033282 0.139229
26 0.628839 0.690784 0.013097 0.106350
13 0.870012 0.680180 0.020040 0.113933
23 0.846944 0.677596 0.018855 0.123470
26 0.712778 0.688316 0.013089 0.106350
13 0.801190 0.688933 0.033282 0.139254
13 0.190948 0.685604 0.033282 0.139229
26 0.482645 0.696748 0.013097 0.106350
