26 0.608094 0.878849 0.023006 0.009219
13 0.616628 0.844316 0.028388 0.020883
13 0.615492 0.162473 0.028388 0.020877
13 0.566652 0.296094 0.065068 0.009749
13 0.567224 0.202160 0.065068 0.009812
13 0.569496 0.379225 0.065068 0.008160
26 0.606555 0.144316 0.021749 0.009704
26 0.605886 0.191877 0.021749 0.009704
26 0.606217 0.240858 0.021749 0.009704
26 0.604698 0.286165 0.021757 0.009698
26 0.608763 0.927123 0.023006 0.009219
26 0.605749 0.828923 0.023006 0.009219
26 0.606418 0.775920 0.023006 0.009219
26 0.605749 0.725991 0.023006 0.009214
26 0.606080 0.685054 0.023006 0.009219
26 0.606418 0.635128 0.023006 0.009219
13 0.566652 0.100966 0.065068 0.009806
26 0.607425 0.562718 0.023006 0.009219
26 0.606080 0.515157 0.023006 0.009219
13 0.615492 0.580493 0.028388 0.020883
13 0.615492 0.894510 0.028388 0.020883
26 0.605081 0.466889 0.023006 0.009219
13 0.616060 0.941091 0.028396 0.020883
26 0.605411 0.417670 0.023006 0.009219
26 0.604412 0.369869 0.023006 0.009219
26 0.606749 0.329407 0.023006 0.009219
26 0.606297 0.090809 0.023006 0.009219
26 0.604098 0.042006 0.023006 0.009219
13 0.616060 0.653575 0.028396 0.020883
13 0.572905 0.154137 0.065068 0.009333
13 0.615492 0.384934 0.028388 0.020877
13 0.571197 0.427900 0.065068 0.010752
13 0.616060 0.741117 0.028396 0.020877
13 0.615492 0.211464 0.028388 0.020877
13 0.616060 0.109066 0.028396 0.020877
13 0.613223 0.535519 0.028396 0.020883
13 0.567788 0.052484 0.065068 0.008422
13 0.569496 0.693923 0.065068 0.009533
13 0.616068 0.060060 0.028396 0.020883
13 0.569972 0.785239 0.065068 0.010376
13 0.616060 0.698550 0.028396 0.020883
13 0.568360 0.736088 0.065068 0.009533
13 0.613223 0.438744 0.028396 0.020883
13 0.569972 0.838758 0.065068 0.009778
13 0.569496 0.525296 0.065068 0.009578
22 0.690157 0.971345 0.020878 0.038758
13 0.570060 0.339459 0.065068 0.008946
13 0.617196 0.301815 0.028396 0.020883
13 0.570633 0.476698 0.065068 0.009567
13 0.612651 0.486128 0.028396 0.020883
13 0.568787 0.889128 0.065068 0.010120
13 0.615492 0.347991 0.028388 0.020883
13 0.616060 0.794123 0.028396 0.020883
13 0.569496 0.251615 0.065068 0.009134
13 0.570342 0.935789 0.065068 0.011726
13 0.616060 0.259248 0.028396 0.020877
13 0.570633 0.572661 0.065068 0.009550
13 0.566652 0.645644 0.065068 0.009339
