10 0.495157 0.369877 0.029573 0.018957
26 0.046370 0.328912 0.031322 0.027635
26 0.130749 0.418695 0.038550 0.021162
26 0.907276 0.463194 0.020483 0.020473
13 0.601483 0.292231 0.072909 0.140222
1 0.831507 0.422034 0.032184 0.021755
10 0.494585 0.388547 0.029573 0.018963
13 0.519367 0.330490 0.021120 0.134439
13 0.145943 0.488863 0.072707 0.104085
13 0.040205 0.366464 0.027212 0.043219
4 0.750931 0.486063 0.029162 0.044444
22 0.655032 0.149365 0.043521 0.037989
10 0.495552 0.351749 0.029573 0.018963
3 0.582744 0.379205 0.034077 0.027949
13 0.780318 0.480282 0.022345 0.123447
13 0.930967 0.464305 0.031346 0.043846
13 0.737091 0.437080 0.022482 0.050114
9 0.507409 0.415311 0.059960 0.034564
20 0.495177 0.332638 0.028388 0.019795
9 0.583908 0.415738 0.055214 0.034860
15 0.751354 0.439350 0.016567 0.020080
13 0.842683 0.339328 0.038469 0.119692
7 0.915181 0.492205 0.020081 0.014359
