15 0.482540 0.523768 0.038219 0.020827
13 0.651117 0.364960 0.070321 0.059269
7 0.416693 0.571471 0.024423 0.026025
22 0.702861 0.158879 0.030832 0.034229
1 0.562715 0.565692 0.099825 0.034118
13 0.669029 0.424229 0.096394 0.059269
13 0.440752 0.459404 0.080540 0.058299
13 0.469956 0.563259 0.054861 0.059269
5 0.505905 0.485890 0.078584 0.036423
3 0.602270 0.424022 0.023898 0.031797
9 0.567226 0.367353 0.048321 0.050318
13 0.643365 0.573847 0.033562 0.017329
31 0.602277 0.363307 0.024964 0.035262
9 0.566949 0.424865 0.048321 0.050302
26 0.563248 0.169595 0.030788 0.069968
13 0.521964 0.201717 0.047781 0.034213
13 0.516401 0.360151 0.047781 0.034229
13 0.517292 0.418450 0.047781 0.034229
