13 0.617248 0.899390 0.024021 0.024171
13 0.617575 0.102550 0.024029 0.024165
26 0.614633 0.957311 0.024045 0.011419
26 0.614827 0.915991 0.024045 0.011425
26 0.614488 0.873160 0.024045 0.011425
26 0.613820 0.831279 0.024045 0.011425
26 0.613820 0.789632 0.024045 0.011425
26 0.614158 0.747986 0.024045 0.011425
26 0.614827 0.706578 0.024045 0.011425
26 0.615496 0.664222 0.024045 0.011419
26 0.614488 0.622339 0.024045 0.011425
26 0.614488 0.581402 0.024045 0.011419
26 0.614488 0.539046 0.024045 0.011425
26 0.613820 0.496453 0.024045 0.011425
26 0.614827 0.455282 0.024045 0.011419
26 0.615157 0.413162 0.024045 0.011419
26 0.614488 0.371043 0.024045 0.011419
26 0.615157 0.329632 0.024045 0.011425
26 0.614827 0.288462 0.024045 0.011419
26 0.614488 0.245396 0.024045 0.011419
26 0.615157 0.204222 0.024045 0.011419
26 0.615496 0.163051 0.024045 0.011425
26 0.614827 0.120932 0.024045 0.011425
26 0.614488 0.079758 0.024045 0.011425
26 0.614488 0.036692 0.024045 0.011425
13 0.617901 0.647254 0.024037 0.024171
13 0.617703 0.352362 0.025737 0.024165
13 0.618360 0.310533 0.026406 0.024165
13 0.618191 0.269402 0.025423 0.024171
13 0.617538 0.143915 0.024762 0.024171
13 0.617901 0.561504 0.024037 0.024171
13 0.617703 0.478313 0.025737 0.024171
13 0.618026 0.606123 0.025093 0.024165
13 0.617736 0.060026 0.023707 0.024165
22 0.654823 0.985912 0.017736 0.018695
13 0.617659 0.772043 0.024521 0.024165
13 0.617421 0.856399 0.025657 0.024171
13 0.618392 0.436020 0.025020 0.024165
13 0.617869 0.185977 0.026068 0.024171
13 0.617703 0.018197 0.025093 0.024165
13 0.616608 0.940057 0.025318 0.024171
13 0.618114 0.688154 0.026237 0.024171
13 0.617538 0.394655 0.024762 0.024171
13 0.617454 0.730447 0.024271 0.024165
13 0.617909 0.816427 0.025987 0.024171
13 0.617869 0.519909 0.026068 0.024171
13 0.617703 0.227573 0.025737 0.024171
