26 0.872276 0.351440 0.011887 0.031035
13 0.592518 0.372375 0.014144 0.012099
13 0.662196 0.372375 0.014144 0.012099
13 0.792120 0.372375 0.014146 0.012099
13 0.444879 0.284672 0.016973 0.012147
13 0.947541 0.372127 0.014146 0.012095
13 0.884151 0.371386 0.014144 0.012095
13 0.547988 0.373116 0.014146 0.012099
13 0.756670 0.372129 0.014144 0.012099
13 0.275023 0.372983 0.014144 0.012099
13 0.720697 0.371388 0.014144 0.012099
13 0.628666 0.371140 0.014146 0.012095
23 0.766755 0.354855 0.014041 0.034069
26 0.523159 0.352925 0.012992 0.028147
13 0.825999 0.371634 0.014146 0.012099
26 0.568634 0.351741 0.012992 0.028147
26 0.604675 0.352333 0.012992 0.028147
26 0.640090 0.352925 0.012992 0.028147
26 0.695410 0.352329 0.012992 0.028147
26 0.732501 0.352625 0.012992 0.028143
26 0.800190 0.351737 0.012992 0.028147
26 0.836015 0.351301 0.012992 0.028147
26 0.956516 0.350848 0.011887 0.031035
26 0.935771 0.351440 0.011884 0.031035
13 0.907551 0.371138 0.014144 0.012099
26 0.914396 0.351440 0.011887 0.031035
13 0.310665 0.373612 0.014144 0.012099
26 0.893440 0.351440 0.011884 0.031035
26 0.483343 0.354408 0.011884 0.031031
26 0.443736 0.352329 0.011884 0.031031
26 0.403921 0.351440 0.011884 0.031035
13 0.927109 0.371880 0.014144 0.012099
26 0.365154 0.353219 0.011887 0.031031
26 0.325968 0.352329 0.011884 0.031031
26 0.286150 0.353515 0.011884 0.031035
26 0.248192 0.352432 0.011887 0.031035
26 0.422749 0.282844 0.009430 0.021724
13 0.467307 0.373858 0.014146 0.012099
13 0.389248 0.373118 0.014146 0.012095
13 0.428713 0.373612 0.014144 0.012099
22 0.810382 0.267168 0.022667 0.016994
13 0.351005 0.373118 0.014144 0.012095
13 0.507298 0.373610 0.014146 0.012095
13 0.860576 0.370953 0.014146 0.012099
3 0.388066 0.248693 0.012952 0.017901
13 0.967797 0.372127 0.014146 0.012095
13 0.388614 0.214309 0.071248 0.037329
