26 0.104412 0.495528 0.010419 0.059388
13 0.183203 0.514625 0.010066 0.020234
13 0.249296 0.514454 0.010066 0.020230
13 0.114198 0.513084 0.010066 0.020230
26 0.137945 0.496293 0.010419 0.059388
26 0.171684 0.495701 0.010419 0.059388
26 0.205004 0.496293 0.010419 0.059388
26 0.238743 0.496293 0.010419 0.059388
26 0.282328 0.496293 0.010419 0.059388
26 0.326335 0.496591 0.010419 0.059388
13 0.149005 0.514454 0.010066 0.020230
13 0.337036 0.514110 0.010066 0.020234
13 0.293195 0.513938 0.010066 0.020230
22 0.110866 0.554742 0.054694 0.009944
13 0.216552 0.514625 0.010066 0.020234
24 0.263229 0.499519 0.011034 0.016974
13 0.164042 0.508795 0.007760 0.029146
13 0.309930 0.516509 0.007395 0.022631
13 0.275003 0.509998 0.007760 0.029150
13 0.096010 0.508965 0.007763 0.029146
13 0.230497 0.509482 0.007760 0.029150
13 0.318661 0.509140 0.007763 0.029150
13 0.130450 0.509654 0.007763 0.029146
13 0.197391 0.509482 0.007760 0.029150
13 0.265970 0.515824 0.007398 0.022631
0 0.259530 0.515888 0.007278 0.015089
24 0.306703 0.500631 0.011034 0.016974
0 0.302461 0.515719 0.007276 0.015089
