13 0.688715 0.690168 0.087419 0.033915
26 0.626707 0.650961 0.030291 0.108942
26 0.420385 0.653377 0.030302 0.108942
26 0.521899 0.652337 0.030291 0.108942
13 0.273429 0.695317 0.087419 0.033915
22 0.081358 0.579621 0.030708 0.030529
13 0.373465 0.691631 0.087430 0.033915
26 0.729875 0.659277 0.032300 0.122504
26 0.317196 0.659312 0.032289 0.122504
13 0.581811 0.693854 0.087430 0.033915
13 0.494376 0.696058 0.052643 0.033915
13 0.169256 0.693880 0.087419 0.033898
26 0.214027 0.661358 0.032300 0.122504
