13 0.294678 0.475863 0.017623 0.029504
3 0.246936 0.605952 0.025314 0.046912
26 0.493866 0.484786 0.013268 0.055795
7 0.303362 0.725692 0.012510 0.016672
26 0.432242 0.485772 0.013268 0.055795
26 0.370095 0.487254 0.013268 0.055795
13 0.205590 0.584533 0.042736 0.029328
26 0.309519 0.486262 0.013268 0.055795
13 0.356267 0.475507 0.017619 0.029510
22 0.189269 0.791322 0.059529 0.025926
13 0.234093 0.474795 0.017623 0.029510
13 0.310858 0.667903 0.022417 0.026074
26 0.259303 0.704191 0.011056 0.020370
7 0.256247 0.725795 0.012510 0.016672
13 0.257129 0.666866 0.018852 0.024000
26 0.299895 0.705943 0.011056 0.020365
13 0.480195 0.476217 0.017619 0.029504
26 0.280693 0.659650 0.021531 0.020370
26 0.186267 0.485527 0.013268 0.055795
13 0.292939 0.609829 0.028489 0.015407
13 0.171501 0.474607 0.017619 0.029510
26 0.247371 0.484781 0.013268 0.055795
9 0.273570 0.602188 0.013239 0.039088
13 0.418106 0.475507 0.017623 0.029510
