26 0.574287 0.084593 0.026027 0.011157
13 0.571805 0.185490 0.026011 0.034376
26 0.574980 0.808219 0.026027 0.011151
13 0.569400 0.700783 0.026019 0.034376
13 0.571015 0.264687 0.026011 0.034376
26 0.574504 0.677715 0.026027 0.011157
13 0.572591 0.423635 0.026019 0.034370
13 0.575230 0.974236 0.026011 0.034376
0 0.568618 0.312242 0.009694 0.010114
26 0.573876 0.613299 0.026027 0.011157
13 0.571293 0.765701 0.026019 0.034376
22 0.632470 0.538521 0.014674 0.079641
26 0.574960 0.322641 0.031708 0.009157
13 0.571293 0.830621 0.026019 0.034370
13 0.569440 0.108248 0.026019 0.034376
13 0.573187 0.897880 0.026019 0.034370
26 0.573554 0.872470 0.026027 0.011151
13 0.570822 0.633188 0.026011 0.034376
13 0.572953 0.344160 0.036205 0.034370
26 0.575923 0.743302 0.026027 0.011151
26 0.575060 0.163499 0.026027 0.011157
26 0.576245 0.242695 0.026027 0.011157
26 0.574980 0.954789 0.026027 0.011151
13 0.572985 0.504783 0.026019 0.034376
26 0.574666 0.401368 0.026027 0.011157
26 0.575850 0.481678 0.026027 0.011151
