26 0.834197 0.808346 0.006869 0.092126
13 0.325909 0.806732 0.016044 0.068661
13 0.799038 0.810315 0.016050 0.068661
13 0.536378 0.734094 0.016044 0.068661
13 0.931597 0.806772 0.016044 0.068661
13 0.772753 0.738858 0.016044 0.068661
13 0.352572 0.809134 0.016044 0.068661
13 0.956937 0.809134 0.016050 0.068661
13 0.433884 0.737677 0.016044 0.068661
13 0.195097 0.810197 0.016044 0.068661
13 0.273625 0.806063 0.016050 0.068661
13 0.142962 0.811850 0.017338 0.068661
26 0.048109 0.813976 0.006531 0.091417
26 0.074491 0.815276 0.006531 0.091417
26 0.100816 0.817913 0.006531 0.091417
26 0.127253 0.814173 0.006531 0.091417
26 0.153366 0.813071 0.006531 0.091417
26 0.179188 0.819646 0.006525 0.091417
26 0.206503 0.814016 0.006531 0.091417
26 0.232478 0.813071 0.006531 0.091417
26 0.258153 0.808346 0.006531 0.091417
13 0.300000 0.809134 0.016050 0.068661
13 0.614475 0.731732 0.016050 0.068661
0 0.668569 0.789528 0.011937 0.058268
13 0.904178 0.810315 0.016044 0.068661
13 0.588003 0.732913 0.016044 0.068661
0 0.510791 0.788169 0.011944 0.058307
0 0.747237 0.793445 0.011938 0.058307
26 0.284278 0.810236 0.006531 0.091417
26 0.310103 0.815866 0.006531 0.091417
26 0.336822 0.811181 0.006531 0.091417
0 0.693434 0.790492 0.011944 0.058307
26 0.362347 0.808346 0.006531 0.091417
26 0.389666 0.812126 0.006531 0.091417
0 0.485428 0.790886 0.011944 0.058307
13 0.982656 0.810315 0.016050 0.068661
13 0.562191 0.731732 0.016044 0.068661
0 0.773059 0.788071 0.011944 0.058268
0 0.616119 0.789528 0.011938 0.058268
13 0.378856 0.811516 0.016050 0.068622
0 0.537447 0.792244 0.011944 0.058268
0 0.589678 0.789528 0.011944 0.058268
13 0.877703 0.810315 0.016044 0.068661
13 0.509903 0.730512 0.016044 0.068661
13 0.117484 0.810197 0.017331 0.068661
13 0.745903 0.737677 0.016044 0.068661
13 0.850475 0.807953 0.016050 0.068661
13 0.642463 0.734094 0.016050 0.068661
13 0.169241 0.809370 0.016044 0.068661
26 0.414741 0.806496 0.006531 0.091417
13 0.220966 0.809528 0.016044 0.068661
26 0.441609 0.814961 0.006531 0.091417
26 0.467884 0.815866 0.006531 0.091417
0 0.458559 0.792244 0.011944 0.058268
26 0.494303 0.813071 0.006531 0.091417
13 0.247625 0.809370 0.016050 0.068661
0 0.432547 0.788169 0.011944 0.058307
0 0.563672 0.786831 0.011944 0.058307
13 0.458847 0.736496 0.016044 0.068661
26 0.808675 0.814941 0.006862 0.092165
13 0.089647 0.811850 0.017331 0.068661
0 0.721797 0.788602 0.011944 0.058307
13 0.064563 0.810197 0.017337 0.068661
13 0.406278 0.811516 0.016044 0.068622
26 0.520725 0.811181 0.006525 0.091417
26 0.546847 0.814961 0.006531 0.091417
26 0.572672 0.816811 0.006531 0.091417
26 0.599097 0.816811 0.006531 0.091417
13 0.038972 0.808858 0.017331 0.068661
13 0.824522 0.811535 0.016044 0.068661
26 0.625216 0.817756 0.006531 0.091417
26 0.651191 0.812126 0.006531 0.091417
26 0.677759 0.814961 0.006531 0.091417
26 0.703584 0.809291 0.006531 0.091417
26 0.730156 0.811181 0.006525 0.091417
13 0.718672 0.735276 0.016044 0.068661
26 0.755534 0.813071 0.006531 0.091417
13 0.666478 0.731732 0.016044 0.068661
26 0.782847 0.814016 0.006531 0.091417
26 0.861072 0.814961 0.006531 0.091417
26 0.888534 0.812126 0.006531 0.091417
26 0.914509 0.814016 0.006531 0.091417
26 0.941078 0.812126 0.006531 0.091417
13 0.694466 0.731732 0.016044 0.068661
0 0.642344 0.789528 0.011937 0.058268
26 0.966306 0.813071 0.006525 0.091417
26 0.993325 0.812126 0.006525 0.091417
13 0.483241 0.730512 0.016044 0.068661
