1 0.338372 0.739598 0.022869 0.039254
26 0.268298 0.769274 0.012043 0.026171
13 0.385278 0.628182 0.051281 0.025595
3 0.249855 0.656151 0.018695 0.024940
26 0.268803 0.689726 0.011869 0.027897
7 0.272401 0.798533 0.013965 0.019504
13 0.335012 0.659997 0.023127 0.025977
13 0.244263 0.689336 0.034190 0.027732
7 0.353227 0.797912 0.013965 0.020245
9 0.356160 0.657507 0.015189 0.026171
26 0.349799 0.688872 0.011869 0.027897
13 0.293912 0.659123 0.026398 0.027726
26 0.349649 0.771091 0.012047 0.026912
3 0.373886 0.656282 0.018699 0.024940
13 0.260604 0.744091 0.020612 0.015647
22 0.313118 0.609171 0.066366 0.015994
13 0.372971 0.688276 0.032180 0.029863
1 0.287651 0.740473 0.022869 0.039259
13 0.239738 0.629259 0.051281 0.025595
13 0.363922 0.745689 0.021616 0.015288
9 0.269319 0.657519 0.015189 0.026171
