26 0.351840 0.879021 0.009333 0.010113
3 0.353402 0.803243 0.012490 0.022458
22 0.331422 0.913348 0.032131 0.018864
10 0.380293 0.671450 0.009852 0.014521
9 0.369590 0.695427 0.019202 0.018928
20 0.389467 0.671773 0.009430 0.015117
13 0.358883 0.870314 0.005823 0.008912
13 0.382111 0.866180 0.010912 0.009944
13 0.387627 0.799400 0.012006 0.010113
26 0.370390 0.653562 0.010912 0.029009
1 0.369108 0.864275 0.008473 0.012514
13 0.388060 0.695935 0.010205 0.008856
13 0.358459 0.781160 0.065100 0.018517
9 0.370254 0.799041 0.020006 0.017824
13 0.355376 0.669218 0.013738 0.018002
7 0.342322 0.881249 0.006057 0.009089
