26 0.155330 0.703245 0.012053 0.081637
3 0.283149 0.593560 0.011957 0.040611
3 0.414681 0.593560 0.011957 0.040611
3 0.152071 0.594566 0.011957 0.040611
3 0.196015 0.594369 0.011957 0.040611
3 0.326946 0.594773 0.011957 0.040631
13 0.110638 0.589625 0.064106 0.097673
3 0.370590 0.595178 0.011957 0.040611
3 0.239359 0.593974 0.011957 0.040611
3 0.458237 0.593915 0.011957 0.040611
26 0.461180 0.701193 0.012053 0.081637
26 0.418130 0.698876 0.012053 0.081657
26 0.373798 0.701193 0.012053 0.081637
13 0.529384 0.720671 0.024208 0.048836
26 0.330103 0.700030 0.012053 0.081637
22 0.096532 0.649448 0.014370 0.024418
26 0.286408 0.697722 0.012053 0.081637
13 0.353713 0.721696 0.024201 0.048836
13 0.181063 0.719665 0.024208 0.048836
13 0.441642 0.722209 0.024208 0.048836
13 0.926496 0.720158 0.024208 0.048836
13 0.134542 0.720178 0.024201 0.048836
13 0.485894 0.720168 0.024208 0.048856
13 0.397016 0.722209 0.024208 0.048836
13 0.265403 0.721183 0.024208 0.048836
13 0.792614 0.722199 0.024201 0.048856
26 0.242507 0.703501 0.012053 0.081637
13 0.665253 0.720680 0.033849 0.021361
13 0.704117 0.720168 0.024201 0.048856
13 0.883152 0.719763 0.024208 0.048836
26 0.199245 0.698876 0.012053 0.081657
13 0.572500 0.719665 0.024208 0.048836
13 0.747082 0.716746 0.024208 0.048836
13 0.835352 0.721696 0.024208 0.048836
13 0.223611 0.721183 0.024201 0.048836
26 0.946305 0.699704 0.012053 0.081657
26 0.902617 0.701765 0.012053 0.081637
26 0.855601 0.699122 0.012053 0.081637
26 0.811569 0.702347 0.012053 0.081657
26 0.767449 0.700611 0.012053 0.081657
26 0.723541 0.703501 0.012053 0.081637
26 0.679853 0.698876 0.012053 0.081657
26 0.636158 0.703501 0.012053 0.081637
26 0.592471 0.700611 0.012053 0.081657
26 0.548343 0.700030 0.012053 0.081637
13 0.616184 0.721696 0.024201 0.048836
13 0.307951 0.720168 0.024201 0.048856
26 0.504868 0.700030 0.012053 0.081637
