26 0.639561 0.753917 0.050886 0.017989
13 0.669178 0.904330 0.045689 0.055043
13 0.671330 0.170726 0.042579 0.041362
0 0.637832 0.867197 0.047381 0.021322
13 0.672035 0.078972 0.044649 0.040963
13 0.670479 0.783613 0.039750 0.042348
13 0.669347 0.568268 0.043127 0.048593
26 0.637828 0.426809 0.050886 0.017994
26 0.638409 0.227681 0.050886 0.017994
13 0.670278 0.683755 0.041604 0.042564
13 0.671616 0.353074 0.042345 0.044575
13 0.670850 0.454066 0.045004 0.038547
13 0.671567 0.252083 0.037897 0.037749
26 0.635500 0.048994 0.050886 0.017989
26 0.641571 0.325405 0.047994 0.018809
26 0.640141 0.651698 0.050886 0.017994
26 0.640721 0.536801 0.050886 0.017989
26 0.638155 0.859288 0.043852 0.017037
26 0.638409 0.138544 0.050886 0.017989
