15 0.670761 0.342530 0.018187 0.006142
13 0.664641 0.576148 0.037550 0.015897
13 0.664988 0.535533 0.037550 0.015897
15 0.670963 0.311242 0.018187 0.006142
13 0.664811 0.301695 0.037550 0.015892
13 0.663924 0.332587 0.037550 0.015897
15 0.670355 0.506410 0.018179 0.006142
15 0.670963 0.547413 0.018187 0.006142
13 0.665633 0.496934 0.037550 0.015897
15 0.671366 0.625137 0.018187 0.006148
13 0.664194 0.452125 0.037542 0.015897
13 0.664811 0.416336 0.037550 0.015897
15 0.670556 0.461117 0.018179 0.006142
13 0.664726 0.653917 0.037542 0.015892
15 0.671769 0.426684 0.018187 0.006142
15 0.671567 0.389108 0.018187 0.006148
15 0.670761 0.666362 0.018187 0.006148
13 0.664400 0.378801 0.037550 0.015892
13 0.665330 0.613125 0.037542 0.015892
22 0.719376 0.605248 0.010371 0.034917
15 0.669948 0.585846 0.018187 0.006142
