13 0.169541 0.665849 0.108944 0.062296
20 0.652744 0.386744 0.067051 0.045681
10 0.583868 0.481932 0.061902 0.040957
9 0.159565 0.387014 0.119936 0.044330
9 0.262047 0.451573 0.123771 0.080467
13 0.152603 0.335470 0.179887 0.057379
10 0.723090 0.484775 0.061894 0.040957
22 0.138090 0.073251 0.070653 0.029977
9 0.262168 0.535900 0.119662 0.080473
10 0.652764 0.482462 0.061902 0.040957
1 0.288356 0.820838 0.055874 0.049151
13 0.537562 0.676345 0.089952 0.023003
29 0.504380 0.709288 0.077687 0.041926
13 0.391390 0.677607 0.097446 0.023362
13 0.471696 0.450293 0.276398 0.081533
15 0.390576 0.710490 0.080411 0.028912
13 0.167196 0.872570 0.098807 0.053630
13 0.652498 0.608439 0.275504 0.049903
13 0.284347 0.357689 0.096559 0.030809
13 0.469654 0.536738 0.280483 0.083265
20 0.655218 0.549829 0.067051 0.065926
26 0.279279 0.654618 0.049065 0.058285
