26 0.845093 0.313137 0.071942 0.022387
13 0.830431 0.515972 0.053965 0.050883
13 0.830431 0.735128 0.053965 0.050883
13 0.819138 0.169764 0.080064 0.044575
22 0.967321 0.181040 0.029984 0.060712
26 0.843973 0.771060 0.071926 0.019362
22 0.427325 0.591171 0.056213 0.020120
22 0.417264 0.808291 0.072160 0.018644
13 0.789895 0.278185 0.081773 0.050194
13 0.832889 0.629895 0.053965 0.048575
26 0.845121 0.662091 0.070596 0.020775
26 0.844758 0.553553 0.069871 0.020758
26 0.844678 0.203852 0.069226 0.019305
22 0.429061 0.700100 0.056898 0.022080
