26 0.347985 0.361097 0.049557 0.015413
26 0.346039 0.491162 0.051515 0.014177
26 0.347514 0.903761 0.049855 0.014405
13 0.475403 0.470590 0.027921 0.069271
26 0.347180 0.422328 0.050363 0.016279
26 0.349077 0.099991 0.048340 0.014798
13 0.486761 0.581855 0.051587 0.042160
26 0.348159 0.663481 0.049533 0.014405
13 0.307591 0.141744 0.029251 0.032274
13 0.306934 0.274897 0.029243 0.032279
13 0.306608 0.760111 0.029251 0.032279
26 0.651015 0.559011 0.031765 0.014524
13 0.338026 0.083675 0.014988 0.010598
13 0.307264 0.639969 0.029243 0.032279
13 0.730471 0.530823 0.013723 0.024427
13 0.306608 0.820766 0.029251 0.032279
22 0.433759 0.928598 0.018928 0.045846
13 0.307264 0.337177 0.029243 0.032279
13 0.307921 0.465450 0.029251 0.032279
13 0.305947 0.698994 0.029251 0.032279
13 0.338795 0.706670 0.014980 0.010593
13 0.339363 0.222795 0.014988 0.010593
13 0.338227 0.648043 0.014988 0.010593
13 0.339363 0.471761 0.014988 0.010598
13 0.306277 0.879325 0.029251 0.032279
13 0.654436 0.577991 0.013417 0.020724
13 0.338795 0.284234 0.014980 0.010598
3 0.487329 0.521288 0.046003 0.025698
13 0.338795 0.586604 0.014980 0.010598
9 0.484303 0.552909 0.026027 0.015732
13 0.339932 0.764091 0.014980 0.010598
13 0.339218 0.148359 0.014988 0.010598
13 0.307107 0.077954 0.029251 0.032274
13 0.307264 0.211923 0.029243 0.032279
13 0.307591 0.395735 0.029251 0.032279
13 0.338795 0.824729 0.014980 0.010598
13 0.306934 0.578390 0.029243 0.032279
1 0.755367 0.555217 0.047800 0.043504
26 0.347760 0.600738 0.048074 0.014410
26 0.347107 0.844043 0.048090 0.014410
13 0.339363 0.406305 0.014988 0.010593
26 0.348550 0.164741 0.049557 0.014610
13 0.339363 0.341254 0.014988 0.010598
13 0.340500 0.887772 0.014988 0.010598
26 0.347663 0.299063 0.048912 0.014194
26 0.348203 0.784088 0.048961 0.014410
26 0.347925 0.724365 0.047744 0.014405
26 0.349521 0.236319 0.049226 0.014405
