13 0.681817 0.172647 0.056221 0.038148
13 0.671398 0.855291 0.037720 0.038148
13 0.672248 0.699484 0.039420 0.038148
26 0.660580 0.225755 0.041499 0.019168
26 0.660729 0.064037 0.041362 0.019903
26 0.660729 0.350826 0.041362 0.019909
26 0.659915 0.669154 0.041362 0.019903
22 0.823038 0.953840 0.027478 0.030678
13 0.672530 0.539268 0.037728 0.038148
26 0.661249 0.144011 0.041499 0.019168
13 0.671366 0.092544 0.038300 0.038148
26 0.660391 0.510783 0.041362 0.019903
13 0.671998 0.380043 0.035375 0.040142
13 0.682393 0.253758 0.056164 0.038148
26 0.661724 0.829006 0.041354 0.019903
