13 0.623119 0.350227 0.024634 0.017098
9 0.604618 0.345377 0.008749 0.019055
13 0.691685 0.352532 0.018635 0.033625
13 0.613908 0.435508 0.013066 0.016643
2 0.593283 0.403318 0.008142 0.010317
26 0.705477 0.340520 0.009670 0.019171
9 0.435844 0.345726 0.008925 0.019753
3 0.449034 0.346199 0.015209 0.018963
26 0.753375 0.340328 0.009670 0.019175
13 0.444687 0.436571 0.015637 0.018417
26 0.432344 0.416206 0.010712 0.019288
13 0.443936 0.503128 0.010282 0.019161
13 0.613586 0.502884 0.011138 0.017969
13 0.483671 0.344974 0.050339 0.027606
13 0.416947 0.349372 0.024848 0.016023
13 0.558108 0.435996 0.013280 0.017338
26 0.601392 0.415391 0.010710 0.019288
26 0.324624 0.339219 0.009670 0.019171
14 0.515631 0.398708 0.016706 0.016061
26 0.488399 0.415159 0.010710 0.019288
13 0.739025 0.351594 0.017779 0.030480
2 0.424273 0.403727 0.008139 0.010317
33 0.601677 0.499108 0.010287 0.019365
13 0.500596 0.435578 0.013072 0.017066
2 0.480611 0.403318 0.008139 0.010317
2 0.537375 0.403597 0.008142 0.010317
13 0.556502 0.344136 0.050339 0.024260
13 0.311345 0.351860 0.017993 0.032352
26 0.544808 0.415624 0.010710 0.019288
3 0.590624 0.345920 0.016064 0.018963
33 0.432492 0.498579 0.010287 0.019365
