13 0.262119 0.279583 0.044594 0.123056
15 0.232541 0.311333 0.018750 0.155778
13 0.158028 0.287083 0.044594 0.123056
15 0.544505 0.312861 0.018750 0.155833
15 0.655633 0.312861 0.018734 0.155833
15 0.431144 0.314389 0.018750 0.155778
13 0.322492 0.676750 0.030438 0.057167
13 0.686469 0.288472 0.044594 0.123056
13 0.575690 0.288583 0.044594 0.123056
13 0.355073 0.296417 0.044594 0.123056
15 0.332963 0.312861 0.018750 0.155833
13 0.459489 0.294194 0.044594 0.123056
22 0.144773 0.624694 0.116948 0.073944
33 0.298360 0.674028 0.020097 0.099278
15 0.127654 0.314333 0.018750 0.155778
