13 0.112770 0.563286 0.032965 0.051383
13 0.664441 0.559384 0.032958 0.051383
13 0.622842 0.577926 0.032965 0.079375
13 0.441909 0.561335 0.032965 0.051383
26 0.366727 0.556723 0.012912 0.053598
13 0.485553 0.559384 0.032958 0.051383
13 0.526923 0.558078 0.032958 0.051383
13 0.801281 0.560682 0.032965 0.051402
26 0.130619 0.557339 0.012912 0.053580
26 0.083273 0.561657 0.012912 0.053580
13 0.257108 0.560682 0.032958 0.051402
13 0.965953 0.778400 0.040695 0.051383
13 0.157095 0.562633 0.032958 0.051402
26 0.545586 0.558570 0.012919 0.053580
13 0.886062 0.558731 0.032958 0.051402
13 0.753316 0.560682 0.032958 0.051402
13 0.353488 0.560682 0.032958 0.051402
26 0.502108 0.557339 0.012912 0.053580
13 0.305069 0.558722 0.032958 0.051383
26 0.589924 0.561657 0.012912 0.053580
13 0.211873 0.560313 0.032958 0.051383
26 0.635338 0.562263 0.012912 0.053580
26 0.457124 0.559801 0.012912 0.053580
26 0.682257 0.558570 0.012919 0.053580
26 0.730467 0.561032 0.012912 0.053580
13 0.569199 0.559384 0.032958 0.051383
26 0.772439 0.561032 0.012912 0.053580
26 0.272687 0.561222 0.012879 0.051989
26 0.228120 0.559801 0.012919 0.053580
26 0.821509 0.561657 0.012919 0.053580
13 0.396674 0.559384 0.032965 0.051383
26 0.173236 0.557955 0.012919 0.053598
26 0.863696 0.558570 0.012912 0.053580
26 0.411499 0.559186 0.012912 0.053598
26 0.908461 0.557652 0.012912 0.053598
33 0.939801 0.747670 0.009848 0.044962
22 0.751721 0.719650 0.048683 0.028731
13 0.711039 0.560028 0.032958 0.051383
13 0.066512 0.563598 0.032958 0.051402
13 0.841741 0.561335 0.032958 0.051383
26 0.321314 0.558570 0.012912 0.053580
