13 0.173711 0.671533 0.111209 0.050302
26 0.286245 0.655869 0.043175 0.056900
13 0.173300 0.876407 0.098944 0.055721
15 0.397623 0.714225 0.078501 0.027060
13 0.477889 0.453322 0.273779 0.081880
20 0.658219 0.392063 0.062965 0.046838
9 0.265097 0.452954 0.118751 0.084655
1 0.295077 0.823513 0.061821 0.047185
13 0.541676 0.681604 0.089299 0.023607
22 0.140020 0.076057 0.080137 0.037584
13 0.286543 0.362630 0.096164 0.034695
10 0.656640 0.486262 0.062804 0.042325
13 0.480346 0.541100 0.274762 0.082575
9 0.267043 0.542467 0.120709 0.084650
20 0.661491 0.553393 0.069508 0.066501
29 0.509492 0.714920 0.078501 0.040940
13 0.396950 0.678513 0.093223 0.021299
13 0.658139 0.615430 0.277115 0.057003
10 0.590935 0.484547 0.062804 0.042325
10 0.726309 0.486957 0.062804 0.042325
