33 0.618423 0.225228 0.009037 0.044251
9 0.621254 0.263300 0.011496 0.028598
9 0.669065 0.263413 0.011496 0.028598
13 0.590490 0.404396 0.023864 0.021193
13 0.596288 0.331747 0.022015 0.010665
13 0.655177 0.403985 0.023138 0.021604
13 0.687649 0.332635 0.024098 0.010073
13 0.641547 0.269531 0.029547 0.019553
26 0.670765 0.395165 0.007863 0.027349
14 0.641190 0.328312 0.018190 0.014198
26 0.668481 0.326461 0.006110 0.017305
22 0.522100 0.212500 0.057629 0.010963
33 0.668918 0.224730 0.009037 0.044255
26 0.616961 0.326871 0.006113 0.017901
26 0.607610 0.393731 0.007863 0.027349
13 0.683877 0.233683 0.019490 0.011257
13 0.594290 0.290862 0.043588 0.031998
3 0.681793 0.264122 0.012368 0.022425
13 0.696241 0.290713 0.042120 0.030516
2 0.612618 0.332117 0.005400 0.007861
2 0.663314 0.332474 0.005398 0.007857
13 0.601207 0.233386 0.021376 0.011849
3 0.607944 0.263824 0.012371 0.022425
