26 0.795982 0.305544 0.009051 0.024867
26 0.762495 0.305645 0.009054 0.024867
26 0.841173 0.452240 0.009054 0.024867
13 0.889970 0.309245 0.016817 0.031406
26 0.783195 0.448562 0.009051 0.024867
26 0.896351 0.303499 0.010826 0.027893
13 0.818789 0.307802 0.012625 0.036773
13 0.853188 0.309301 0.017079 0.037079
13 0.774440 0.452677 0.013217 0.028803
13 0.785750 0.307744 0.011522 0.030346
14 0.812739 0.401670 0.063209 0.019496
13 0.833368 0.453336 0.011884 0.029146
13 0.751999 0.307585 0.012491 0.029488
26 0.829514 0.306322 0.013095 0.028034
