1 0.342105 0.817114 0.018457 0.039755
13 0.335802 0.736419 0.026503 0.031459
9 0.361301 0.734667 0.013409 0.032627
13 0.273733 0.816749 0.012212 0.019276
13 0.185195 0.732573 0.038094 0.041829
22 0.165127 0.792658 0.064170 0.014456
3 0.379927 0.733829 0.021579 0.037345
13 0.201406 0.771054 0.057260 0.017732
13 0.411400 0.733575 0.036676 0.040496
1 0.260616 0.817715 0.016753 0.042564
13 0.328094 0.817148 0.012208 0.019276
9 0.241309 0.734667 0.013981 0.033185
13 0.264226 0.734746 0.026737 0.033459
13 0.392945 0.775741 0.055133 0.014387
3 0.222198 0.732826 0.021293 0.039350
26 0.357210 0.776997 0.011640 0.024091
26 0.237389 0.776595 0.012208 0.026501
