13 0.334181 0.420921 0.016329 0.012994
13 0.365779 0.420673 0.015150 0.012820
13 0.494067 0.421531 0.016569 0.012442
13 0.550754 0.424202 0.014440 0.017139
26 0.605175 0.428807 0.009427 0.025302
23 0.448568 0.434450 0.016110 0.034492
26 0.540590 0.429134 0.009558 0.026197
26 0.573089 0.427145 0.008795 0.027458
23 0.512508 0.434333 0.016107 0.034259
23 0.480949 0.434426 0.016107 0.035008
23 0.320519 0.432512 0.016107 0.036982
26 0.188662 0.429736 0.009054 0.026193
23 0.072516 0.444460 0.016438 0.037027
23 0.352247 0.433588 0.016110 0.035749
26 0.221294 0.428515 0.008538 0.025201
26 0.067670 0.309901 0.009145 0.028989
23 0.384628 0.433231 0.016107 0.036003
26 0.253185 0.429662 0.008877 0.026446
13 0.429879 0.420824 0.016332 0.014533
26 0.284964 0.429243 0.008527 0.026172
23 0.416845 0.433080 0.016107 0.037232
3 0.074625 0.353930 0.017042 0.023759
0 0.566710 0.446646 0.006973 0.014009
13 0.615252 0.424122 0.015623 0.017301
22 0.204473 0.202109 0.032428 0.015725
13 0.296429 0.425054 0.017042 0.016104
13 0.526093 0.420258 0.015150 0.012313
13 0.462468 0.421088 0.015856 0.013328
13 0.584128 0.423868 0.016805 0.016471
13 0.089424 0.435193 0.021505 0.015592
13 0.264474 0.424228 0.016096 0.017756
13 0.398086 0.421489 0.016332 0.014533
13 0.199739 0.424992 0.016805 0.018235
13 0.080014 0.306162 0.016272 0.017562
13 0.231931 0.424317 0.015859 0.016241
