18 0.442852 0.691027 0.007276 0.015947
9 0.421957 0.612240 0.013943 0.019146
26 0.421584 0.559940 0.005858 0.013449
13 0.438191 0.552482 0.015071 0.013215
1 0.423148 0.690427 0.028974 0.013376
13 0.403208 0.617671 0.021048 0.017857
7 0.465402 0.692397 0.006792 0.010113
26 0.443575 0.668054 0.009214 0.010806
22 0.380476 0.540399 0.010103 0.013094
13 0.394707 0.696551 0.007578 0.006785
13 0.454171 0.670500 0.010610 0.013570
13 0.399632 0.561890 0.018103 0.016543
18 0.426601 0.558304 0.006467 0.016140
13 0.448419 0.613566 0.023573 0.022264
31 0.433120 0.612881 0.007778 0.014142
13 0.454274 0.693634 0.015407 0.013811
