13 0.701668 0.918712 0.053296 0.054815
26 0.676737 0.078561 0.092941 0.025442
13 0.699118 0.255009 0.054480 0.058291
26 0.676249 0.878248 0.091176 0.025442
22 0.895431 0.385114 0.037293 0.058285
26 0.677490 0.379245 0.097720 0.025442
26 0.676765 0.215026 0.096269 0.025447
13 0.699601 0.117618 0.053513 0.051350
13 0.700036 0.759117 0.050677 0.056205
26 0.675101 0.555034 0.096213 0.025442
26 0.678022 0.718094 0.091176 0.025442
13 0.700205 0.595709 0.052305 0.049960
13 0.698364 0.419182 0.050878 0.054821
