3 0.364001 0.634866 0.073594 0.033538
13 0.457059 0.714615 0.053151 0.064786
22 0.368815 0.905296 0.029138 0.083607
15 0.460157 0.670114 0.063489 0.021470
13 0.360157 0.725883 0.055608 0.068815
3 0.364573 0.175513 0.073594 0.035846
9 0.362397 0.676789 0.061523 0.033795
13 0.357699 0.265892 0.049065 0.071704
13 0.456237 0.441100 0.022079 0.024285
13 0.455419 0.168749 0.051515 0.061293
13 0.492127 0.496741 0.022079 0.036536
13 0.491434 0.390519 0.022079 0.036536
1 0.512220 0.463895 0.042587 0.031789
9 0.362587 0.215903 0.065302 0.032456
1 0.509146 0.418721 0.037389 0.027778
13 0.356064 0.101672 0.049065 0.099459
13 0.357293 0.565709 0.059694 0.101197
15 0.456749 0.211370 0.063489 0.021476
