26 0.257361 0.517447 0.012571 0.030575
22 0.104619 0.665886 0.047345 0.013926
13 0.147679 0.406846 0.014835 0.015288
13 0.308062 0.407912 0.014835 0.015288
26 0.431821 0.410436 0.011313 0.033066
26 0.377272 0.410792 0.011313 0.033060
26 0.324732 0.410436 0.011309 0.033066
13 0.261088 0.603761 0.030548 0.027407
26 0.270181 0.408305 0.011313 0.033066
26 0.216890 0.409370 0.011313 0.033066
13 0.361104 0.406493 0.014835 0.015288
26 0.163848 0.410083 0.011313 0.033066
26 0.110175 0.410259 0.011309 0.033066
13 0.094517 0.407023 0.014835 0.015288
13 0.232649 0.520789 0.032180 0.043014
13 0.255270 0.408268 0.014835 0.015282
26 0.292554 0.599214 0.014077 0.014222
26 0.226692 0.598507 0.014077 0.014222
13 0.201223 0.407558 0.014839 0.015288
1 0.260880 0.563843 0.018102 0.029510
13 0.418920 0.406493 0.014835 0.015288
7 0.211358 0.602060 0.009863 0.015675
7 0.308896 0.601704 0.009863 0.015670
