9 0.629581 0.314083 0.059065 0.038946
26 0.746882 0.428017 0.017566 0.018359
13 0.106285 0.475308 0.022724 0.069066
22 0.818469 0.660652 0.090201 0.014718
13 0.311918 0.345484 0.040757 0.047949
13 0.776293 0.399427 0.041612 0.059140
3 0.623566 0.247755 0.053836 0.048672
15 0.303598 0.313815 0.057575 0.016177
13 0.300214 0.442983 0.066438 0.077499
3 0.297844 0.506382 0.029436 0.020239
10 0.078062 0.420895 0.036914 0.025299
3 0.402107 0.342741 0.026986 0.020239
3 0.508409 0.343319 0.030258 0.021396
1 0.681712 0.325328 0.034641 0.025299
9 0.091700 0.322718 0.056245 0.056217
20 0.114690 0.421903 0.035214 0.028912
10 0.079464 0.363687 0.036914 0.025299
13 0.701289 0.365681 0.043836 0.047031
13 0.642055 0.371909 0.026737 0.066256
13 0.584541 0.221829 0.026164 0.172319
13 0.549061 0.443986 0.019637 0.143755
7 0.768860 0.453473 0.019621 0.016188
10 0.078896 0.392997 0.036906 0.025299
13 0.191781 0.403430 0.021757 0.154199
13 0.442728 0.444587 0.023892 0.147373
