7 0.452305 0.267929 0.005453 0.008058
26 0.412604 0.226519 0.009333 0.019033
13 0.456459 0.230806 0.013966 0.015020
13 0.395501 0.261773 0.011926 0.007816
26 0.440137 0.227123 0.009333 0.019033
22 0.438781 0.133183 0.034769 0.008638
13 0.447219 0.176285 0.024296 0.016664
13 0.459442 0.260431 0.012365 0.009259
9 0.430242 0.172857 0.008484 0.010113
14 0.431168 0.202538 0.035442 0.019581
26 0.450792 0.253610 0.005937 0.012861
13 0.393174 0.245004 0.015419 0.010492
26 0.404906 0.253352 0.006063 0.012345
13 0.455587 0.241507 0.017168 0.009670
7 0.406419 0.268010 0.005453 0.008058
13 0.395137 0.230085 0.012952 0.015641
3 0.420966 0.173457 0.008610 0.015778
13 0.404128 0.171241 0.039140 0.031684
