26 0.747562 0.765507 0.010409 0.063266
13 0.538133 0.678345 0.032781 0.044752
13 0.449263 0.679110 0.032781 0.044752
13 0.494008 0.679358 0.032773 0.044752
13 0.580681 0.677342 0.032781 0.044775
27 0.469157 0.681824 0.020035 0.045315
26 0.122855 0.769516 0.010409 0.063266
13 0.457290 0.769369 0.032618 0.085495
26 0.078910 0.768941 0.010409 0.063288
22 0.038790 0.897410 0.062054 0.031396
13 0.921390 0.758514 0.033973 0.087072
26 0.346122 0.770360 0.010409 0.063288
13 0.232103 0.756802 0.032618 0.085495
26 0.388987 0.773795 0.010409 0.063266
27 0.555095 0.677095 0.020028 0.045315
13 0.102653 0.754797 0.032618 0.085495
13 0.728733 0.731318 0.033980 0.072500
13 0.544435 0.759809 0.032625 0.071374
13 0.146535 0.759324 0.032618 0.085495
13 0.188769 0.756306 0.032625 0.085495
27 0.425349 0.686239 0.020028 0.045315
13 0.317357 0.756306 0.032625 0.085495
27 0.512788 0.680338 0.020028 0.045315
26 0.897618 0.773097 0.010409 0.063266
26 0.846927 0.768941 0.010409 0.063288
13 0.772078 0.731002 0.033980 0.072500
26 0.795988 0.769516 0.010409 0.063266
26 0.705946 0.767804 0.010409 0.063266
13 0.368571 0.758806 0.032625 0.085495
13 0.274651 0.758311 0.032618 0.085495
13 0.411750 0.755293 0.032618 0.085495
26 0.655910 0.769516 0.010409 0.063266
26 0.607167 0.764369 0.010409 0.063288
26 0.562283 0.768367 0.010409 0.063266
13 0.822227 0.752410 0.033980 0.083468
26 0.518338 0.766655 0.010409 0.063266
26 0.475833 0.767230 0.010409 0.063288
13 0.584778 0.757534 0.032618 0.071869
13 0.627752 0.751284 0.033980 0.090676
13 0.684940 0.752005 0.033973 0.090676
26 0.432071 0.766655 0.010409 0.063266
13 0.502675 0.758345 0.032618 0.072500
26 0.295219 0.765507 0.010409 0.063266
26 0.252710 0.768367 0.010402 0.063266
26 0.209485 0.764369 0.010402 0.063288
13 0.872375 0.754212 0.033980 0.087072
26 0.165360 0.766081 0.010409 0.063288
