26 0.623441 0.835772 0.047703 0.047783
13 0.219347 0.630464 0.141305 0.025829
26 0.539404 0.764912 0.047703 0.047783
27 0.549883 0.627140 0.055608 0.075168
13 0.706257 0.626718 0.163683 0.026655
27 0.324174 0.626541 0.055600 0.075168
7 0.242192 0.887553 0.029299 0.023128
13 0.730395 0.847798 0.160145 0.070775
13 0.415407 0.855291 0.156616 0.067447
26 0.249210 0.836171 0.047703 0.047783
13 0.350052 0.615900 0.058880 0.031641
26 0.324174 0.767105 0.047703 0.047783
14 0.441926 0.578544 0.085044 0.030068
3 0.444053 0.462798 0.078002 0.071943
13 0.225701 0.768695 0.151902 0.066610
13 0.670342 0.769946 0.167212 0.068279
7 0.632522 0.887698 0.033392 0.022644
13 0.570250 0.616732 0.054166 0.031641
13 0.679174 0.461026 0.335592 0.064946
