13 0.712703 0.680726 0.025772 0.043936
13 0.148074 0.681292 0.025782 0.043936
13 0.595188 0.680726 0.025782 0.043936
13 0.380888 0.604692 0.026776 0.021759
13 0.492037 0.563093 0.023436 0.023038
27 0.496844 0.610443 0.020483 0.035793
13 0.478349 0.682854 0.025772 0.043936
26 0.169348 0.736015 0.025203 0.080320
13 0.236298 0.682005 0.025782 0.043936
22 0.056240 0.962030 0.073986 0.047355
13 0.402819 0.587411 0.028456 0.018782
3 0.419855 0.929317 0.032297 0.053542
13 0.523147 0.932239 0.175560 0.046593
13 0.462408 0.579090 0.023774 0.022608
26 0.258533 0.736009 0.025212 0.080308
13 0.418089 0.683284 0.025772 0.043936
26 0.616197 0.737214 0.025212 0.080308
26 0.854932 0.738346 0.025212 0.080308
26 0.734503 0.730646 0.024585 0.069385
26 0.436723 0.734231 0.024624 0.071759
26 0.496815 0.733284 0.026834 0.077589
33 0.414527 0.606347 0.019170 0.041820
33 0.473996 0.606427 0.019170 0.041833
27 0.437770 0.610277 0.020483 0.035806
13 0.835903 0.681574 0.025782 0.043936
13 0.327987 0.614711 0.058253 0.053752
13 0.520830 0.578026 0.022761 0.020480
13 0.430941 0.561599 0.021091 0.018352
