13 0.308588 0.880517 0.010809 0.014387
13 0.347088 0.880468 0.010037 0.013692
13 0.308868 0.860228 0.013196 0.008931
26 0.305987 0.903525 0.004622 0.009261
14 0.328087 0.858303 0.026663 0.012124
13 0.300375 0.899915 0.010389 0.009128
26 0.350617 0.903030 0.004622 0.009261
9 0.373560 0.871393 0.011464 0.015462
13 0.358002 0.900015 0.010809 0.010121
22 0.350620 0.944072 0.027139 0.009090
13 0.347334 0.860426 0.013337 0.009328
13 0.358178 0.917129 0.010178 0.005259
13 0.300445 0.917179 0.010530 0.005557
7 0.306572 0.912207 0.005264 0.007111
3 0.385681 0.871434 0.008482 0.012404
7 0.351614 0.912618 0.005264 0.007109
26 0.338450 0.878059 0.004620 0.009261
26 0.317826 0.878222 0.004622 0.009261
