26 0.475830 0.796499 0.042554 0.016017
26 0.475210 0.714835 0.044537 0.014627
13 0.504400 0.522658 0.044416 0.046570
26 0.267051 0.682781 0.019517 0.018758
13 0.498187 0.606177 0.031668 0.045174
13 0.504883 0.770422 0.043449 0.045174
13 0.340330 0.680541 0.035375 0.040433
13 0.501720 0.936618 0.038735 0.045179
13 0.230838 0.677279 0.020741 0.044063
13 0.497139 0.688439 0.029734 0.045174
13 0.399428 0.677057 0.012619 0.035698
9 0.397123 0.702080 0.014134 0.013162
13 0.498872 0.441647 0.032554 0.045174
13 0.504150 0.853245 0.043755 0.045179
22 0.217869 0.935476 0.017832 0.113128
13 0.260177 0.655989 0.021402 0.037117
22 0.217143 0.804741 0.017349 0.125390
26 0.475854 0.467368 0.043247 0.014621
33 0.223803 0.705268 0.037131 0.013043
26 0.474952 0.549638 0.044504 0.014148
26 0.475850 0.631974 0.045496 0.013920
26 0.335008 0.706054 0.037623 0.013932
26 0.476241 0.962584 0.042893 0.014627
26 0.475060 0.879567 0.044561 0.014860
