13 0.324557 0.750115 0.042228 0.057846
26 0.631620 0.736213 0.039854 0.095759
26 0.189261 0.735129 0.039844 0.095759
22 0.504679 0.889919 0.142257 0.042466
13 0.678050 0.749248 0.042228 0.057846
13 0.498030 0.751145 0.042228 0.057846
26 0.453283 0.730291 0.039854 0.095759
26 0.277437 0.733069 0.039854 0.095759
13 0.942252 0.751904 0.042228 0.057846
26 0.894139 0.733069 0.039854 0.095759
26 0.807228 0.730989 0.039844 0.095745
26 0.719056 0.730989 0.039844 0.095745
13 0.236902 0.751402 0.042228 0.057846
13 0.769509 0.752771 0.042228 0.057846
13 0.413662 0.752161 0.042228 0.057846
13 0.852067 0.751023 0.042228 0.057846
26 0.362622 0.732378 0.039854 0.095759
