13 0.415064 0.514373 0.008487 0.018860
26 0.605504 0.496956 0.011818 0.055459
13 0.497407 0.508717 0.007883 0.028288
26 0.571693 0.497667 0.011821 0.055463
13 0.448049 0.514543 0.008490 0.018860
13 0.395540 0.509400 0.007883 0.028292
26 0.538866 0.495181 0.010419 0.059388
13 0.564228 0.509059 0.007880 0.028288
26 0.505170 0.497667 0.010419 0.059388
13 0.597213 0.509915 0.007883 0.028292
13 0.530878 0.509402 0.007883 0.028288
13 0.515597 0.514716 0.008487 0.018860
13 0.616006 0.514537 0.008490 0.018856
26 0.472478 0.495890 0.010416 0.059388
13 0.380866 0.515058 0.008487 0.018860
13 0.362733 0.509136 0.007883 0.028288
13 0.462724 0.509400 0.007883 0.028292
22 0.601465 0.554297 0.054659 0.011358
26 0.404494 0.498255 0.010419 0.059388
13 0.429980 0.509057 0.007883 0.028292
26 0.369880 0.496245 0.010419 0.059388
26 0.437524 0.495890 0.010419 0.059388
13 0.583024 0.514889 0.008487 0.018860
13 0.548340 0.514031 0.008490 0.018860
13 0.481763 0.514885 0.008490 0.018860
