26 0.504473 0.797043 0.008877 0.019952
26 0.262681 0.798892 0.008872 0.019960
26 0.307199 0.797788 0.008872 0.019960
13 0.411256 0.790854 0.020974 0.019259
13 0.230880 0.791152 0.020974 0.019259
13 0.181650 0.790411 0.020974 0.019259
13 0.518308 0.790556 0.020969 0.019259
26 0.168009 0.797413 0.008872 0.019952
26 0.216271 0.798892 0.008872 0.019960
26 0.459809 0.796422 0.008872 0.019952
13 0.366632 0.790556 0.020969 0.019259
26 0.396960 0.798070 0.008872 0.019960
13 0.276758 0.790556 0.020969 0.019259
26 0.354188 0.798276 0.008877 0.019952
22 0.087783 0.770121 0.034359 0.020145
13 0.320125 0.791741 0.020969 0.019259
13 0.473057 0.790556 0.020974 0.019259
