26 0.463671 0.420695 0.008031 0.016460
26 0.241613 0.420695 0.008031 0.016460
2 0.332951 0.378031 0.009423 0.012267
13 0.356869 0.375222 0.015141 0.017348
13 0.435073 0.272387 0.017736 0.017736
26 0.273387 0.420000 0.008031 0.016460
3 0.287271 0.333457 0.014131 0.018558
13 0.485195 0.426939 0.015423 0.027440
26 0.305160 0.420462 0.008034 0.016460
13 0.421574 0.427609 0.017741 0.027440
26 0.336220 0.421160 0.008031 0.016460
32 0.528512 0.450303 0.015274 0.018456
13 0.355470 0.312124 0.012424 0.019799
26 0.367993 0.421160 0.008034 0.016460
26 0.400125 0.421160 0.008034 0.016460
26 0.432076 0.421160 0.008031 0.016460
26 0.145108 0.419817 0.008034 0.016460
13 0.285318 0.312960 0.012207 0.015892
13 0.618731 0.433644 0.025447 0.016061
22 0.122631 0.340730 0.009667 0.009295
26 0.177351 0.420462 0.008034 0.016460
13 0.515528 0.426273 0.015423 0.027440
13 0.523072 0.472556 0.038499 0.026664
3 0.358363 0.333457 0.014255 0.018558
13 0.548042 0.459401 0.018759 0.027440
13 0.199103 0.427944 0.015423 0.027440
13 0.270003 0.333736 0.018424 0.016731
2 0.311196 0.378193 0.009791 0.011943
26 0.208946 0.420927 0.008034 0.016460
13 0.375376 0.334023 0.018841 0.018794
9 0.346650 0.334378 0.008803 0.016943
13 0.334542 0.333038 0.014139 0.015335
13 0.230720 0.428279 0.015423 0.027440
13 0.292925 0.428279 0.015423 0.027440
26 0.496338 0.420000 0.008034 0.016460
26 0.527041 0.418836 0.008031 0.016460
13 0.357700 0.427944 0.015423 0.027440
9 0.299110 0.333893 0.009174 0.016622
26 0.558635 0.451835 0.008034 0.016463
13 0.134843 0.427285 0.015423 0.027440
13 0.452809 0.427944 0.015423 0.027440
13 0.167232 0.427944 0.015423 0.027440
29 0.598585 0.432243 0.012137 0.020451
14 0.321422 0.360522 0.021073 0.016298
13 0.262337 0.427274 0.015423 0.027440
13 0.326598 0.427944 0.015423 0.027440
13 0.388291 0.427944 0.015423 0.027440
13 0.311771 0.333038 0.015423 0.015892
13 0.284525 0.375703 0.015544 0.019277
