26 0.614790 0.171217 0.050596 0.025214
26 0.615371 0.334772 0.050596 0.025214
26 0.614790 0.419821 0.050596 0.025214
26 0.614122 0.574715 0.050596 0.025214
26 0.615564 0.659222 0.050596 0.025214
26 0.617015 0.740316 0.050596 0.025214
26 0.616531 0.823798 0.050596 0.025214
13 0.585834 0.709504 0.077518 0.038165
26 0.614831 0.904880 0.050596 0.025214
22 0.940604 0.900584 0.034972 0.159561
13 0.585334 0.219422 0.074956 0.039994
13 0.587035 0.055103 0.081096 0.038068
13 0.584851 0.630057 0.077518 0.038860
13 0.584359 0.792775 0.080467 0.038165
13 0.587377 0.300134 0.080411 0.036621
13 0.584855 0.875345 0.075560 0.043715
13 0.585834 0.542972 0.075552 0.035390
13 0.585334 0.388074 0.074956 0.037105
13 0.586354 0.138225 0.075641 0.037590
26 0.614790 0.088621 0.050596 0.025219
26 0.616523 0.255447 0.050596 0.025219
