5 0.280707 0.679071 0.151198 0.052206
1 0.392030 0.788897 0.189517 0.041355
9 0.400092 0.358606 0.086306 0.057858
22 0.657970 0.137703 0.090183 0.056671
31 0.465682 0.359452 0.044010 0.045510
15 0.236947 0.730671 0.070932 0.028516
26 0.391098 0.153671 0.044027 0.096374
9 0.402255 0.474219 0.086306 0.057858
13 0.217055 0.781368 0.110116 0.079252
13 0.556905 0.362394 0.133877 0.079239
7 0.114226 0.796523 0.039867 0.029303
13 0.158794 0.639761 0.155191 0.081097
13 0.597704 0.796419 0.179035 0.084787
13 0.303087 0.505316 0.096722 0.051613
13 0.296672 0.194677 0.101398 0.054671
13 0.303353 0.352239 0.094226 0.047961
