26 0.451124 0.404302 0.053433 0.022621
9 0.259895 0.395031 0.051587 0.020410
7 0.767317 0.575929 0.028622 0.019276
26 0.450085 0.577752 0.054126 0.025077
1 0.576773 0.439638 0.064359 0.020746
9 0.260274 0.570578 0.051587 0.022422
7 0.765270 0.394989 0.027252 0.021681
26 0.289102 0.213681 0.036076 0.039795
13 0.465806 0.368644 0.054786 0.042792
9 0.360363 0.570410 0.051104 0.018735
13 0.464239 0.607758 0.059291 0.044336
10 0.271023 0.315211 0.026027 0.021419
10 0.269605 0.271373 0.026027 0.021413
13 0.240113 0.150068 0.028622 0.035852
10 0.269738 0.674145 0.028872 0.020074
13 0.360657 0.521504 0.066100 0.071316
22 0.813344 0.869641 0.037293 0.036456
3 0.364750 0.355692 0.050048 0.037470
3 0.365242 0.607225 0.049065 0.036775
26 0.291185 0.753165 0.036084 0.038319
13 0.381104 0.710154 0.093360 0.150826
13 0.240113 0.313712 0.028622 0.039322
13 0.382804 0.251840 0.098131 0.152661
1 0.575774 0.526607 0.061523 0.021749
20 0.269803 0.150014 0.026422 0.022034
13 0.238473 0.270923 0.030258 0.040479
9 0.359984 0.394026 0.051104 0.023755
13 0.508042 0.482718 0.022901 0.038940
10 0.269960 0.605199 0.028864 0.020074
13 0.261374 0.519963 0.061330 0.068906
10 0.269831 0.361399 0.026027 0.021419
13 0.362023 0.439345 0.062015 0.069869
10 0.270907 0.638997 0.028872 0.020080
20 0.269452 0.816430 0.026027 0.021077
13 0.260826 0.439587 0.058606 0.072279
13 0.240113 0.355057 0.031894 0.038741
26 0.708211 0.402094 0.045802 0.020165
26 0.712031 0.581678 0.049267 0.020165
