13 0.365359 0.676775 0.094198 0.055772
13 0.459565 0.494832 0.209605 0.049960
13 0.479541 0.297205 0.106060 0.073840
10 0.685032 0.249356 0.057897 0.043715
33 0.543824 0.663678 0.222587 0.050114
13 0.580346 0.829761 0.053376 0.025299
9 0.557478 0.389484 0.035326 0.048575
13 0.473948 0.414886 0.121950 0.081624
10 0.615862 0.249738 0.057897 0.043715
3 0.619073 0.372812 0.072071 0.058957
30 0.308227 0.556712 0.037293 0.044410
13 0.299416 0.521895 0.115399 0.030809
18 0.700532 0.664048 0.069508 0.087026
13 0.487151 0.100570 0.067293 0.079088
9 0.557965 0.275339 0.034351 0.049265
13 0.767490 0.385749 0.208421 0.111578
10 0.754702 0.249356 0.057897 0.043715
15 0.556982 0.065091 0.048082 0.071470
20 0.615371 0.295880 0.060846 0.043020
7 0.688223 0.808120 0.074609 0.050359
22 0.234420 0.948137 0.309694 0.035806
26 0.457083 0.546558 0.074956 0.035658
26 0.575234 0.796832 0.078364 0.038952
