26 0.387674 0.508294 0.017594 0.049633
26 0.543971 0.378672 0.017005 0.051555
9 0.454191 0.304719 0.023570 0.053974
1 0.532299 0.541771 0.025053 0.052527
13 0.564285 0.236177 0.037393 0.058359
4 0.559479 0.582570 0.030134 0.062635
1 0.462393 0.542516 0.025053 0.052505
4 0.383055 0.585626 0.030120 0.062657
22 0.843289 0.635680 0.073048 0.089762
13 0.426745 0.239352 0.037393 0.058359
13 0.565715 0.384482 0.022500 0.028143
13 0.427707 0.384233 0.024078 0.024579
13 0.426116 0.586436 0.055896 0.058359
13 0.494071 0.503769 0.039612 0.036350
13 0.585695 0.532646 0.015588 0.028575
3 0.482527 0.299892 0.028930 0.062635
3 0.567981 0.301317 0.028930 0.062635
13 0.412594 0.534784 0.014786 0.028575
26 0.458964 0.379158 0.021778 0.046739
26 0.562914 0.506587 0.017594 0.049633
9 0.539051 0.305173 0.023556 0.053974
13 0.599706 0.586436 0.053235 0.053434
