23 0.654944 0.648040 0.041813 0.026667
23 0.655717 0.803020 0.041813 0.026667
23 0.657353 0.725558 0.041813 0.026661
13 0.539714 0.642430 0.136398 0.056222
13 0.543646 0.881114 0.146229 0.039561
13 0.680846 0.286467 0.026704 0.024103
26 0.659698 0.577692 0.037139 0.016114
13 0.682127 0.748199 0.026688 0.027305
13 0.541160 0.109137 0.142288 0.036781
23 0.655806 0.341883 0.041813 0.026661
26 0.662039 0.499840 0.037147 0.016114
13 0.539198 0.038014 0.156027 0.041635
13 0.540693 0.334333 0.133457 0.051345
26 0.659698 0.422701 0.037139 0.016114
26 0.660214 0.193419 0.037139 0.016114
13 0.541672 0.420376 0.136398 0.036775
13 0.538711 0.255895 0.133457 0.051345
13 0.680822 0.671185 0.026688 0.027305
13 0.681442 0.516142 0.026688 0.027305
13 0.682494 0.211547 0.026712 0.024108
33 0.658368 0.043171 0.034577 0.013214
13 0.542655 0.955365 0.146229 0.039561
13 0.679662 0.594125 0.026688 0.027305
13 0.536765 0.796464 0.136398 0.056222
13 0.682554 0.440501 0.026688 0.025299
26 0.658469 0.116251 0.037921 0.016387
23 0.656144 0.264271 0.041813 0.026661
26 0.660222 0.883994 0.037929 0.016387
13 0.680842 0.364410 0.026696 0.027305
26 0.660214 0.961584 0.037929 0.016387
13 0.539714 0.496704 0.136398 0.036781
13 0.542143 0.187547 0.136406 0.036781
13 0.541672 0.571644 0.136398 0.036781
13 0.538731 0.721524 0.136398 0.056222
