15 0.409549 0.708382 0.107123 0.033538
13 0.578147 0.491989 0.033312 0.055407
3 0.277027 0.776949 0.108525 0.073145
13 0.178956 0.778188 0.078896 0.095761
13 0.405040 0.274840 0.057703 0.078274
15 0.409380 0.209339 0.107123 0.033538
13 0.170121 0.300652 0.075359 0.098251
9 0.243546 0.701430 0.109573 0.053208
9 0.242156 0.209917 0.111209 0.054353
1 0.509150 0.608094 0.115302 0.128952
13 0.396801 0.773191 0.069476 0.077436
3 0.280419 0.284142 0.115310 0.065949
13 0.239597 0.135783 0.075359 0.076604
13 0.237240 0.635387 0.082425 0.079937
1 0.507510 0.315735 0.110395 0.142251
22 0.655101 0.906658 0.043368 0.054832
