13 0.535234 0.449783 0.099476 0.167362
26 0.215496 0.368667 0.068687 0.025675
13 0.802313 0.402322 0.041048 0.055789
13 0.427063 0.180416 0.102442 0.262291
22 0.053505 0.933644 0.044158 0.083846
9 0.585278 0.351704 0.098131 0.078644
11 0.240294 0.588741 0.081088 0.025595
1 0.770496 0.320188 0.071144 0.063031
13 0.283820 0.509242 0.048864 0.035123
13 0.244750 0.405236 0.051628 0.053288
3 0.577671 0.274792 0.125479 0.065949
26 0.253767 0.461997 0.064762 0.027755
30 0.133888 0.456943 0.029436 0.084427
