13 0.505834 0.899208 0.042224 0.009037
13 0.573884 0.622350 0.048815 0.019516
13 0.548143 0.127040 0.046648 0.019516
13 0.573171 0.399821 0.047873 0.019516
13 0.664956 0.832140 0.041080 0.030672
27 0.511728 0.659484 0.022248 0.007128
13 0.575367 0.914174 0.047429 0.019516
13 0.575133 0.700989 0.046317 0.019516
13 0.725322 0.879382 0.025504 0.024165
13 0.575681 0.793846 0.048380 0.019521
13 0.532035 0.025311 0.047631 0.019521
13 0.280709 0.532031 0.016986 0.007379
13 0.573364 0.764846 0.049065 0.019516
27 0.514492 0.875399 0.022248 0.007128
13 0.573727 0.543433 0.048340 0.019516
27 0.513352 0.813803 0.022256 0.007128
13 0.574005 0.516940 0.048574 0.019521
13 0.502869 0.779145 0.042224 0.009037
27 0.509738 0.783279 0.022248 0.007128
27 0.510500 0.721553 0.022256 0.007128
3 0.685052 0.861923 0.038340 0.019368
13 0.573848 0.598088 0.048098 0.019516
13 0.533421 0.054425 0.049597 0.019516
13 0.503324 0.684416 0.042216 0.009037
13 0.573566 0.223023 0.048662 0.019516
13 0.574283 0.152470 0.048324 0.019516
13 0.502977 0.928587 0.042216 0.009037
22 0.711088 0.965909 0.011410 0.050450
23 0.580165 0.963311 0.027099 0.014462
23 0.581358 0.932322 0.030113 0.013897
26 0.586664 0.904356 0.018550 0.007721
26 0.586104 0.875387 0.018638 0.007664
26 0.585790 0.846140 0.018638 0.007664
26 0.585556 0.783775 0.020766 0.007721
26 0.586265 0.814313 0.018638 0.007670
26 0.585314 0.750994 0.018638 0.007664
26 0.586031 0.721917 0.020766 0.007732
26 0.585475 0.690707 0.021555 0.008068
13 0.572619 0.311980 0.047413 0.019516
26 0.586426 0.659268 0.018703 0.007276
26 0.585633 0.612316 0.018388 0.008177
13 0.573163 0.099262 0.048662 0.019516
26 0.585713 0.587775 0.018856 0.007732
26 0.587139 0.561496 0.017599 0.006946
26 0.586745 0.533140 0.019017 0.008068
26 0.586664 0.504621 0.018550 0.008182
26 0.586269 0.476658 0.020919 0.008963
23 0.580089 0.439396 0.029799 0.014234
26 0.586579 0.386664 0.018638 0.007664
13 0.575052 0.856031 0.046479 0.019516
26 0.587006 0.297803 0.018638 0.007664
26 0.586499 0.208550 0.018638 0.007664
26 0.586120 0.141658 0.018638 0.007670
13 0.576035 0.825080 0.049251 0.019516
23 0.580516 0.113348 0.030234 0.013578
13 0.508114 0.839983 0.042224 0.009037
26 0.587264 0.089345 0.018638 0.007533
26 0.586507 0.052966 0.018638 0.007664
26 0.586221 0.026205 0.017309 0.008741
26 0.722820 0.862484 0.018082 0.007362
13 0.503550 0.654564 0.042216 0.009037
13 0.575367 0.731940 0.047429 0.019516
13 0.574561 0.454761 0.049041 0.016177
13 0.509255 0.807550 0.042216 0.009037
13 0.571628 0.981097 0.046720 0.015892
13 0.575210 0.947219 0.046954 0.015897
13 0.575757 0.670031 0.049017 0.019516
27 0.515443 0.845541 0.022248 0.007128
13 0.508574 0.869356 0.042224 0.009037
13 0.574013 0.572430 0.046978 0.019516
13 0.503094 0.715886 0.042224 0.009037
27 0.513920 0.904311 0.022248 0.007128
13 0.575004 0.886148 0.048155 0.019521
27 0.510500 0.690892 0.022256 0.007128
13 0.573614 0.489054 0.046986 0.019521
