22 0.140058 0.352184 0.082146 0.020741
29 0.139221 0.531102 0.013203 0.031108
13 0.250617 0.744625 0.015426 0.009670
3 0.224741 0.542065 0.016555 0.026370
26 0.223753 0.587550 0.010174 0.021628
13 0.296136 0.541521 0.038769 0.054218
13 0.341295 0.544494 0.034577 0.014218
29 0.365142 0.532141 0.013203 0.032591
13 0.196284 0.541976 0.038769 0.054218
26 0.243579 0.482518 0.011946 0.021628
33 0.223726 0.739452 0.011944 0.021628
33 0.265638 0.739666 0.011944 0.021628
26 0.264916 0.587321 0.010174 0.021628
13 0.285135 0.592194 0.027871 0.010077
13 0.222476 0.486835 0.033320 0.012446
13 0.116757 0.544051 0.033531 0.009182
3 0.266536 0.542226 0.016555 0.026370
13 0.204456 0.592639 0.027030 0.009774
13 0.208197 0.744625 0.016156 0.009670
