22 0.105324 0.666553 0.048771 0.014222
13 0.146632 0.406749 0.016761 0.013829
26 0.110379 0.411011 0.009218 0.031994
1 0.261398 0.564328 0.017808 0.028439
26 0.164011 0.411293 0.009214 0.032000
13 0.307935 0.407738 0.016757 0.013823
13 0.094267 0.406499 0.016761 0.013829
26 0.293342 0.599578 0.013405 0.014222
7 0.211853 0.602242 0.009863 0.015675
26 0.227357 0.598695 0.013409 0.014222
13 0.260727 0.603080 0.032051 0.030809
13 0.255389 0.407738 0.016757 0.013823
13 0.201795 0.406749 0.016757 0.013829
26 0.377685 0.409809 0.009214 0.031994
13 0.418266 0.406009 0.016757 0.013829
26 0.431523 0.410105 0.009218 0.031994
26 0.257103 0.518556 0.012151 0.029920
13 0.232867 0.520274 0.031632 0.041185
26 0.324476 0.410997 0.009218 0.032000
7 0.309170 0.601792 0.009863 0.015675
26 0.271688 0.410108 0.009218 0.032000
26 0.217849 0.410108 0.009218 0.032000
13 0.362752 0.406009 0.016761 0.013829
