26 0.475064 0.727670 0.035882 0.015339
13 0.832562 0.585601 0.295197 0.026598
10 0.489525 0.144248 0.045657 0.029396
9 0.674331 0.622453 0.066777 0.051561
13 0.585024 0.687068 0.080878 0.036120
13 0.593965 0.346040 0.046930 0.032479
22 0.056813 0.590197 0.027518 0.076838
10 0.587969 0.144969 0.045657 0.029390
13 0.574976 0.634490 0.115302 0.021345
13 0.525093 0.752134 0.107123 0.041635
15 0.675556 0.356097 0.034351 0.053197
9 0.659202 0.158707 0.096084 0.052524
1 0.653546 0.670644 0.041563 0.032285
20 0.486797 0.175088 0.044295 0.029390
10 0.536865 0.145450 0.045657 0.029396
7 0.433155 0.746892 0.026422 0.018684
3 0.792981 0.620066 0.081450 0.045795
13 0.396229 0.168652 0.119726 0.021749
