26 0.266356 0.432482 0.007641 0.018856
13 0.253091 0.394436 0.010547 0.008743
15 0.096416 0.512474 0.004969 0.016116
13 0.286917 0.386463 0.015157 0.008574
15 0.229313 0.511869 0.004974 0.016116
7 0.292840 0.379508 0.005818 0.008058
9 0.269436 0.467027 0.008000 0.010459
13 0.293202 0.469085 0.024490 0.039267
13 0.289160 0.508961 0.016974 0.023820
15 0.278236 0.511861 0.004974 0.016116
15 0.159442 0.512224 0.004969 0.016116
13 0.134630 0.508654 0.016974 0.023820
13 0.240789 0.508703 0.016974 0.023820
1 0.265265 0.399392 0.010302 0.018171
13 0.207786 0.507945 0.016974 0.023820
13 0.252484 0.470649 0.023396 0.015431
13 0.280672 0.446559 0.009459 0.015262
15 0.196701 0.511869 0.004969 0.016116
13 0.169823 0.506523 0.016969 0.023828
13 0.106219 0.509009 0.016974 0.023820
7 0.278054 0.357816 0.005818 0.008058
3 0.278345 0.465741 0.008610 0.015770
26 0.268114 0.355415 0.008969 0.009428
15 0.124701 0.511982 0.004969 0.016116
26 0.282957 0.377619 0.008593 0.009597
13 0.281402 0.398380 0.013333 0.008751
