26 0.218598 0.703141 0.011121 0.114409
26 0.598094 0.708718 0.012424 0.116455
13 0.159894 0.737450 0.036730 0.030922
13 0.496966 0.738746 0.036737 0.030922
26 0.639619 0.706614 0.012431 0.116455
22 0.039052 0.625288 0.012452 0.029654
26 0.681924 0.705562 0.012431 0.116484
26 0.303263 0.706614 0.011121 0.114438
13 0.578584 0.738098 0.037336 0.030951
13 0.118450 0.737450 0.036730 0.030922
26 0.260698 0.709784 0.011121 0.114438
26 0.430032 0.706643 0.012424 0.116455
13 0.874693 0.736801 0.037336 0.030951
13 0.242784 0.737450 0.036730 0.030922
13 0.286276 0.738098 0.036737 0.030951
13 0.705447 0.737450 0.037336 0.030922
13 0.662586 0.736816 0.037336 0.030922
26 0.388125 0.706599 0.013178 0.118674
13 0.410927 0.735519 0.036737 0.030922
13 0.536677 0.737450 0.036737 0.030922
13 0.832459 0.738098 0.037336 0.030951
13 0.746737 0.737450 0.037336 0.030922
13 0.788654 0.736153 0.037336 0.030922
26 0.891631 0.707666 0.012424 0.116484
13 0.620352 0.738098 0.037336 0.030951
26 0.850102 0.708718 0.012424 0.116455
13 0.327724 0.736816 0.036730 0.030922
13 0.200708 0.739380 0.036737 0.030922
13 0.075194 0.736182 0.036730 0.030922
26 0.555789 0.707666 0.012424 0.116484
13 0.369323 0.738098 0.036730 0.030951
26 0.471698 0.702392 0.012431 0.116484
13 0.454101 0.736153 0.036730 0.030922
26 0.513228 0.708718 0.012431 0.116455
26 0.807026 0.705562 0.012431 0.116484
26 0.093770 0.710504 0.011121 0.114438
26 0.345567 0.706614 0.011121 0.114438
26 0.135729 0.705331 0.011121 0.114409
26 0.765240 0.706614 0.012424 0.116455
26 0.177160 0.704611 0.011121 0.114409
26 0.722935 0.707666 0.012424 0.116484
