15 0.256084 0.364766 0.122466 0.044963
13 0.111124 0.867282 0.168388 0.222325
13 0.114662 0.153271 0.173094 0.216490
13 0.520326 0.848547 0.117752 0.113242
15 0.257260 0.651621 0.120113 0.040803
13 0.457329 0.729895 0.078896 0.105749
26 0.387591 0.294960 0.065786 0.079493
13 0.457679 0.289080 0.076535 0.094923
13 0.257010 0.297447 0.114504 0.077516
29 0.413284 0.841470 0.095383 0.084103
26 0.388799 0.720353 0.065786 0.079487
13 0.436761 0.506621 0.035810 0.050632
9 0.110068 0.658282 0.101265 0.054125
29 0.409754 0.169100 0.093030 0.088285
1 0.468630 0.419724 0.093022 0.096587
1 0.469218 0.588755 0.110685 0.094923
13 0.523856 0.164097 0.129533 0.103248
13 0.147297 0.439707 0.126664 0.079937
13 0.152055 0.592917 0.140693 0.074940
3 0.110008 0.302330 0.112844 0.068000
22 0.696015 0.891684 0.097123 0.176359
3 0.108042 0.723521 0.114811 0.063840
9 0.111483 0.367766 0.109508 0.054120
13 0.255238 0.716108 0.110959 0.081516
