13 0.331280 0.367456 0.094750 0.025170
13 0.507932 0.543449 0.059424 0.026463
8 0.373047 0.528959 0.045352 0.075660
13 0.324449 0.544299 0.059424 0.026449
8 0.452843 0.526803 0.045352 0.075646
7 0.580064 0.627986 0.046709 0.043374
9 0.471159 0.188333 0.054200 0.081184
13 0.576793 0.595490 0.044571 0.025592
13 0.502721 0.593782 0.052202 0.026449
13 0.336895 0.595497 0.052202 0.026449
27 0.474174 0.433939 0.040819 0.114980
26 0.505915 0.621714 0.043534 0.027946
26 0.347202 0.620517 0.046261 0.029388
7 0.273713 0.628959 0.046709 0.043361
13 0.356165 0.467939 0.044161 0.059306
13 0.253790 0.596354 0.052190 0.026449
14 0.429238 0.309939 0.052996 0.055796
13 0.434866 0.470272 0.044174 0.059293
22 0.569968 0.733286 0.151357 0.032422
13 0.345941 0.195061 0.176338 0.032762
27 0.391396 0.438558 0.043073 0.123701
13 0.608227 0.172483 0.086236 0.070653
13 0.524603 0.366395 0.095147 0.030721
3 0.529277 0.186252 0.047670 0.042327
