26 0.745270 0.508949 0.039774 0.022638
13 0.715334 0.657430 0.131942 0.021083
22 0.858485 0.799897 0.028622 0.249801
13 0.734637 0.587960 0.142168 0.021083
13 0.718171 0.891937 0.131942 0.021083
13 0.714762 0.773880 0.131942 0.021083
13 0.734069 0.203271 0.135342 0.021083
13 0.711922 0.402040 0.142168 0.021083
13 0.737196 0.527726 0.135923 0.021083
13 0.712494 0.719670 0.131950 0.021083
26 0.743562 0.934997 0.038614 0.021265
13 0.733928 0.131476 0.135351 0.021083
13 0.713058 0.956991 0.131950 0.021083
26 0.745270 0.875570 0.038614 0.021259
26 0.746406 0.813738 0.038614 0.020866
26 0.742429 0.762541 0.038622 0.021265
26 0.744134 0.697678 0.038614 0.027311
26 0.747526 0.637054 0.038614 0.027305
26 0.745838 0.571188 0.039766 0.022638
26 0.745838 0.448715 0.039766 0.022638
26 0.747542 0.382858 0.039774 0.022638
13 0.735205 0.273541 0.135342 0.021077
26 0.743562 0.322225 0.039774 0.022638
13 0.738614 0.466291 0.142160 0.021083
26 0.745270 0.255165 0.039774 0.022638
26 0.743578 0.186875 0.039774 0.022638
26 0.745951 0.111755 0.037462 0.020638
13 0.717603 0.836120 0.131950 0.021083
13 0.734073 0.339801 0.142168 0.021083
