22 0.166757 0.697014 0.068179 0.017493
3 0.180002 0.564043 0.017603 0.028188
26 0.323066 0.579858 0.012071 0.026131
15 0.165820 0.514974 0.014549 0.038678
26 0.360949 0.580507 0.012075 0.026131
13 0.393189 0.594479 0.027079 0.054564
26 0.405006 0.579519 0.012075 0.026125
13 0.200965 0.538929 0.038231 0.031111
13 0.310453 0.594479 0.025838 0.054564
13 0.349273 0.592997 0.025838 0.054564
9 0.165236 0.563835 0.014549 0.034359
13 0.186650 0.513869 0.026362 0.023453
26 0.282564 0.579271 0.012075 0.026131
13 0.186301 0.474738 0.014488 0.011356
13 0.272375 0.593983 0.025838 0.054564
26 0.246819 0.578792 0.012075 0.026131
26 0.457661 0.577544 0.012075 0.026131
13 0.242331 0.596046 0.015185 0.054564
13 0.444591 0.593493 0.027079 0.054564
1 0.169309 0.457467 0.015419 0.035595
