26 0.442733 0.786474 0.025083 0.019085
26 0.428953 0.297921 0.030805 0.024428
22 0.388953 0.856709 0.084342 0.035195
13 0.429502 0.328331 0.027995 0.035559
13 0.555670 0.494502 0.029349 0.033069
3 0.446807 0.602705 0.032925 0.044522
13 0.523084 0.750511 0.033065 0.017416
9 0.491826 0.344428 0.053665 0.035801
26 0.523895 0.431770 0.031443 0.019744
20 0.547075 0.314980 0.025083 0.029771
13 0.544368 0.362611 0.032388 0.018843
13 0.436226 0.555868 0.126475 0.054751
26 0.524042 0.507894 0.031430 0.019744
13 0.556175 0.419684 0.028340 0.032665
13 0.461679 0.771312 0.018889 0.019906
9 0.492925 0.601857 0.053665 0.035801
13 0.546392 0.607416 0.034419 0.017766
1 0.490364 0.759199 0.022542 0.026097
7 0.417963 0.791157 0.014930 0.016393
13 0.462937 0.266211 0.033742 0.033419
26 0.493729 0.257254 0.026360 0.052867
10 0.522765 0.314300 0.025377 0.028116
