26 0.548965 0.624148 0.074593 0.029436
13 0.522047 0.494003 0.234005 0.028781
26 0.552889 0.306148 0.074593 0.029436
13 0.522047 0.793764 0.234005 0.028781
26 0.548723 0.161892 0.074593 0.029436
13 0.487288 0.227818 0.296737 0.028775
0 0.553799 0.192433 0.064182 0.029436
13 0.520351 0.338128 0.233997 0.028781
13 0.520355 0.931624 0.234005 0.028775
26 0.553276 0.903405 0.074593 0.029442
13 0.513566 0.652276 0.233997 0.028781
26 0.550697 0.762761 0.074593 0.029442
26 0.551849 0.465909 0.074593 0.029436
