22 0.170983 0.705139 0.023669 0.020598
26 0.168598 0.667004 0.003461 0.006889
26 0.219551 0.741353 0.003438 0.007143
13 0.264608 0.668765 0.010612 0.012621
13 0.281203 0.669004 0.010612 0.012621
9 0.209511 0.693531 0.004353 0.010517
13 0.220889 0.697757 0.016173 0.009881
26 0.219268 0.667138 0.003088 0.006549
13 0.191114 0.746274 0.010024 0.013096
13 0.247510 0.669242 0.010612 0.012621
14 0.209301 0.726831 0.023814 0.010642
13 0.191577 0.727165 0.010444 0.011786
26 0.236117 0.667436 0.003460 0.006891
13 0.212639 0.668885 0.010612 0.012619
26 0.253945 0.667238 0.003461 0.006889
26 0.271353 0.667138 0.003461 0.006891
13 0.229821 0.669122 0.010612 0.012619
13 0.162181 0.669242 0.010614 0.012621
26 0.198730 0.741632 0.003440 0.007145
13 0.198863 0.709485 0.016931 0.008335
26 0.287778 0.667138 0.003461 0.006891
13 0.227379 0.746037 0.010023 0.013096
13 0.228091 0.726927 0.011708 0.012025
33 0.208809 0.703849 0.003509 0.005557
13 0.178272 0.668765 0.010614 0.012621
3 0.204212 0.693580 0.007090 0.011013
13 0.190103 0.695019 0.019289 0.012503
13 0.194023 0.669122 0.010612 0.012619
26 0.200600 0.667695 0.003461 0.006889
26 0.185051 0.667143 0.003461 0.006889
