13 0.177892 0.766715 0.011118 0.013717
26 0.209135 0.772902 0.004620 0.010089
26 0.393464 0.776716 0.004387 0.028444
13 0.108250 0.767001 0.011119 0.013717
26 0.253571 0.777112 0.004387 0.028442
13 0.038410 0.766425 0.011118 0.013717
26 0.185244 0.777022 0.004387 0.028444
26 0.162081 0.776941 0.004387 0.028442
13 0.203152 0.750701 0.009967 0.004961
7 0.210013 0.757564 0.004737 0.006696
13 0.246726 0.767001 0.011118 0.013717
13 0.226246 0.770494 0.010950 0.010020
26 0.138859 0.776775 0.004387 0.028444
22 0.214761 0.803134 0.019302 0.005663
26 0.346576 0.776417 0.004387 0.028442
13 0.202942 0.769552 0.010669 0.009328
26 0.323272 0.776318 0.004387 0.028444
26 0.370231 0.776220 0.004387 0.028442
26 0.045536 0.776441 0.004388 0.028444
13 0.085103 0.766429 0.011118 0.013717
13 0.339210 0.766716 0.011119 0.013715
13 0.062097 0.766769 0.011118 0.013715
26 0.115287 0.776858 0.004387 0.028442
13 0.316469 0.766858 0.011118 0.013717
26 0.092181 0.776610 0.004387 0.028444
26 0.069083 0.776527 0.004387 0.028444
26 0.300249 0.776318 0.004387 0.028444
13 0.131801 0.766715 0.011119 0.013717
13 0.386413 0.766430 0.011119 0.013715
26 0.218584 0.773237 0.004381 0.010087
7 0.219459 0.757528 0.004739 0.006696
13 0.226736 0.750850 0.010248 0.005456
13 0.155150 0.767001 0.011118 0.013717
13 0.293524 0.767001 0.011119 0.013717
13 0.269974 0.766429 0.011119 0.013717
26 0.277296 0.776715 0.004388 0.028442
13 0.362661 0.766574 0.011118 0.013717
