13 0.656829 0.325858 0.085858 0.089048
22 0.527748 0.873074 0.023167 0.030843
3 0.758695 0.420746 0.072232 0.039031
3 0.758695 0.719501 0.072232 0.038068
3 0.759033 0.569641 0.071555 0.036137
13 0.844911 0.470128 0.067873 0.057248
13 0.846954 0.770234 0.071958 0.064182
13 0.759049 0.492100 0.094037 0.110444
13 0.766406 0.184476 0.103852 0.053772
13 0.758231 0.343202 0.094045 0.106393
26 0.570919 0.143624 0.043159 0.020479
26 0.674851 0.277556 0.043159 0.020479
26 0.672917 0.426370 0.043159 0.020479
3 0.758014 0.270641 0.073594 0.036621
26 0.672240 0.575271 0.043159 0.020479
26 0.673602 0.727060 0.043159 0.020479
13 0.755778 0.642732 0.089138 0.102923
13 0.659283 0.477356 0.085866 0.093675
3 0.756305 0.137165 0.072917 0.038547
13 0.576692 0.187946 0.094045 0.083846
33 0.858461 0.143803 0.038340 0.020530
13 0.861672 0.180140 0.067051 0.052040
33 0.860097 0.276188 0.039436 0.019054
13 0.656829 0.774570 0.085858 0.089048
33 0.861104 0.424179 0.039436 0.019060
33 0.861039 0.574632 0.039436 0.019054
33 0.859267 0.725493 0.039436 0.019054
13 0.656011 0.625672 0.092409 0.091937
13 0.760681 0.792205 0.092401 0.109288
13 0.844500 0.319496 0.068695 0.054353
13 0.848590 0.619313 0.070330 0.060712
