3 0.372240 0.421336 0.012516 0.026749
26 0.268331 0.543749 0.021388 0.013372
13 0.380911 0.552172 0.009943 0.008574
13 0.373039 0.485475 0.018555 0.029146
3 0.267600 0.421739 0.012516 0.026749
26 0.374132 0.543749 0.024298 0.013372
13 0.267401 0.448274 0.021100 0.019545
13 0.338830 0.448443 0.020858 0.018175
29 0.401167 0.530770 0.013534 0.013376
13 0.335616 0.426241 0.015158 0.008405
1 0.292783 0.483471 0.011641 0.018723
13 0.395962 0.508727 0.034580 0.023183
13 0.263217 0.552341 0.010311 0.008574
1 0.353314 0.483564 0.011644 0.018723
9 0.356298 0.421946 0.020519 0.026334
13 0.304208 0.427613 0.014674 0.009770
13 0.264551 0.484790 0.017828 0.028461
26 0.284674 0.452147 0.008732 0.017897
7 0.396160 0.546426 0.008729 0.013787
7 0.248883 0.546726 0.008732 0.013783
9 0.286381 0.421749 0.020519 0.026334
26 0.355425 0.453012 0.009168 0.018102
29 0.243532 0.529913 0.013534 0.013372
13 0.248695 0.509279 0.035423 0.019436
