13 0.526591 0.859607 0.051120 0.013664
13 0.652840 0.800718 0.011982 0.017345
13 0.532147 0.420459 0.040169 0.012074
13 0.739500 0.700575 0.037196 0.017595
13 0.532147 0.268858 0.040169 0.012256
13 0.724778 0.773356 0.009589 0.017595
13 0.742695 0.844279 0.034915 0.018074
13 0.532147 0.463960 0.040169 0.012251
13 0.531233 0.377211 0.040161 0.012074
13 0.532373 0.312054 0.040169 0.012473
26 0.559746 0.833111 0.017043 0.009322
26 0.559746 0.898151 0.017043 0.009328
26 0.560907 0.876108 0.018413 0.009664
26 0.560322 0.855020 0.018405 0.009664
26 0.560907 0.810929 0.018413 0.009664
26 0.770282 0.814786 0.011571 0.006667
26 0.750774 0.831707 0.012264 0.007083
26 0.750367 0.738305 0.013078 0.006969
13 0.532832 0.702860 0.040169 0.012057
26 0.750371 0.805288 0.011781 0.006519
26 0.770653 0.732137 0.013070 0.006963
26 0.750882 0.712336 0.014851 0.007533
26 0.559283 0.742288 0.018405 0.009658
26 0.560121 0.720598 0.018405 0.009664
26 0.559839 0.699892 0.018405 0.009664
26 0.560959 0.676427 0.018405 0.009664
26 0.560677 0.655920 0.018405 0.009664
26 0.560959 0.633635 0.018405 0.009664
26 0.560677 0.611949 0.018405 0.009664
26 0.560121 0.589467 0.018405 0.009658
26 0.561233 0.569550 0.018405 0.009664
26 0.560959 0.545692 0.018405 0.009664
13 0.533058 0.637484 0.040169 0.012667
26 0.561797 0.525578 0.018405 0.009664
26 0.560399 0.502707 0.018413 0.009664
26 0.560959 0.481407 0.018405 0.009664
26 0.560399 0.459915 0.018413 0.009664
26 0.560959 0.439014 0.018405 0.009664
26 0.560399 0.416536 0.018413 0.009664
26 0.560677 0.394843 0.018405 0.009664
26 0.560399 0.372957 0.018413 0.009664
26 0.561515 0.351858 0.018405 0.009664
26 0.561797 0.330165 0.018405 0.009664
26 0.560959 0.307293 0.018405 0.009664
26 0.560677 0.285801 0.018405 0.009664
26 0.560121 0.265490 0.018405 0.009658
26 0.560121 0.242023 0.018405 0.009664
26 0.560677 0.220333 0.018405 0.009658
13 0.533288 0.551191 0.040161 0.011464
26 0.560677 0.199430 0.018405 0.009664
26 0.560677 0.179123 0.018405 0.009664
26 0.560121 0.154866 0.018405 0.009664
26 0.560121 0.134558 0.018405 0.009664
26 0.559839 0.113459 0.018405 0.009664
26 0.559851 0.091664 0.018413 0.009664
13 0.533288 0.137943 0.040161 0.011863
7 0.783469 0.733880 0.009355 0.007259
13 0.771108 0.689037 0.019170 0.035499
13 0.750854 0.819430 0.016777 0.017755
13 0.531918 0.094949 0.040161 0.012040
13 0.531688 0.485670 0.040169 0.011453
13 0.532603 0.203615 0.040161 0.012484
13 0.532832 0.159781 0.040169 0.012291
13 0.532849 0.616094 0.038300 0.012484
13 0.532599 0.746328 0.040169 0.011846
13 0.526366 0.836501 0.051120 0.011670
13 0.531233 0.116732 0.040161 0.012689
13 0.747937 0.727285 0.018034 0.019687
13 0.650274 0.767570 0.009122 0.013179
13 0.533288 0.528897 0.040161 0.012063
13 0.532373 0.507103 0.040169 0.012689
13 0.531918 0.246781 0.040161 0.012650
13 0.532603 0.333744 0.040161 0.012285
27 0.712937 0.805598 0.011982 0.006182
13 0.720733 0.816282 0.018582 0.015652
22 0.806849 0.610974 0.010218 0.032387
27 0.712937 0.738023 0.011225 0.006587
29 0.769936 0.833234 0.014456 0.009282
13 0.719782 0.726638 0.016841 0.014849
13 0.532147 0.225590 0.040169 0.012866
9 0.650403 0.777020 0.018259 0.005812
13 0.533872 0.399333 0.038139 0.013071
13 0.766197 0.797644 0.009815 0.017430
13 0.533058 0.594202 0.037429 0.012279
13 0.532373 0.442453 0.040169 0.011846
13 0.534323 0.680832 0.039492 0.011897
13 0.532603 0.181792 0.040161 0.013054
29 0.769424 0.713681 0.015786 0.009276
13 0.531938 0.814575 0.041797 0.012672
7 0.783678 0.813501 0.009887 0.007664
13 0.527276 0.881114 0.051120 0.014068
13 0.527280 0.903219 0.051128 0.013276
13 0.765516 0.749390 0.011176 0.016137
13 0.533058 0.659761 0.040169 0.012672
13 0.532373 0.572547 0.040169 0.012855
14 0.712248 0.773792 0.017341 0.032917
13 0.532832 0.290111 0.040169 0.012484
13 0.774758 0.856142 0.019170 0.035020
13 0.533058 0.355738 0.040169 0.012057
13 0.532603 0.724570 0.040161 0.011259
3 0.650363 0.786011 0.018727 0.010917
