26 0.444436 0.765561 0.079847 0.026735
22 0.030000 0.131026 0.037470 0.045140
13 0.418880 0.376385 0.017454 0.046581
26 0.446712 0.587977 0.072957 0.024387
13 0.418602 0.556681 0.020282 0.046581
13 0.417953 0.731761 0.019307 0.046575
26 0.445721 0.676869 0.076454 0.023823
13 0.418195 0.465125 0.018824 0.046581
26 0.444150 0.320313 0.081209 0.024786
26 0.445355 0.408855 0.081201 0.024319
13 0.417985 0.288020 0.020338 0.046581
26 0.443868 0.498561 0.082579 0.023789
13 0.417264 0.644624 0.018413 0.046581
