13 0.830038 0.207863 0.032679 0.026667
26 0.857476 0.363464 0.011785 0.026952
22 0.227095 0.182231 0.094521 0.026661
26 0.320201 0.179940 0.011942 0.058684
13 0.248981 0.406801 0.033183 0.030217
26 0.553042 0.365510 0.011781 0.026952
13 0.190165 0.407345 0.033183 0.030222
26 0.409331 0.366023 0.011781 0.026952
13 0.345262 0.407157 0.033183 0.030222
26 0.596843 0.366536 0.011785 0.026952
13 0.299839 0.193650 0.034190 0.027732
13 0.393529 0.408225 0.033183 0.030217
13 0.626559 0.406803 0.033183 0.030222
13 0.297248 0.408578 0.033183 0.030217
26 0.265687 0.365493 0.011785 0.026952
13 0.935214 0.405704 0.033183 0.030222
26 0.644265 0.364490 0.011785 0.026952
26 0.312387 0.366934 0.011785 0.026952
13 0.538074 0.408225 0.033183 0.030217
26 0.716299 0.365510 0.011785 0.026952
13 0.841821 0.408162 0.033183 0.030217
26 0.504535 0.364997 0.011785 0.026952
26 0.763358 0.367561 0.011785 0.026952
14 0.795681 0.227145 0.082579 0.092707
13 0.699464 0.406450 0.033183 0.030222
13 0.747558 0.408162 0.033183 0.030217
13 0.794472 0.408778 0.033183 0.030217
26 0.811503 0.366536 0.011781 0.026952
26 0.458562 0.367561 0.011781 0.026952
13 0.487796 0.409647 0.033183 0.030222
13 0.761660 0.206618 0.034690 0.026308
13 0.442393 0.408578 0.033183 0.030217
26 0.905983 0.364997 0.011781 0.026952
26 0.205969 0.364781 0.011785 0.026952
13 0.890907 0.408162 0.033183 0.030217
26 0.361187 0.367048 0.011785 0.026952
26 0.951593 0.366536 0.011785 0.026952
13 0.582063 0.407869 0.033183 0.030222
