26 0.623131 0.628870 0.010750 0.074629
26 0.660387 0.629394 0.010750 0.074629
26 0.361425 0.632505 0.010750 0.074629
13 0.829431 0.649186 0.032463 0.019602
13 0.942738 0.651926 0.032462 0.019620
26 0.399041 0.632505 0.010744 0.074629
13 0.047494 0.651709 0.032462 0.019620
13 0.905387 0.651465 0.032462 0.019602
26 0.435406 0.635036 0.010750 0.074629
13 0.085944 0.651465 0.032462 0.019602
26 0.473637 0.634060 0.010750 0.074629
13 0.271581 0.651013 0.032462 0.019602
13 0.568819 0.651474 0.032463 0.019620
26 0.510281 0.632505 0.010750 0.074629
13 0.720069 0.650561 0.032462 0.019602
13 0.421281 0.653300 0.032462 0.019620
26 0.548075 0.633535 0.010750 0.074629
26 0.063175 0.634566 0.010750 0.074629
26 0.099897 0.631456 0.010744 0.074629
26 0.138231 0.630425 0.010750 0.074629
13 0.605975 0.651013 0.032462 0.019602
26 0.957744 0.630949 0.010750 0.074629
26 0.175313 0.632505 0.010750 0.074629
26 0.325288 0.631456 0.010750 0.074629
26 0.212569 0.635090 0.010750 0.074629
26 0.249650 0.633535 0.010750 0.074629
26 0.920303 0.628870 0.010744 0.074629
26 0.883406 0.629910 0.010750 0.074647
13 0.754894 0.650561 0.032463 0.019602
26 0.845788 0.631456 0.010750 0.074629
26 0.808706 0.630425 0.010750 0.074629
22 0.016372 0.524729 0.029469 0.019150
26 0.771450 0.630949 0.010750 0.074629
26 0.286550 0.631456 0.010750 0.074629
26 0.734369 0.633011 0.010750 0.074629
13 0.530650 0.651935 0.032462 0.019602
26 0.697291 0.631456 0.010744 0.074629
13 0.381894 0.650099 0.032463 0.019620
13 0.495662 0.650108 0.032462 0.019602
13 0.792712 0.651465 0.032463 0.019602
13 0.868038 0.651826 0.032462 0.019602
13 0.680194 0.650108 0.032463 0.019602
13 0.307825 0.650561 0.032462 0.019602
13 0.344137 0.650561 0.032463 0.019602
13 0.234237 0.651917 0.032462 0.019602
13 0.121400 0.651013 0.032462 0.019602
13 0.158750 0.650561 0.032463 0.019602
13 0.642219 0.650561 0.032462 0.019602
13 0.197512 0.650561 0.032462 0.019602
13 0.458319 0.653300 0.032462 0.019620
26 0.585872 0.630949 0.010744 0.074629
