13 0.549314 0.179904 0.073676 0.053448
7 0.835790 0.775377 0.027733 0.030651
13 0.494491 0.773046 0.130282 0.078633
1 0.636048 0.766411 0.138713 0.045109
31 0.583333 0.343429 0.035515 0.046833
15 0.748401 0.708876 0.052708 0.035275
13 0.747089 0.334106 0.168591 0.052222
13 0.753572 0.764751 0.083713 0.082937
13 0.422574 0.477554 0.223407 0.088467
5 0.717880 0.660594 0.110417 0.049719
3 0.563634 0.467746 0.049375 0.063027
9 0.629939 0.451845 0.065466 0.060140
13 0.736771 0.607484 0.152684 0.062043
13 0.513940 0.344853 0.097267 0.077395
26 0.624148 0.140160 0.039767 0.098301
13 0.747083 0.444068 0.173309 0.053448
9 0.630502 0.343729 0.065466 0.060128
22 0.436734 0.123863 0.038542 0.043716
