26 0.446431 0.237658 0.012252 0.107830
13 0.881671 0.240687 0.023952 0.046112
26 0.597051 0.241763 0.012258 0.100633
13 0.351872 0.240244 0.023952 0.046094
13 0.654637 0.239810 0.023952 0.046094
14 0.183731 0.292134 0.032304 0.031465
13 0.804455 0.239810 0.023952 0.046094
13 0.729283 0.241121 0.023952 0.046112
22 0.124650 0.103635 0.029156 0.026799
9 0.186684 0.221519 0.031343 0.066401
13 0.215117 0.234132 0.020227 0.025986
13 0.425305 0.241121 0.023952 0.046112
26 0.295639 0.235262 0.012252 0.107812
26 0.369695 0.240054 0.012252 0.107812
26 0.223848 0.328101 0.013433 0.085353
26 0.148890 0.325841 0.013433 0.085353
13 0.160487 0.433382 0.026269 0.064412
3 0.150412 0.216031 0.015049 0.048409
13 0.503151 0.241121 0.023952 0.046112
26 0.521668 0.239458 0.012252 0.107812
26 0.673855 0.238255 0.012252 0.107830
13 0.208812 0.432658 0.026269 0.064412
13 0.275539 0.239810 0.023952 0.046094
26 0.824964 0.238861 0.012252 0.107812
26 0.900629 0.238861 0.012252 0.107812
13 0.578634 0.243318 0.023952 0.046094
26 0.748715 0.241727 0.012252 0.100633
