23 0.483784 0.121382 0.014471 0.072575
3 0.088540 0.097043 0.006535 0.026473
26 0.216174 0.115607 0.006248 0.060479
13 0.308399 0.121020 0.010085 0.037219
13 0.207657 0.120239 0.010085 0.037219
26 0.648888 0.114974 0.006014 0.062462
13 0.474513 0.135368 0.016175 0.070234
22 0.071507 0.037071 0.008112 0.017447
21 0.541294 0.172661 0.008407 0.029402
13 0.441212 0.134610 0.016046 0.068046
26 0.183669 0.112957 0.006014 0.062462
13 0.840525 0.120416 0.010085 0.037219
13 0.174769 0.118630 0.010085 0.037214
13 0.873630 0.121966 0.010085 0.037219
13 0.607366 0.120410 0.010085 0.037219
13 0.740577 0.117866 0.010085 0.037214
13 0.806873 0.120410 0.010085 0.037219
26 0.085301 0.250265 0.005328 0.031231
13 0.095196 0.253692 0.013475 0.015613
13 0.507722 0.115319 0.010085 0.029464
26 0.782514 0.113812 0.006014 0.062462
26 0.882656 0.114573 0.006249 0.060484
13 0.274416 0.120242 0.010085 0.037214
13 0.536661 0.119635 0.010084 0.037219
13 0.640580 0.120410 0.010085 0.037219
13 0.539551 0.196339 0.007612 0.014809
26 0.085273 0.156946 0.005075 0.043077
13 0.774206 0.120798 0.010084 0.037219
13 0.374097 0.119972 0.010085 0.037219
26 0.848834 0.114974 0.006249 0.060479
26 0.815400 0.116137 0.006248 0.060479
13 0.094010 0.161581 0.011951 0.025578
13 0.674124 0.120798 0.010085 0.037219
26 0.683089 0.116524 0.006249 0.060479
13 0.706900 0.120798 0.010085 0.037219
26 0.516223 0.117687 0.006014 0.062462
26 0.616327 0.116729 0.006248 0.060479
13 0.240983 0.121017 0.010085 0.037214
26 0.715208 0.115752 0.006014 0.062467
26 0.317040 0.113108 0.006248 0.060484
26 0.748884 0.113897 0.006014 0.062462
26 0.283261 0.116729 0.006248 0.060479
26 0.249480 0.116171 0.006249 0.060479
26 0.549371 0.113778 0.006014 0.062462
23 0.450768 0.122761 0.014469 0.072575
13 0.091155 0.123752 0.012940 0.026923
26 0.383154 0.115459 0.006014 0.062462
