26 0.371461 0.513570 0.010799 0.022119
26 0.349273 0.513323 0.010799 0.022119
26 0.400286 0.513570 0.010799 0.022119
26 0.422249 0.513609 0.010799 0.022119
26 0.326514 0.513570 0.010802 0.022119
26 0.302997 0.513817 0.010799 0.022119
26 0.443191 0.513094 0.010802 0.022119
13 0.341012 0.482831 0.019315 0.016573
26 0.281567 0.513570 0.010799 0.022119
13 0.273736 0.482831 0.019315 0.016573
26 0.260987 0.513829 0.010799 0.022116
26 0.240416 0.513323 0.010799 0.022119
26 0.466369 0.513094 0.010799 0.022119
26 0.496793 0.521241 0.010802 0.022116
13 0.459649 0.483119 0.019315 0.016576
13 0.414655 0.482690 0.019315 0.016573
13 0.231591 0.482972 0.019315 0.016573
33 0.529190 0.613482 0.011062 0.019030
13 0.522485 0.522341 0.016790 0.016862
26 0.218227 0.513323 0.010799 0.022119
3 0.559613 0.582533 0.021073 0.028805
13 0.495463 0.581024 0.028445 0.012860
13 0.494674 0.616858 0.018437 0.013547
13 0.296124 0.482831 0.019317 0.016573
13 0.436494 0.483262 0.019315 0.016573
13 0.584821 0.585569 0.026999 0.030518
7 0.499954 0.497237 0.014751 0.019714
13 0.391496 0.482690 0.019315 0.016573
9 0.532351 0.581248 0.016593 0.018343
13 0.364389 0.482976 0.019315 0.016573
13 0.208550 0.482694 0.019315 0.016573
13 0.319831 0.482976 0.019315 0.016573
13 0.253871 0.482972 0.019317 0.016573
