15 0.446828 0.126183 0.019034 0.039514
13 0.399331 0.415016 0.048945 0.029436
9 0.449205 0.347594 0.029822 0.039828
13 0.399532 0.583519 0.074428 0.038824
9 0.442533 0.417030 0.029822 0.039828
13 0.469495 0.681011 0.044487 0.045219
13 0.513380 0.433605 0.104740 0.019561
22 0.468284 0.862022 0.089376 0.024326
20 0.321048 0.338221 0.022838 0.023746
10 0.393046 0.338730 0.025706 0.026771
10 0.369056 0.339389 0.025691 0.026771
7 0.361322 0.668433 0.023001 0.026489
26 0.501293 0.632594 0.035958 0.023715
26 0.413536 0.630784 0.035958 0.023699
33 0.440765 0.573613 0.020609 0.035408
13 0.414094 0.684843 0.034785 0.046082
26 0.400505 0.276426 0.038692 0.025768
26 0.399874 0.189248 0.038707 0.025768
13 0.330379 0.470047 0.126999 0.033699
13 0.486939 0.135556 0.058990 0.035909
13 0.368804 0.253111 0.060342 0.049420
13 0.400461 0.150133 0.060327 0.049420
10 0.345944 0.339060 0.025706 0.026771
13 0.541085 0.617226 0.058247 0.042226
3 0.402727 0.464545 0.036478 0.043511
13 0.512571 0.480063 0.108796 0.019624
13 0.519250 0.358049 0.105156 0.021332
9 0.441582 0.463542 0.029822 0.039812
