13 0.348335 0.375500 0.039605 0.172556
22 0.217386 0.813528 0.116153 0.084056
13 0.144242 0.359944 0.039605 0.172556
15 0.425906 0.415556 0.018594 0.202778
13 0.565351 0.374056 0.039605 0.172556
15 0.759149 0.417222 0.018594 0.202778
15 0.226190 0.417667 0.018594 0.202778
15 0.319538 0.418917 0.018607 0.202722
33 0.491400 0.891111 0.016510 0.124667
13 0.512824 0.896306 0.030456 0.068611
15 0.648311 0.420583 0.018594 0.202722
13 0.673687 0.375500 0.039605 0.172556
15 0.115734 0.411361 0.018594 0.202722
15 0.536739 0.423944 0.018607 0.202778
15 0.867374 0.417222 0.018594 0.202778
13 0.896264 0.371111 0.039605 0.172556
13 0.248502 0.368139 0.039618 0.172500
13 0.453403 0.371111 0.039605 0.172556
13 0.785635 0.374056 0.039605 0.172556
