18 0.307538 0.693497 0.006906 0.016632
18 0.319863 0.559279 0.006575 0.015238
1 0.327843 0.691180 0.029339 0.014400
13 0.312672 0.619186 0.020376 0.019291
13 0.354305 0.697619 0.007675 0.006567
7 0.284929 0.692897 0.006792 0.009597
13 0.295889 0.670556 0.010103 0.011072
22 0.369387 0.539972 0.010103 0.012288
13 0.338963 0.562889 0.017846 0.014883
9 0.329120 0.612571 0.014672 0.017663
13 0.356382 0.613384 0.023157 0.022981
26 0.305054 0.668465 0.009937 0.010806
26 0.329046 0.545947 0.007744 0.041193
31 0.341162 0.612909 0.007476 0.013570
13 0.311097 0.553066 0.015994 0.014287
13 0.298724 0.687772 0.014553 0.013094
