3 0.107462 0.326111 0.072909 0.047960
9 0.102486 0.457986 0.062151 0.034695
13 0.368054 0.562319 0.054722 0.053972
7 0.555689 0.638712 0.044158 0.030530
22 0.032985 0.832040 0.029839 0.155054
13 0.569770 0.581593 0.026084 0.088667
27 0.236499 0.523575 0.060653 0.023128
13 0.495193 0.232336 0.053400 0.086735
13 0.497877 0.589063 0.055383 0.075652
14 0.192438 0.457983 0.035979 0.055510
13 0.272071 0.314974 0.052603 0.110348
13 0.572518 0.229684 0.033674 0.093966
13 0.272325 0.592724 0.057139 0.108422
13 0.104936 0.245746 0.080637 0.108416
7 0.556176 0.286219 0.043183 0.034695
26 0.475201 0.644926 0.055512 0.028017
26 0.474855 0.293855 0.054819 0.025567
27 0.237998 0.386578 0.060653 0.022650
26 0.364911 0.387100 0.054819 0.025561
26 0.364911 0.523014 0.054819 0.025561
13 0.115302 0.401709 0.052683 0.076615
13 0.369464 0.344610 0.055447 0.059749
