7 0.336057 0.933018 0.008296 0.011112
13 0.207014 0.861261 0.052900 0.021974
3 0.240313 0.860391 0.010621 0.020991
13 0.186393 0.922861 0.020775 0.010363
14 0.252647 0.896813 0.033168 0.020991
13 0.319094 0.856326 0.029151 0.018018
13 0.209100 0.920270 0.024980 0.019009
26 0.188111 0.931160 0.012610 0.008574
26 0.314299 0.930649 0.013954 0.010902
7 0.166590 0.933219 0.007880 0.010290
29 0.340638 0.874069 0.015715 0.017486
22 0.118228 0.851878 0.060034 0.010121
13 0.292365 0.920145 0.024262 0.018759
13 0.274225 0.859162 0.017635 0.016793
26 0.272208 0.922881 0.015276 0.013546
13 0.315584 0.922119 0.019373 0.008396
13 0.171906 0.928046 0.007858 0.008388
9 0.253262 0.859980 0.014695 0.023457
26 0.225148 0.922583 0.011128 0.015512
26 0.320197 0.872631 0.015276 0.011724
13 0.337598 0.887188 0.012746 0.010121
13 0.328328 0.927429 0.008906 0.008638
