13 0.595626 0.738339 0.085579 0.042665
3 0.737305 0.739052 0.052482 0.036442
1 0.678499 0.884459 0.050993 0.035502
9 0.668404 0.738558 0.049953 0.050219
26 0.798629 0.567390 0.038865 0.063276
13 0.889184 0.581481 0.159835 0.066034
13 0.735248 0.811082 0.085579 0.080627
12 0.679835 0.817006 0.030780 0.096708
26 0.399137 0.568895 0.038842 0.063276
13 0.488428 0.580972 0.159835 0.066050
26 0.593948 0.568895 0.038865 0.063276
13 0.682234 0.580462 0.159835 0.066034
22 0.121076 0.924984 0.099078 0.066113
13 0.297293 0.581732 0.159835 0.066034
26 0.208865 0.568895 0.038865 0.063276
