13 0.737724 0.391009 0.049823 0.053972
13 0.737853 0.651217 0.044118 0.053966
13 0.737687 0.856493 0.047172 0.053966
13 0.736446 0.749037 0.041467 0.053972
13 0.737832 0.235365 0.046011 0.053966
13 0.737550 0.126601 0.045608 0.053966
26 0.753602 0.093923 0.032458 0.014695
26 0.751998 0.201821 0.032458 0.014695
26 0.753747 0.358231 0.032458 0.014695
26 0.754811 0.617291 0.032458 0.014695
26 0.753135 0.716436 0.032458 0.014695
26 0.753304 0.823387 0.032458 0.014695
22 0.640121 0.047843 0.024093 0.038900
