26 0.123763 0.743604 0.051426 0.070855
13 0.565991 0.654151 0.086873 0.021328
13 0.397546 0.694692 0.076527 0.045772
13 0.234654 0.696077 0.076527 0.045772
26 0.768791 0.741746 0.051459 0.065795
13 0.542776 0.724527 0.076527 0.045772
26 0.607357 0.743501 0.050395 0.072655
26 0.447027 0.742242 0.053409 0.069476
27 0.606716 0.671430 0.045246 0.037972
22 0.056039 0.161288 0.067873 0.020239
26 0.286265 0.743194 0.050838 0.068028
13 0.719408 0.694692 0.076527 0.045772
13 0.074871 0.696658 0.076527 0.045772
