26 0.707730 0.744291 0.020396 0.073729
26 0.877744 0.742565 0.020405 0.073729
13 0.693748 0.689530 0.018103 0.039676
13 0.865451 0.690177 0.018103 0.039676
13 0.610378 0.689099 0.018103 0.039676
22 0.262265 0.966826 0.051400 0.048629
26 0.200833 0.738968 0.019880 0.071834
13 0.779926 0.689114 0.018103 0.039676
13 0.243320 0.914368 0.130120 0.039676
13 0.187164 0.689530 0.018103 0.039676
26 0.455815 0.741980 0.020396 0.073729
26 0.794121 0.740824 0.020396 0.073729
13 0.512224 0.688251 0.018094 0.039676
26 0.624342 0.737357 0.019880 0.071849
26 0.285055 0.736302 0.019890 0.071834
13 0.441529 0.691364 0.018103 0.039676
13 0.271556 0.688683 0.018103 0.039676
13 0.101759 0.689961 0.018103 0.039676
23 0.545663 0.728421 0.044917 0.101248
26 0.369719 0.734861 0.019880 0.071849
26 0.116188 0.739908 0.020405 0.073713
13 0.355681 0.687820 0.018103 0.039676
