13 0.279573 0.699308 0.053973 0.041635
13 0.295471 0.244382 0.049057 0.021527
3 0.639412 0.406345 0.068687 0.072165
9 0.570818 0.401470 0.056559 0.055419
25 0.492998 0.799251 0.074956 0.054934
13 0.432849 0.413009 0.170741 0.072855
7 0.187151 0.335097 0.045778 0.029977
13 0.350717 0.700000 0.058872 0.040251
13 0.827329 0.414037 0.308131 0.063858
15 0.562365 0.190407 0.045923 0.064120
4 0.466616 0.285764 0.120661 0.037328
13 0.662961 0.191724 0.138364 0.046353
22 0.111724 0.867194 0.153328 0.027949
13 0.491039 0.699655 0.052990 0.040940
10 0.490886 0.739308 0.052248 0.039755
13 0.628127 0.533051 0.054948 0.039550
26 0.349222 0.224094 0.053948 0.028917
13 0.665334 0.762604 0.160274 0.068228
10 0.419335 0.738909 0.052240 0.039755
20 0.277671 0.737282 0.057357 0.037744
13 0.417969 0.794405 0.053151 0.024285
9 0.538832 0.782088 0.057244 0.054934
13 0.419899 0.699305 0.057897 0.036080
1 0.565028 0.491821 0.043610 0.054934
10 0.350073 0.738288 0.052248 0.039755
13 0.464351 0.328248 0.112119 0.040530
