26 0.578288 0.408219 0.032337 0.016735
26 0.576583 0.097818 0.032345 0.016729
13 0.585798 0.319356 0.040250 0.037573
26 0.578779 0.818325 0.032337 0.016729
26 0.578288 0.522262 0.032337 0.016729
13 0.583376 0.230459 0.038469 0.038011
13 0.583058 0.126658 0.038155 0.037476
22 0.292490 0.975966 0.023288 0.022085
13 0.583276 0.850365 0.041491 0.050473
13 0.524287 0.769818 0.018453 0.027442
13 0.587079 0.699949 0.038622 0.040011
21 0.571547 0.772296 0.074392 0.038952
13 0.583670 0.552063 0.038251 0.039510
13 0.582857 0.436430 0.038558 0.038330
26 0.574831 0.669846 0.032337 0.016729
26 0.579424 0.199410 0.032337 0.016735
26 0.577716 0.289359 0.032337 0.016735
