7 0.390372 0.545363 0.042481 0.042322
13 0.231656 0.392263 0.036439 0.057134
22 0.392680 0.645058 0.202159 0.036861
13 0.429113 0.200888 0.091675 0.062659
13 0.408840 0.511744 0.044082 0.030726
13 0.259026 0.491472 0.059938 0.033165
13 0.276321 0.391621 0.041154 0.057743
9 0.344938 0.161310 0.073672 0.050661
13 0.175242 0.512361 0.050533 0.028249
13 0.481123 0.300720 0.151030 0.070649
15 0.301780 0.450298 0.035844 0.065914
13 0.410602 0.095655 0.089318 0.062672
13 0.095031 0.511751 0.045248 0.027030
13 0.207481 0.105052 0.223300 0.035629
13 0.336768 0.512049 0.052891 0.028872
9 0.344578 0.244215 0.073672 0.050661
1 0.220800 0.529767 0.046464 0.046485
1 0.287500 0.529403 0.046464 0.046485
26 0.187295 0.536355 0.047792 0.027756
3 0.349225 0.206744 0.043809 0.041634
7 0.113617 0.545032 0.042469 0.042335
26 0.320378 0.538787 0.032519 0.033995
3 0.344609 0.118638 0.043809 0.041634
15 0.207202 0.452743 0.035844 0.065927
