3 0.471160 0.532413 0.015778 0.008085
9 0.470641 0.541536 0.017591 0.009305
23 0.470197 0.384595 0.014658 0.018843
23 0.488288 0.384365 0.014658 0.018393
23 0.522381 0.385057 0.015060 0.019972
26 0.538989 0.386125 0.010500 0.016581
26 0.504654 0.385860 0.009871 0.016427
13 0.563525 0.502481 0.034996 0.017761
13 0.517945 0.368527 0.008944 0.012644
26 0.453759 0.385698 0.010290 0.016866
26 0.436100 0.385556 0.009670 0.016581
26 0.419424 0.385413 0.010467 0.018006
26 0.401007 0.385838 0.009267 0.017157
26 0.348691 0.379188 0.009952 0.017920
26 0.332389 0.378989 0.010967 0.017521
13 0.276221 0.349234 0.006849 0.040746
26 0.314327 0.378741 0.009541 0.017789
26 0.297853 0.378313 0.009936 0.016934
26 0.280592 0.378473 0.009968 0.017641
13 0.293429 0.348832 0.008936 0.041288
13 0.327188 0.350379 0.008751 0.041419
13 0.416579 0.367991 0.008936 0.012644
13 0.433122 0.367991 0.008936 0.012644
13 0.535338 0.368667 0.008936 0.012638
29 0.539339 0.503490 0.013473 0.013225
13 0.654718 0.513242 0.015786 0.006199
7 0.655375 0.565564 0.010040 0.007425
13 0.654907 0.559838 0.016164 0.005259
13 0.501209 0.368393 0.008944 0.012638
13 0.468815 0.514989 0.021676 0.024758
26 0.638062 0.566849 0.011837 0.004752
1 0.597208 0.542125 0.023376 0.017744
26 0.638328 0.519969 0.011563 0.004940
26 0.538691 0.522100 0.007099 0.007413
26 0.511741 0.542698 0.013554 0.007071
13 0.527969 0.520368 0.011781 0.020701
13 0.511926 0.554533 0.013054 0.015869
13 0.640826 0.526350 0.005907 0.007652
22 0.265697 0.601365 0.011571 0.023026
13 0.466595 0.368259 0.008936 0.012644
13 0.450242 0.368259 0.008944 0.012644
13 0.344593 0.350444 0.008558 0.039134
13 0.484283 0.368393 0.008936 0.012638
3 0.376890 0.350208 0.015633 0.008325
13 0.640935 0.573285 0.006446 0.009293
13 0.398513 0.368259 0.008936 0.012644
13 0.591418 0.551236 0.006205 0.009276
7 0.655492 0.519251 0.010725 0.007425
13 0.367031 0.362615 0.013497 0.033618
13 0.310548 0.349570 0.007413 0.040610
13 0.477526 0.555593 0.013392 0.015869
