26 0.312497 0.544231 0.006322 0.014845
13 0.550696 0.449330 0.016609 0.016784
13 0.298961 0.512934 0.017148 0.014118
26 0.348448 0.450058 0.006381 0.016365
13 0.462560 0.449087 0.016609 0.016298
26 0.299122 0.449834 0.006381 0.016361
26 0.272952 0.450169 0.006381 0.016361
26 0.248762 0.449947 0.006381 0.016361
26 0.224917 0.450619 0.006384 0.016365
13 0.211667 0.448902 0.016612 0.016985
26 0.200293 0.450730 0.006381 0.016361
9 0.464870 0.515215 0.010661 0.019365
26 0.461877 0.544970 0.006322 0.014848
3 0.451078 0.514900 0.008478 0.018008
13 0.311204 0.448928 0.016612 0.016615
13 0.601835 0.448999 0.017240 0.016474
1 0.361946 0.623888 0.011454 0.016654
13 0.237075 0.450018 0.016609 0.017666
13 0.359549 0.449013 0.016612 0.017419
22 0.141544 0.674801 0.024274 0.012317
13 0.411859 0.449252 0.016612 0.017264
9 0.315497 0.514880 0.008762 0.018977
13 0.260131 0.449238 0.016612 0.016319
13 0.326853 0.547225 0.019420 0.014929
13 0.335748 0.449171 0.016609 0.017102
13 0.575177 0.449097 0.018713 0.016601
13 0.486608 0.449168 0.016612 0.016460
1 0.414902 0.623500 0.013537 0.015878
22 0.389787 0.617045 0.016736 0.008392
13 0.285295 0.449390 0.016609 0.016340
13 0.529126 0.449161 0.016612 0.016798
26 0.588846 0.450305 0.006371 0.017035
26 0.616568 0.450197 0.006381 0.016361
26 0.562782 0.449986 0.006381 0.016361
26 0.538678 0.450212 0.006381 0.016361
26 0.517243 0.449425 0.006381 0.016361
13 0.433677 0.449337 0.016612 0.016446
13 0.628048 0.448928 0.016612 0.016615
3 0.326832 0.515018 0.008161 0.018018
26 0.495980 0.450099 0.006381 0.016361
26 0.474545 0.449873 0.006381 0.016361
13 0.479292 0.513272 0.016780 0.014175
13 0.448321 0.547666 0.018743 0.015571
26 0.450441 0.449538 0.006381 0.016361
26 0.421947 0.450212 0.006381 0.016361
26 0.399653 0.449986 0.006381 0.016361
13 0.507805 0.449242 0.016612 0.016961
26 0.323528 0.450340 0.006113 0.016026
