26 0.290606 0.775587 0.032986 0.108701
26 0.712450 0.775227 0.032976 0.108701
26 0.818077 0.774069 0.032986 0.108701
26 0.501589 0.774648 0.032976 0.108701
13 0.573146 0.798169 0.074113 0.055305
13 0.261275 0.797066 0.058066 0.061925
22 0.115792 0.702387 0.034942 0.032379
23 0.609564 0.729875 0.044761 0.087355
13 0.787896 0.800728 0.058066 0.061925
13 0.472014 0.800008 0.058077 0.061925
13 0.682768 0.800728 0.058077 0.061925
26 0.395569 0.775798 0.032986 0.108717
13 0.367386 0.797786 0.058066 0.061925
