22 0.046365 0.506141 0.068577 0.029496
26 0.264856 0.636363 0.018673 0.041822
3 0.156438 0.695030 0.027106 0.054622
13 0.446486 0.700570 0.062606 0.047304
13 0.631495 0.710681 0.032298 0.066400
26 0.570135 0.635489 0.018673 0.041822
23 0.664971 0.717556 0.031538 0.096385
13 0.454264 0.773074 0.030298 0.047304
13 0.231173 0.774607 0.049846 0.046696
26 0.763788 0.636644 0.018673 0.041822
13 0.742543 0.719615 0.027913 0.050993
13 0.104558 0.631467 0.027865 0.046696
26 0.490591 0.764911 0.020413 0.068933
33 0.365327 0.773956 0.015115 0.051763
13 0.230572 0.698126 0.060606 0.047304
13 0.225010 0.629600 0.027865 0.046696
33 0.266438 0.765963 0.020413 0.068933
33 0.146341 0.765385 0.020413 0.068933
13 0.548361 0.716548 0.027913 0.049748
3 0.499601 0.693296 0.027587 0.054207
13 0.111558 0.775215 0.048250 0.046696
26 0.144308 0.634533 0.018673 0.041837
13 0.042976 0.576793 0.082529 0.093378
13 0.111159 0.704267 0.062606 0.046074
3 0.276063 0.693815 0.027106 0.054622
13 0.326313 0.749407 0.045452 0.046696
