2 0.455872 0.862192 0.007390 0.011426
1 0.156778 0.811309 0.008541 0.021378
14 0.442957 0.849085 0.019031 0.013948
12 0.464125 0.862006 0.006781 0.030218
13 0.412567 0.857079 0.011345 0.019283
13 0.454390 0.780858 0.013476 0.022071
9 0.426217 0.779915 0.010348 0.022313
9 0.464422 0.779222 0.010519 0.021845
12 0.425217 0.862611 0.005749 0.029170
13 0.443405 0.807869 0.011504 0.018590
3 0.477698 0.781289 0.013641 0.016503
13 0.437382 0.779927 0.011994 0.019758
3 0.413085 0.780685 0.012325 0.017196
13 0.517573 0.777486 0.059647 0.020451
13 0.373456 0.777502 0.060952 0.020016
2 0.442561 0.831515 0.007390 0.011426
2 0.431111 0.862546 0.007396 0.011426
22 0.367849 0.814077 0.061453 0.010459
13 0.475427 0.858010 0.010855 0.018824
