26 0.737063 0.500752 0.049968 0.015248
26 0.737985 0.425704 0.050701 0.014234
26 0.737502 0.139288 0.048606 0.014644
26 0.736257 0.065319 0.048356 0.013977
26 0.737599 0.874405 0.048251 0.014040
26 0.737728 0.211171 0.050733 0.014239
26 0.735540 0.286100 0.049146 0.014239
26 0.737313 0.351641 0.052691 0.014781
22 0.453328 0.973330 0.042466 0.013601
22 0.818916 0.039707 0.018139 0.042103
13 0.727401 0.402858 0.037881 0.032462
22 0.450419 0.602094 0.044964 0.015368
22 0.452498 0.825544 0.040806 0.014781
13 0.719589 0.042630 0.054424 0.032462
22 0.450415 0.527023 0.046632 0.014775
13 0.727409 0.188695 0.039299 0.032456
13 0.729291 0.850593 0.037889 0.032456
13 0.729766 0.775972 0.037889 0.032456
22 0.451664 0.899439 0.040798 0.011835
13 0.728598 0.262313 0.037889 0.032456
22 0.454162 0.377467 0.035802 0.015960
22 0.458328 0.312410 0.024150 0.015362
22 0.452913 0.451655 0.036640 0.013601
13 0.727401 0.551097 0.037881 0.032462
13 0.729766 0.924880 0.037889 0.032462
13 0.728348 0.626057 0.037889 0.032456
13 0.727401 0.702350 0.037881 0.032462
13 0.726930 0.329909 0.037889 0.032456
22 0.446253 0.237040 0.046624 0.015368
22 0.450830 0.675103 0.047462 0.015368
13 0.699009 0.117419 0.054424 0.032456
13 0.729766 0.478151 0.037889 0.032462
22 0.449585 0.749883 0.048292 0.017726
26 0.737325 0.723160 0.049927 0.014422
26 0.737325 0.798863 0.049927 0.013214
26 0.736531 0.648427 0.052804 0.014028
26 0.738163 0.575880 0.049380 0.015647
26 0.737059 0.947835 0.048848 0.013618
