26 0.387847 0.271014 0.008375 0.125901
26 0.359687 0.268423 0.008368 0.125856
13 0.954299 0.290788 0.009132 0.098153
13 0.760009 0.288851 0.009138 0.098153
26 0.165648 0.272770 0.008368 0.125901
26 0.194498 0.269527 0.008375 0.125901
26 0.220952 0.267320 0.008368 0.125901
26 0.248874 0.270608 0.008368 0.125901
26 0.276554 0.270608 0.008368 0.125901
26 0.304265 0.272320 0.008368 0.125901
26 0.331529 0.271014 0.008368 0.125901
26 0.443269 0.273626 0.008375 0.125901
26 0.138148 0.273851 0.008368 0.125901
26 0.776337 0.272320 0.008368 0.125901
26 0.665493 0.272320 0.008368 0.125901
26 0.554113 0.267770 0.008375 0.125901
13 0.051014 0.677410 0.014907 0.084369
33 0.061998 0.698514 0.008226 0.096577
32 0.083123 0.137838 0.007351 0.095856
32 0.055720 0.137838 0.007345 0.095856
32 0.027255 0.141464 0.007351 0.095901
26 0.887900 0.274932 0.008368 0.125901
26 0.804498 0.269707 0.008375 0.125901
26 0.831939 0.273626 0.008368 0.125901
26 0.859919 0.273626 0.008375 0.125901
26 0.915161 0.269707 0.008375 0.125901
26 0.943502 0.272320 0.008368 0.125901
26 0.971300 0.268423 0.008368 0.125856
23 0.139795 0.130023 0.013598 0.120495
23 0.167540 0.131419 0.013604 0.120495
23 0.194817 0.130518 0.013604 0.120495
23 0.222227 0.134144 0.012370 0.120450
23 0.250484 0.134144 0.012878 0.120450
26 0.498511 0.272320 0.008375 0.125901
26 0.526132 0.272320 0.008368 0.125901
26 0.581914 0.268423 0.008368 0.125856
26 0.610251 0.273626 0.008368 0.125901
26 0.637336 0.269707 0.008368 0.125901
26 0.692937 0.272320 0.008368 0.125901
26 0.721455 0.273626 0.008368 0.125901
26 0.748719 0.273626 0.008368 0.125901
26 0.110050 0.265158 0.008375 0.125901
26 0.082695 0.268423 0.008368 0.125856
26 0.054600 0.266239 0.008368 0.125901
26 0.027100 0.271644 0.008368 0.125901
26 0.470710 0.269707 0.008368 0.125901
26 0.415109 0.265833 0.008368 0.125901
3 0.064017 0.557973 0.014349 0.138919
13 0.981396 0.286959 0.009132 0.098153
13 0.091517 0.587095 0.040341 0.187072
13 0.175301 0.294595 0.009138 0.098198
13 0.899575 0.290788 0.009138 0.098153
13 0.787500 0.288874 0.009132 0.098198
13 0.064724 0.293716 0.009138 0.098153
13 0.148204 0.291734 0.009138 0.098153
13 0.121176 0.291261 0.009138 0.098198
13 0.703182 0.293626 0.009132 0.098153
13 0.564668 0.289797 0.009138 0.098153
13 0.061203 0.121644 0.008772 0.050946
13 0.231600 0.286959 0.009132 0.098153
13 0.869848 0.294595 0.009138 0.098198
13 0.927466 0.290788 0.009138 0.098153
13 0.089926 0.128806 0.008772 0.050946
13 0.676349 0.291734 0.009138 0.098153
13 0.536517 0.288851 0.009138 0.098153
13 0.286511 0.291734 0.009138 0.098153
13 0.398136 0.292680 0.009138 0.098153
13 0.037320 0.286644 0.009132 0.098153
13 0.342550 0.287365 0.009132 0.098153
13 0.815257 0.291734 0.009138 0.098153
13 0.592162 0.290766 0.009138 0.098198
13 0.647540 0.293626 0.009138 0.098153
13 0.509420 0.291734 0.009138 0.098153
13 0.033033 0.120023 0.008772 0.050946
13 0.453381 0.291734 0.009132 0.098153
13 0.621231 0.290766 0.009138 0.098198
13 0.731597 0.291734 0.009138 0.098153
13 0.843539 0.292680 0.009138 0.098153
13 0.259618 0.291712 0.009138 0.098198
13 0.481138 0.288333 0.009138 0.098198
13 0.203976 0.291734 0.009132 0.098153
13 0.424705 0.289820 0.009138 0.098198
13 0.092218 0.289279 0.009138 0.098198
13 0.369721 0.289730 0.009132 0.098378
13 0.315394 0.285450 0.009138 0.098198
