15 0.506637 0.786335 0.018785 0.081056
15 0.556791 0.785761 0.018776 0.081056
13 0.575145 0.786809 0.022403 0.052003
13 0.524353 0.786297 0.022403 0.052003
13 0.472694 0.788859 0.022412 0.052003
13 0.622161 0.787321 0.022403 0.052003
15 0.604322 0.786335 0.018785 0.081056
15 0.406329 0.786335 0.018785 0.081056
15 0.357883 0.785528 0.018776 0.081056
13 0.324388 0.788859 0.022403 0.052003
13 0.377214 0.787834 0.022403 0.052003
15 0.188631 0.786211 0.018776 0.081056
15 0.457139 0.786335 0.018785 0.081056
15 0.240660 0.784829 0.018785 0.081056
22 0.256910 0.899604 0.087306 0.028152
13 0.425387 0.786297 0.022412 0.052003
15 0.307927 0.786910 0.018776 0.081056
13 0.259960 0.788859 0.022403 0.052003
13 0.210330 0.786809 0.022403 0.052003
