9 0.545528 0.292567 0.101209 0.047994
25 0.146571 0.171590 0.160153 0.048296
13 0.702019 0.386832 0.170741 0.058792
13 0.451793 0.522689 0.131886 0.060194
26 0.452969 0.623880 0.041700 0.048570
3 0.433876 0.296134 0.094956 0.062353
10 0.197345 0.121852 0.035979 0.035852
13 0.216285 0.311632 0.317937 0.120929
9 0.546132 0.350966 0.101773 0.047994
10 0.252123 0.121829 0.035979 0.035852
13 0.344045 0.631809 0.128348 0.056781
1 0.576039 0.499849 0.073594 0.081533
22 0.837522 0.811655 0.241636 0.033977
7 0.466781 0.690895 0.069678 0.047875
13 0.710850 0.288752 0.186052 0.055111
15 0.539243 0.136134 0.044158 0.051459
10 0.311817 0.121829 0.035979 0.035852
13 0.430488 0.143895 0.135657 0.055083
20 0.102075 0.124453 0.030258 0.030650
