18 0.369121 0.456193 0.006561 0.019288
3 0.327370 0.447276 0.008470 0.014500
13 0.358089 0.627947 0.009193 0.010456
26 0.357203 0.618173 0.006928 0.006817
26 0.357610 0.477451 0.005146 0.010980
26 0.334254 0.477543 0.005146 0.010983
9 0.334522 0.448403 0.005464 0.013562
2 0.363683 0.476737 0.004371 0.006993
13 0.343559 0.453098 0.010670 0.005540
2 0.339933 0.477075 0.004749 0.007395
13 0.370156 0.627365 0.006730 0.005577
13 0.369498 0.510427 0.006730 0.009399
1 0.358885 0.509347 0.010755 0.009433
18 0.319918 0.480359 0.006561 0.019288
13 0.370402 0.479661 0.008208 0.019339
22 0.289742 0.423634 0.005476 0.004765
13 0.327635 0.480342 0.008043 0.020302
14 0.350099 0.488572 0.011021 0.009684
29 0.370392 0.619327 0.011780 0.010624
