13 0.698485 0.783188 0.095375 0.029966
10 0.394883 0.383410 0.050427 0.036621
13 0.654915 0.684712 0.102450 0.057060
10 0.347188 0.382932 0.050427 0.036621
9 0.598965 0.431587 0.106986 0.067459
13 0.390068 0.461974 0.262006 0.023778
1 0.744384 0.610746 0.077679 0.037584
9 0.596914 0.362923 0.105624 0.067943
26 0.593183 0.146994 0.038614 0.046581
26 0.501720 0.606456 0.098815 0.030359
26 0.687893 0.725960 0.097446 0.030838
20 0.445975 0.380991 0.049065 0.039510
13 0.742643 0.507251 0.147188 0.058262
10 0.296737 0.382920 0.050427 0.036621
13 0.493002 0.703821 0.096559 0.088781
13 0.403803 0.336137 0.254150 0.027031
7 0.607107 0.772772 0.044158 0.029840
13 0.790330 0.291912 0.158969 0.091595
22 0.169766 0.819821 0.249637 0.032473
13 0.695544 0.175556 0.127172 0.056182
13 0.378062 0.610641 0.073594 0.054353
3 0.704335 0.360880 0.096648 0.095926
