26 0.660141 0.388470 0.008727 0.035801
26 0.635699 0.488174 0.008731 0.035801
26 0.615451 0.387729 0.008727 0.035801
13 0.810723 0.383946 0.027933 0.028393
13 0.650433 0.501664 0.027933 0.028387
13 0.765161 0.384934 0.027929 0.028387
13 0.634569 0.554014 0.050975 0.012348
26 0.705530 0.387234 0.008731 0.035801
22 0.580282 0.335245 0.043118 0.020735
26 0.749347 0.388219 0.008727 0.035801
13 0.720473 0.384932 0.027933 0.028393
26 0.795784 0.386983 0.008731 0.035801
13 0.676132 0.384194 0.027929 0.028387
13 0.630919 0.383342 0.027929 0.028393
