13 0.227692 0.819367 0.032675 0.046361
26 0.514782 0.789589 0.018904 0.084677
26 0.582658 0.790640 0.018904 0.084677
26 0.650446 0.794319 0.018904 0.084677
13 0.294683 0.820451 0.032675 0.046375
13 0.699874 0.820997 0.035677 0.046361
13 0.564398 0.819380 0.035671 0.046361
13 0.901378 0.819380 0.035677 0.046361
13 0.363029 0.817763 0.032675 0.046361
13 0.833846 0.820997 0.035671 0.046361
13 0.631521 0.818302 0.036494 0.046361
26 0.447839 0.791867 0.018904 0.084677
13 0.766045 0.819919 0.035671 0.046361
26 0.107549 0.798598 0.019210 0.090809
26 0.176647 0.797392 0.019217 0.090822
26 0.244217 0.799232 0.019217 0.090809
26 0.313332 0.798005 0.019217 0.090809
26 0.378724 0.796779 0.019217 0.090809
26 0.919724 0.793080 0.018904 0.084677
26 0.852611 0.793713 0.018904 0.084677
26 0.785044 0.793093 0.018911 0.084677
26 0.717478 0.792487 0.018904 0.084677
13 0.488370 0.821415 0.050109 0.023181
13 0.151722 0.821536 0.050102 0.023181
13 0.084187 0.819636 0.050102 0.023181
13 0.422886 0.820633 0.050102 0.023181
