26 0.502857 0.322043 0.014190 0.006171
13 0.506507 0.756772 0.021233 0.013168
13 0.504492 0.689670 0.017043 0.019168
13 0.504565 0.972624 0.017994 0.020336
0 0.477252 0.467812 0.005238 0.005071
13 0.503989 0.335561 0.016358 0.020171
13 0.478731 0.445376 0.021684 0.009305
0 0.477027 0.786222 0.005238 0.005071
13 0.478920 0.586242 0.020161 0.009966
13 0.504021 0.299991 0.016745 0.020575
13 0.506491 0.721234 0.020717 0.013362
27 0.476708 0.568775 0.009146 0.003909
13 0.567119 0.864915 0.009855 0.048416
13 0.478920 0.551410 0.022063 0.009430
27 0.476934 0.639698 0.009146 0.003909
0 0.477115 0.538507 0.005238 0.005071
13 0.503751 0.618712 0.016527 0.018689
27 0.476410 0.427362 0.009146 0.003909
13 0.504210 0.796080 0.017607 0.020137
13 0.504468 0.901815 0.017478 0.020917
13 0.479472 0.693009 0.019444 0.009197
0 0.477115 0.573561 0.005238 0.005071
13 0.504061 0.477912 0.016664 0.019766
13 0.479335 0.799271 0.018622 0.009094
13 0.503441 0.052832 0.016873 0.020171
3 0.580713 0.868276 0.018348 0.015880
13 0.503630 0.583476 0.016769 0.019499
0 0.477389 0.645043 0.005238 0.005071
0 0.477115 0.680097 0.005238 0.005071
13 0.645548 0.874405 0.012933 0.023624
13 0.505854 0.225493 0.019927 0.012239
13 0.478824 0.622154 0.021112 0.009709
13 0.479472 0.657678 0.017800 0.008632
22 0.568356 0.961801 0.008703 0.018929
13 0.503695 0.406097 0.016253 0.019499
13 0.506164 0.934376 0.020870 0.012912
13 0.503924 0.371000 0.016551 0.020575
13 0.478920 0.481339 0.020919 0.008604
27 0.476845 0.675174 0.009146 0.003909
13 0.504508 0.654037 0.017558 0.019174
26 0.642409 0.890772 0.010492 0.005031
26 0.502583 0.957960 0.014190 0.006177
26 0.502583 0.888467 0.014190 0.006177
26 0.502260 0.782342 0.014190 0.006177
26 0.502583 0.676103 0.014190 0.006177
26 0.502421 0.640729 0.014190 0.006177
26 0.502099 0.605353 0.014190 0.006171
26 0.503066 0.569863 0.014190 0.006177
26 0.502583 0.534715 0.014190 0.006171
26 0.502744 0.499456 0.014190 0.006171
26 0.502583 0.463396 0.014190 0.006177
26 0.502583 0.392647 0.014190 0.006171
26 0.502079 0.428442 0.014182 0.006171
26 0.502276 0.357507 0.014190 0.006171
26 0.502470 0.286849 0.014190 0.006177
26 0.502079 0.251382 0.014182 0.006171
26 0.503050 0.180587 0.014190 0.006177
23 0.506728 0.922764 0.018824 0.011419
23 0.506724 0.851538 0.018832 0.011419
23 0.506322 0.816165 0.018832 0.011419
23 0.507010 0.745108 0.018824 0.011425
23 0.506785 0.709923 0.018824 0.011425
23 0.506680 0.214613 0.018824 0.011425
26 0.503094 0.038251 0.012329 0.006667
13 0.503828 0.265028 0.015230 0.021920
13 0.506225 0.862601 0.021636 0.012974
13 0.503723 0.512672 0.016954 0.019635
27 0.476934 0.533430 0.009146 0.003909
27 0.477184 0.781265 0.009146 0.003909
13 0.506072 0.827937 0.020846 0.012980
13 0.503517 0.194359 0.015093 0.020444
13 0.503533 0.441735 0.016575 0.019504
0 0.477115 0.609402 0.005238 0.005071
13 0.503981 0.548781 0.016825 0.019499
0 0.477115 0.432068 0.005238 0.005071
27 0.476539 0.462832 0.009146 0.003909
27 0.477160 0.604279 0.009146 0.003909
