15 0.184807 0.702131 0.012305 0.032125
22 0.410387 0.851293 0.026914 0.017345
13 0.198243 0.800413 0.048719 0.043504
15 0.353288 0.702456 0.012305 0.032125
26 0.204249 0.862188 0.033517 0.027328
13 0.323656 0.702353 0.017321 0.030519
13 0.277401 0.823849 0.014988 0.027048
3 0.309647 0.805054 0.027965 0.042325
13 0.281348 0.702356 0.019593 0.036142
33 0.260661 0.864085 0.041128 0.026211
9 0.262832 0.796464 0.048469 0.028496
13 0.199434 0.702758 0.019875 0.030519
15 0.266438 0.702467 0.012305 0.032125
13 0.150560 0.701385 0.037196 0.020479
13 0.240886 0.825835 0.032369 0.016467
15 0.308558 0.702467 0.012305 0.032125
13 0.388110 0.809772 0.120105 0.057425
15 0.262703 0.826148 0.012305 0.032125
13 0.243018 0.702154 0.019025 0.030917
15 0.227397 0.702131 0.012305 0.032125
13 0.368515 0.701553 0.016185 0.030513
