13 0.512674 0.417535 0.029042 0.042233
26 0.501090 0.367843 0.034125 0.026500
13 0.480948 0.739634 0.017576 0.020477
13 0.376935 0.157727 0.036940 0.040105
9 0.424629 0.546942 0.050978 0.044977
26 0.410132 0.148192 0.026325 0.061035
3 0.473412 0.547134 0.032708 0.051802
7 0.491510 0.761855 0.017996 0.020081
13 0.370841 0.549581 0.035503 0.023465
13 0.369765 0.269076 0.033353 0.020477
1 0.403602 0.722703 0.030665 0.031453
13 0.511960 0.334337 0.029042 0.042233
13 0.373519 0.714041 0.029052 0.020058
9 0.424814 0.248767 0.050978 0.044977
13 0.498524 0.227052 0.029052 0.042244
26 0.464643 0.758006 0.026158 0.021756
13 0.541022 0.491134 0.129824 0.063570
26 0.499575 0.455384 0.034125 0.026512
