26 0.677616 0.718950 0.020505 0.072283
3 0.136227 0.919457 0.028556 0.052198
3 0.951117 0.591258 0.028548 0.052210
13 0.759629 0.670324 0.019574 0.042234
22 0.324341 0.963993 0.060552 0.046593
13 0.930331 0.672021 0.019574 0.042234
13 0.567695 0.670311 0.019574 0.042234
13 0.085505 0.670116 0.019582 0.042234
13 0.373275 0.670745 0.019574 0.042247
13 0.181614 0.668614 0.019582 0.042234
26 0.486567 0.724921 0.021547 0.084249
26 0.293883 0.720562 0.020505 0.072283
26 0.196547 0.717753 0.020513 0.072283
26 0.946062 0.723578 0.021547 0.074286
26 0.850016 0.721770 0.020505 0.072283
13 0.102060 0.878840 0.031681 0.035580
13 0.834361 0.670745 0.019582 0.042247
26 0.774349 0.719353 0.020505 0.072283
13 0.469795 0.670311 0.019574 0.042234
13 0.663114 0.669884 0.019582 0.042234
9 0.097423 0.912625 0.041271 0.042564
26 0.098950 0.719756 0.020505 0.072283
13 0.277857 0.671166 0.019582 0.042234
26 0.583611 0.722686 0.021539 0.087619
26 0.390702 0.721368 0.020505 0.072283
13 0.941365 0.542558 0.104246 0.044799
