13 0.645455 0.195242 0.066221 0.021299
22 0.292486 0.964718 0.225020 0.043442
26 0.484376 0.522450 0.052812 0.026097
10 0.623630 0.413516 0.044295 0.031806
13 0.728219 0.731550 0.133296 0.066496
13 0.495572 0.501111 0.103038 0.033561
13 0.474722 0.748137 0.133296 0.020604
9 0.569388 0.394194 0.047703 0.048672
25 0.637985 0.374957 0.091426 0.040558
13 0.609589 0.363917 0.026688 0.017670
20 0.714263 0.379786 0.045657 0.033726
10 0.667571 0.413054 0.044295 0.031806
13 0.476765 0.402236 0.135737 0.017350
9 0.566386 0.737863 0.042248 0.049151
7 0.405411 0.532481 0.052288 0.038969
3 0.630093 0.730858 0.067873 0.052621
13 0.412981 0.838530 0.070330 0.049140
15 0.568090 0.180775 0.028622 0.051077
10 0.713227 0.415946 0.044295 0.031801
1 0.599098 0.809903 0.072232 0.047704
