26 0.379883 0.465199 0.049694 0.023425
33 0.561942 0.785288 0.052812 0.022484
33 0.563078 0.626271 0.052812 0.022490
33 0.563932 0.466835 0.052812 0.022490
33 0.564674 0.271214 0.047429 0.022553
23 0.365959 0.262826 0.089952 0.047419
26 0.380572 0.624812 0.049686 0.023425
26 0.381185 0.786915 0.049686 0.023425
26 0.201450 0.272575 0.047703 0.022484
26 0.200894 0.121977 0.047703 0.022484
3 0.473034 0.268185 0.044295 0.034217
13 0.210500 0.323641 0.047107 0.077903
13 0.386829 0.681291 0.067454 0.083368
13 0.386571 0.521553 0.066616 0.083846
13 0.593235 0.676712 0.048517 0.073242
13 0.484956 0.844162 0.123336 0.089145
3 0.474396 0.461655 0.047019 0.033726
3 0.473372 0.621393 0.046342 0.033248
13 0.486620 0.338496 0.100234 0.105208
13 0.369017 0.322031 0.050363 0.073886
13 0.387732 0.842957 0.069742 0.084809
13 0.483590 0.525889 0.123344 0.089624
22 0.818006 0.906293 0.042522 0.127789
3 0.473711 0.781855 0.047019 0.033248
13 0.594267 0.839103 0.045101 0.077100
13 0.594549 0.317615 0.047921 0.063447
13 0.485637 0.685627 0.120620 0.086251
13 0.210500 0.174060 0.047107 0.077499
13 0.594460 0.515527 0.050161 0.074689
