13 0.275681 0.655974 0.119388 0.112758
26 0.396176 0.541151 0.064649 0.026689
7 0.620620 0.487123 0.036906 0.025698
13 0.284678 0.218071 0.111209 0.116803
26 0.398380 0.326490 0.064658 0.026689
13 0.575794 0.322299 0.021257 0.045624
13 0.411426 0.588262 0.029444 0.065345
13 0.579065 0.527835 0.022901 0.049732
13 0.467849 0.407011 0.044158 0.035903
13 0.464577 0.444279 0.044158 0.035271
22 0.176156 0.045425 0.025979 0.048046
1 0.519932 0.445627 0.065778 0.031117
26 0.571539 0.492496 0.036535 0.018142
13 0.621176 0.524105 0.025351 0.043311
7 0.619770 0.364248 0.035205 0.028108
26 0.572510 0.370034 0.036527 0.018142
13 0.621180 0.327214 0.020443 0.043886
3 0.277413 0.302541 0.060838 0.032615
9 0.278018 0.546533 0.054891 0.023789
3 0.276825 0.576701 0.061821 0.032604
13 0.412244 0.275462 0.031080 0.072336
9 0.278409 0.332564 0.056559 0.020718
1 0.517571 0.404969 0.065778 0.033459
