1 0.649621 0.787937 0.022031 0.012433
26 0.601132 0.803798 0.015157 0.008427
26 0.668211 0.802940 0.015149 0.008433
13 0.681890 0.744085 0.009049 0.012821
13 0.669545 0.743359 0.009871 0.015436
13 0.633852 0.795442 0.009670 0.007875
13 0.605455 0.793695 0.008026 0.006707
13 0.681273 0.817265 0.009460 0.013105
13 0.606076 0.768519 0.008026 0.005835
1 0.649319 0.768288 0.022023 0.012427
7 0.683167 0.754929 0.009702 0.006860
7 0.682760 0.801510 0.009694 0.006860
3 0.581229 0.801151 0.015560 0.009003
13 0.530262 0.718407 0.039089 0.041191
3 0.579512 0.753932 0.015560 0.009003
13 0.541994 0.823376 0.039089 0.041191
13 0.634263 0.762490 0.008848 0.007726
13 0.669029 0.816972 0.009259 0.016598
22 0.570995 0.778858 0.008227 0.034638
26 0.667909 0.756430 0.015157 0.008427
26 0.601132 0.756504 0.015157 0.008427
