13 0.374648 0.391579 0.075207 0.057769
1 0.467458 0.600405 0.102695 0.034132
7 0.618323 0.606223 0.021945 0.022496
13 0.551700 0.594372 0.058193 0.058066
9 0.463063 0.390587 0.048361 0.047388
13 0.521225 0.437496 0.051057 0.035851
3 0.425972 0.444992 0.025666 0.035736
9 0.464112 0.446388 0.048377 0.047388
22 0.318009 0.175041 0.028668 0.033058
5 0.529778 0.516074 0.086692 0.037339
15 0.551355 0.555017 0.039066 0.022893
13 0.361746 0.454529 0.099908 0.062215
13 0.391524 0.613926 0.032665 0.017769
26 0.457779 0.190050 0.027534 0.068661
13 0.549916 0.383719 0.125988 0.039107
13 0.495383 0.219298 0.054012 0.041240
31 0.426723 0.390992 0.025666 0.035339
13 0.593415 0.471860 0.085636 0.058959
