13 0.184009 0.738803 0.011983 0.020008
1 0.186117 0.810572 0.008678 0.023707
7 0.139687 0.873828 0.006963 0.009202
13 0.153370 0.738723 0.012781 0.019525
26 0.137840 0.856136 0.006712 0.015302
26 0.198023 0.856035 0.006712 0.015294
22 0.081667 0.856974 0.043972 0.023151
13 0.207689 0.771398 0.010046 0.018719
13 0.171077 0.793852 0.009368 0.009992
7 0.200396 0.873908 0.007185 0.010330
9 0.201103 0.739045 0.010650 0.022313
3 0.129385 0.740157 0.012821 0.017010
13 0.091806 0.742027 0.058997 0.019041
13 0.127182 0.771640 0.009704 0.019525
1 0.156439 0.810713 0.009265 0.021749
26 0.139322 0.766938 0.007533 0.020725
26 0.197311 0.767228 0.007533 0.020725
13 0.250957 0.742051 0.059487 0.021845
9 0.142242 0.738904 0.010843 0.023143
3 0.213188 0.740854 0.012028 0.018405
