3 0.302033 0.348043 0.022373 0.043014
13 0.402383 0.089903 0.035443 0.025595
13 0.457186 0.123852 0.036950 0.028798
22 0.253175 0.063382 0.014786 0.014775
13 0.454923 0.161006 0.025890 0.028439
29 0.593509 0.120903 0.025391 0.047288
13 0.476622 0.273407 0.033936 0.026667
26 0.419799 0.285296 0.013578 0.039105
3 0.430498 0.161977 0.022373 0.043020
13 0.332577 0.274473 0.033936 0.026667
26 0.348656 0.283165 0.013574 0.039105
26 0.494710 0.286362 0.013578 0.039105
13 0.272456 0.277510 0.033936 0.026667
33 0.428233 0.075225 0.012776 0.030222
13 0.402464 0.273761 0.033936 0.026667
13 0.267214 0.347191 0.026144 0.028798
26 0.290594 0.288852 0.013574 0.039105
26 0.427290 0.116097 0.013574 0.039111
13 0.578604 0.146430 0.018852 0.015641
