26 0.286741 0.128860 0.057897 0.027066
13 0.237184 0.309607 0.130564 0.033003
13 0.596660 0.828704 0.127180 0.064359
29 0.147748 0.282499 0.060056 0.080769
22 0.850979 0.039350 0.057897 0.031225
13 0.644988 0.401684 0.084786 0.067071
1 0.704996 0.777519 0.041450 0.029715
13 0.286358 0.204160 0.079694 0.066439
9 0.704992 0.637054 0.049065 0.049630
20 0.463763 0.639957 0.065415 0.046262
3 0.614464 0.641456 0.088171 0.074342
13 0.535616 0.546732 0.306914 0.098319
13 0.760294 0.459202 0.067824 0.064752
10 0.534500 0.639954 0.064601 0.048570
9 0.703155 0.447778 0.049742 0.054929
13 0.782337 0.654849 0.122095 0.061949
26 0.700842 0.182291 0.030419 0.043715
13 0.796749 0.196601 0.130564 0.064769
26 0.647361 0.331128 0.049065 0.027761
