13 0.298610 0.638937 0.024537 0.048575
0 0.375363 0.528311 0.031322 0.014513
2 0.327663 0.637385 0.038807 0.026803
13 0.525782 0.418282 0.041217 0.058285
33 0.275375 0.586236 0.034940 0.017886
13 0.527740 0.722205 0.047099 0.062450
33 0.371749 0.641607 0.034940 0.017892
13 0.346446 0.770778 0.103529 0.136006
7 0.502502 0.372197 0.027937 0.019755
0 0.376160 0.656373 0.031322 0.014513
7 0.503525 0.769256 0.027260 0.019755
13 0.347365 0.380120 0.099726 0.137390
14 0.357478 0.576650 0.031233 0.055179
33 0.373969 0.512330 0.034932 0.017892
13 0.296942 0.501060 0.023554 0.050655
26 0.331753 0.473829 0.051467 0.024536
26 0.330842 0.684473 0.051402 0.028707
22 0.182796 0.832997 0.072168 0.165402
26 0.494674 0.419934 0.028509 0.024986
26 0.495081 0.721915 0.026906 0.024137
2 0.327425 0.500858 0.039283 0.028142
0 0.278199 0.601704 0.031322 0.014507
