26 0.750960 0.487816 0.007858 0.027768
26 0.564040 0.486708 0.008000 0.023489
13 0.699034 0.551003 0.023402 0.022458
26 0.684239 0.598811 0.006063 0.010999
13 0.660177 0.489722 0.015031 0.013884
26 0.589379 0.486104 0.008000 0.023489
26 0.655040 0.581450 0.007880 0.009283
13 0.604407 0.488521 0.015037 0.013884
26 0.631402 0.598739 0.006063 0.010999
31 0.697473 0.533094 0.007880 0.013860
13 0.614835 0.538916 0.016974 0.015770
22 0.576712 0.521640 0.015567 0.014190
26 0.671236 0.487716 0.007852 0.027776
13 0.578348 0.488864 0.015031 0.013892
26 0.778020 0.485661 0.008006 0.023489
26 0.642140 0.487305 0.007858 0.027776
13 0.614595 0.597466 0.017943 0.013546
13 0.713276 0.489376 0.015031 0.013884
9 0.632613 0.533231 0.013738 0.016857
26 0.724191 0.486894 0.007858 0.027776
13 0.766014 0.488860 0.015037 0.013884
13 0.685766 0.489549 0.015031 0.013892
13 0.740188 0.489206 0.015031 0.013884
9 0.685752 0.533803 0.013738 0.016857
31 0.644231 0.534440 0.007880 0.013860
14 0.656456 0.596378 0.018997 0.011144
13 0.649561 0.570725 0.016855 0.014230
13 0.630715 0.489549 0.015037 0.013892
13 0.552285 0.488614 0.015031 0.013892
13 0.667573 0.539085 0.016490 0.015431
26 0.615809 0.487925 0.007858 0.027776
13 0.645085 0.550669 0.021704 0.020387
26 0.697425 0.486692 0.008000 0.023489
13 0.687396 0.598171 0.017094 0.013537
