13 0.305377 0.234048 0.146949 0.068808
13 0.490226 0.685107 0.074049 0.073808
33 0.407608 0.724440 0.053748 0.062438
15 0.427881 0.232331 0.050226 0.089110
13 0.072109 0.105018 0.035254 0.034128
20 0.120132 0.057135 0.046704 0.043310
13 0.369426 0.158479 0.068267 0.058986
3 0.493531 0.398861 0.074030 0.094093
10 0.173456 0.059671 0.050226 0.051619
9 0.434492 0.144902 0.063446 0.055783
13 0.538154 0.506806 0.215857 0.122865
13 0.293644 0.398381 0.163936 0.093986
10 0.122250 0.107598 0.050226 0.051637
9 0.429642 0.398452 0.062561 0.049964
10 0.173456 0.106308 0.050226 0.051619
22 0.603503 0.146931 0.078682 0.157883
