9 0.355419 0.165542 0.048204 0.151993
29 0.179341 0.650629 0.042419 0.166993
13 0.305485 0.163986 0.054898 0.160280
26 0.812545 0.523199 0.039796 0.077098
13 0.225892 0.703234 0.023521 0.051503
13 0.813084 0.589301 0.055269 0.064056
26 0.711569 0.656748 0.039425 0.061888
26 0.315269 0.654388 0.045629 0.073182
7 0.779443 0.672500 0.024180 0.067308
13 0.759958 0.636259 0.025880 0.052657
26 0.186090 0.416101 0.027629 0.148217
26 0.363132 0.400087 0.032132 0.142622
26 0.604796 0.407657 0.032132 0.142587
3 0.639479 0.191801 0.035988 0.140734
13 0.706629 0.163462 0.092539 0.157972
7 0.246162 0.668619 0.024180 0.067308
13 0.457437 0.126818 0.094491 0.167133
13 0.137473 0.407885 0.059210 0.072133
22 0.469838 0.363234 0.070120 0.092063
29 0.874719 0.533357 0.056551 0.135105
13 0.121353 0.665105 0.088623 0.120210
3 0.393994 0.174038 0.035988 0.140734
13 0.558413 0.376381 0.077641 0.121364
13 0.548994 0.522360 0.076072 0.117937
13 0.548994 0.175472 0.058036 0.170594
1 0.416575 0.635490 0.073365 0.112587
13 0.877006 0.625962 0.038036 0.064091
13 0.304311 0.597255 0.063521 0.057238
9 0.599970 0.179668 0.048204 0.151993
1 0.526635 0.635559 0.073365 0.112587
13 0.717018 0.599056 0.062347 0.060699
13 0.416072 0.518934 0.072934 0.115629
