26 0.183551 0.902879 0.004494 0.009821
13 0.151633 0.843985 0.037965 0.014916
3 0.176219 0.844740 0.008493 0.011707
13 0.178378 0.874504 0.010432 0.014230
13 0.250546 0.875190 0.010916 0.014230
9 0.187973 0.845035 0.010668 0.015675
22 0.158485 0.944627 0.020377 0.006000
3 0.254936 0.845134 0.008493 0.011709
13 0.203667 0.878876 0.010068 0.010286
13 0.178256 0.899449 0.011159 0.009944
26 0.186820 0.876545 0.004492 0.009821
9 0.243561 0.844641 0.010669 0.015675
13 0.227441 0.879219 0.011523 0.010288
26 0.247218 0.902832 0.004492 0.009823
1 0.203696 0.889091 0.006731 0.010121
1 0.227912 0.888988 0.006731 0.010121
13 0.279656 0.843643 0.037358 0.015259
13 0.254816 0.900167 0.010432 0.009772
26 0.242232 0.877084 0.004492 0.009823
13 0.255155 0.916851 0.010917 0.007373
13 0.177771 0.916852 0.011158 0.006002
7 0.248479 0.912603 0.004843 0.006946
7 0.184635 0.912307 0.004844 0.006946
