3 0.370403 0.523333 0.054521 0.041926
9 0.422591 0.524701 0.043731 0.040957
13 0.683759 0.188481 0.087454 0.063915
13 0.583525 0.710333 0.111869 0.038558
13 0.239142 0.597177 0.203715 0.058285
8 0.573703 0.746880 0.048840 0.025704
13 0.286813 0.701786 0.139702 0.054855
9 0.422651 0.597100 0.045431 0.038553
13 0.517369 0.612020 0.138558 0.035208
13 0.797272 0.378652 0.169790 0.037749
8 0.514190 0.403909 0.048832 0.022085
3 0.369041 0.594123 0.052474 0.041442
13 0.687220 0.286011 0.098243 0.062963
13 0.556833 0.379986 0.218630 0.017407
7 0.670822 0.751627 0.052248 0.037749
13 0.516233 0.533724 0.137429 0.034399
1 0.428042 0.695279 0.065302 0.034934
26 0.572333 0.182239 0.054512 0.025299
26 0.571205 0.276416 0.054512 0.025299
22 0.937099 0.809613 0.053151 0.022644
29 0.744351 0.409131 0.064738 0.030923
