26 0.457749 0.878799 0.009197 0.008574
9 0.443407 0.696402 0.020080 0.018509
22 0.499880 0.913997 0.032855 0.018179
13 0.463419 0.871648 0.008182 0.008727
20 0.430547 0.671829 0.009459 0.014601
13 0.425783 0.865157 0.009698 0.008284
9 0.443556 0.798719 0.018792 0.017293
10 0.421513 0.671624 0.010330 0.014190
7 0.467704 0.880943 0.006872 0.009718
26 0.438026 0.662478 0.011060 0.027180
13 0.422413 0.798666 0.010330 0.009468
13 0.451584 0.668848 0.013675 0.015633
13 0.422778 0.696515 0.010764 0.009259
1 0.434838 0.864013 0.009595 0.013570
13 0.484100 0.781495 0.065613 0.018316
3 0.461236 0.803364 0.012934 0.022861
