13 0.562652 0.590735 0.031396 0.030673
3 0.539062 0.591479 0.017555 0.026213
9 0.525989 0.590338 0.009179 0.018590
26 0.771532 0.535056 0.006409 0.017429
13 0.492937 0.530902 0.009533 0.017655
26 0.540345 0.534710 0.006412 0.017429
26 0.554687 0.701025 0.006409 0.017425
13 0.482193 0.640935 0.014138 0.009750
26 0.813034 0.534476 0.006392 0.016785
26 0.732657 0.534476 0.006409 0.017429
26 0.493733 0.701025 0.006412 0.017425
26 0.424493 0.534321 0.006392 0.016781
13 0.338978 0.531986 0.009533 0.017655
26 0.501225 0.534476 0.006412 0.017429
27 0.553785 0.629742 0.005614 0.018977
13 0.377714 0.532065 0.009535 0.017651
13 0.569862 0.532764 0.009533 0.017655
13 0.724698 0.531600 0.009533 0.017655
13 0.544325 0.695542 0.013477 0.017192
13 0.484165 0.695896 0.013807 0.019271
13 0.608817 0.531833 0.009535 0.017655
26 0.655567 0.535407 0.006409 0.017429
26 0.460460 0.534940 0.006409 0.017429
14 0.524825 0.619480 0.013149 0.012587
13 0.804581 0.532297 0.009533 0.017655
27 0.493665 0.630077 0.005614 0.018977
13 0.686401 0.531833 0.009535 0.017655
13 0.450694 0.532530 0.009533 0.017655
13 0.565939 0.640810 0.013314 0.010467
22 0.347508 0.703660 0.046352 0.019730
13 0.413383 0.532297 0.009535 0.017655
13 0.646458 0.532530 0.009535 0.017655
13 0.763324 0.532065 0.009533 0.017651
26 0.616284 0.535407 0.006412 0.017429
13 0.532714 0.532994 0.009533 0.017655
26 0.577985 0.534243 0.006412 0.017429
26 0.386002 0.534011 0.006412 0.017425
26 0.346553 0.534940 0.006409 0.017429
26 0.694030 0.534940 0.006412 0.017429
