7 0.160125 0.527046 0.009049 0.039105
15 0.327558 0.361724 0.014077 0.042308
1 0.270242 0.439937 0.020612 0.028798
1 0.215933 0.439413 0.020616 0.028798
13 0.183106 0.311473 0.024432 0.029863
13 0.349170 0.534855 0.031974 0.017493
9 0.330409 0.304493 0.019609 0.036268
3 0.125107 0.318664 0.022204 0.045920
13 0.218251 0.414972 0.027752 0.026877
15 0.160125 0.361553 0.014077 0.042308
9 0.162903 0.304487 0.019609 0.036268
26 0.157234 0.485094 0.012317 0.030575
13 0.184313 0.365487 0.026845 0.029436
3 0.394426 0.319068 0.022204 0.045920
13 0.346908 0.494325 0.028658 0.028581
13 0.182202 0.532892 0.032276 0.014501
13 0.350679 0.364419 0.028352 0.030718
13 0.181448 0.495393 0.035596 0.029009
26 0.323282 0.485801 0.012317 0.030575
13 0.348719 0.311900 0.029863 0.031573
13 0.270588 0.414333 0.027454 0.025601
7 0.327305 0.526687 0.009049 0.039105
