26 0.385645 0.114450 0.016970 0.030815
9 0.646577 0.163920 0.012566 0.030575
13 0.625624 0.123786 0.036704 0.025590
13 0.471275 0.133746 0.036700 0.045510
7 0.447432 0.171068 0.007683 0.034285
26 0.649968 0.123926 0.012313 0.028798
26 0.448753 0.114849 0.016966 0.030815
3 0.623199 0.167120 0.028155 0.038399
13 0.666096 0.171783 0.022119 0.015635
13 0.700024 0.098197 0.087462 0.025601
13 0.412188 0.134450 0.036704 0.045504
7 0.384581 0.170433 0.007679 0.034291
13 0.582002 0.165390 0.050016 0.045504
1 0.646326 0.083752 0.017599 0.024530
