13 0.343497 0.136667 0.073376 0.009288
13 0.670608 0.711929 0.039106 0.035322
13 0.342707 0.167783 0.073376 0.009048
13 0.343892 0.259499 0.073376 0.009550
13 0.713002 0.647906 0.023989 0.049966
13 0.348227 0.353350 0.073376 0.009311
13 0.341918 0.412034 0.073376 0.009550
13 0.510125 0.461499 0.013803 0.021755
13 0.342707 0.230268 0.073376 0.009094
13 0.667812 0.660105 0.047985 0.024632
1 0.684013 0.776877 0.024319 0.012319
13 0.501394 0.805208 0.015439 0.024399
13 0.663425 0.760632 0.013054 0.012330
13 0.349412 0.765946 0.076116 0.009077
9 0.521781 0.788276 0.027655 0.009100
13 0.348437 0.853838 0.076116 0.018934
13 0.495532 0.495658 0.016172 0.024821
13 0.346652 0.827365 0.076108 0.009202
13 0.347832 0.582296 0.073376 0.009311
13 0.343892 0.382635 0.073376 0.009316
13 0.348622 0.614123 0.073376 0.010501
13 0.344678 0.321199 0.073384 0.010251
7 0.732147 0.788054 0.013143 0.010456
13 0.518485 0.771510 0.014134 0.021151
13 0.620616 0.709721 0.037204 0.032764
13 0.343892 0.290251 0.073376 0.010268
13 0.713985 0.873085 0.027276 0.048564
13 0.620093 0.807783 0.038251 0.032764
7 0.732325 0.733749 0.013465 0.010006
3 0.517071 0.491330 0.025197 0.015299
26 0.395564 0.846533 0.028114 0.014456
13 0.348227 0.705943 0.076116 0.009538
13 0.348622 0.644923 0.073376 0.009071
26 0.396233 0.816245 0.028114 0.014462
26 0.395230 0.786667 0.028106 0.014462
26 0.396567 0.755433 0.028106 0.014456
26 0.395564 0.725382 0.028114 0.014456
26 0.394895 0.695094 0.028114 0.014462
26 0.394895 0.665043 0.028114 0.014462
13 0.343892 0.443852 0.073376 0.009048
26 0.396567 0.633336 0.028106 0.014456
26 0.395230 0.602336 0.028106 0.014462
26 0.395564 0.571339 0.028114 0.014462
26 0.396233 0.538920 0.028114 0.014456
26 0.389541 0.463675 0.028106 0.014462
26 0.390210 0.432675 0.028106 0.014456
26 0.390210 0.402390 0.028106 0.014456
26 0.390544 0.370681 0.028114 0.014456
26 0.389875 0.339684 0.028114 0.014456
26 0.390878 0.309160 0.028106 0.014456
26 0.390878 0.279108 0.028106 0.014456
26 0.390210 0.247399 0.028106 0.014456
26 0.390878 0.218533 0.028106 0.014456
26 0.390878 0.186587 0.028106 0.014462
26 0.391213 0.155590 0.028114 0.014462
26 0.390544 0.126248 0.028114 0.014456
26 0.390201 0.094652 0.028106 0.014456
13 0.664529 0.855538 0.048638 0.023704
13 0.343102 0.106407 0.073376 0.011231
26 0.586974 0.731536 0.017736 0.008781
26 0.586797 0.784886 0.017736 0.008781
33 0.711120 0.735792 0.020081 0.008302
33 0.711781 0.789618 0.020081 0.008308
26 0.645197 0.839197 0.021080 0.011385
26 0.646692 0.678524 0.021088 0.011385
1 0.684504 0.746550 0.028590 0.013943
29 0.690093 0.680091 0.021362 0.013014
13 0.349017 0.549940 0.073376 0.009293
13 0.348626 0.736188 0.076108 0.009789
13 0.342313 0.474624 0.073376 0.008131
13 0.676358 0.804533 0.038775 0.034160
29 0.689601 0.841479 0.022345 0.012781
3 0.523562 0.801872 0.026011 0.014912
13 0.343497 0.199268 0.073376 0.009556
13 0.346471 0.675561 0.073376 0.009561
13 0.347442 0.796330 0.076108 0.009048
9 0.513783 0.477969 0.026841 0.008325
