9 0.317453 0.781875 0.004857 0.014144
13 0.331188 0.761244 0.020002 0.020289
13 0.308805 0.784175 0.012572 0.010428
22 0.400826 0.801135 0.012096 0.007858
26 0.351794 0.766479 0.006667 0.013575
13 0.345142 0.791104 0.028861 0.036575
13 0.366088 0.763658 0.018098 0.021572
3 0.267352 0.782732 0.011144 0.019575
13 0.246513 0.787890 0.028952 0.037575
3 0.325600 0.783092 0.011144 0.019572
26 0.318834 0.766301 0.006669 0.013575
13 0.278468 0.760815 0.019146 0.020003
9 0.289025 0.782378 0.004857 0.014144
13 0.280182 0.784889 0.013620 0.011000
14 0.319063 0.744635 0.076444 0.015497
26 0.290593 0.766015 0.006000 0.014714
