13 0.198271 0.429464 0.042490 0.047647
13 0.475256 0.427832 0.042490 0.047639
3 0.577048 0.439859 0.016764 0.031112
3 0.112345 0.439621 0.016758 0.031104
3 0.168151 0.439976 0.016758 0.031104
13 0.309937 0.430822 0.042484 0.047639
3 0.333319 0.439267 0.016758 0.031104
13 0.662718 0.428332 0.042484 0.047639
3 0.443681 0.439625 0.016764 0.031112
3 0.961675 0.440612 0.016764 0.031104
3 0.631937 0.439561 0.016764 0.031112
13 0.771322 0.426801 0.042484 0.047639
3 0.795969 0.439565 0.016758 0.031104
3 0.498989 0.440693 0.016758 0.031104
13 0.828157 0.426793 0.042490 0.047639
13 0.882097 0.429355 0.042484 0.047639
3 0.221952 0.439980 0.016758 0.031112
13 0.254735 0.429541 0.042484 0.047639
3 0.687034 0.439561 0.016758 0.031112
3 0.850858 0.439565 0.016758 0.031104
3 0.906373 0.440153 0.016758 0.031104
13 0.364843 0.427832 0.042484 0.047639
13 0.088031 0.428034 0.042490 0.047639
13 0.608781 0.428332 0.042484 0.047639
13 0.938570 0.428840 0.042484 0.047639
13 0.552946 0.493981 0.029960 0.028735
13 0.772148 0.494879 0.029960 0.028743
13 0.883393 0.495463 0.029954 0.028735
13 0.608245 0.494178 0.029960 0.028743
26 0.109006 0.485363 0.012781 0.027228
26 0.164846 0.483590 0.012781 0.027228
26 0.218057 0.485959 0.012775 0.027228
26 0.276088 0.483884 0.012781 0.027220
26 0.330556 0.485959 0.012781 0.027228
26 0.384729 0.485959 0.012775 0.027228
26 0.441291 0.485604 0.012781 0.027228
26 0.496094 0.484891 0.012781 0.027220
26 0.574282 0.485955 0.012781 0.027220
26 0.628077 0.485242 0.012781 0.027228
26 0.684892 0.484533 0.012781 0.027228
26 0.792242 0.484178 0.012781 0.027228
26 0.848806 0.485242 0.012781 0.027228
26 0.904111 0.485242 0.012781 0.027228
26 0.958162 0.485721 0.012781 0.027220
13 0.364974 0.494682 0.029960 0.028735
22 0.426373 0.554380 0.021578 0.014222
13 0.257097 0.495193 0.029954 0.028743
13 0.476473 0.494682 0.029960 0.028735
13 0.664718 0.494178 0.029960 0.028743
13 0.310672 0.495193 0.029960 0.028743
13 0.200621 0.494682 0.029960 0.028735
13 0.419635 0.494170 0.029960 0.028743
13 0.147046 0.493977 0.029954 0.028743
13 0.829342 0.494577 0.029954 0.028735
13 0.937960 0.494537 0.029960 0.028735
13 0.089484 0.494682 0.029954 0.028735
26 0.737436 0.485596 0.012775 0.027228
3 0.740664 0.439859 0.016758 0.031112
13 0.553031 0.428332 0.042484 0.047639
3 0.278766 0.439625 0.016758 0.031112
13 0.717892 0.495169 0.029960 0.028743
13 0.144724 0.429464 0.042484 0.047647
13 0.419145 0.427832 0.042484 0.047639
13 0.717020 0.428332 0.042484 0.047639
3 0.388373 0.439625 0.016758 0.031112
