13 0.762071 0.783977 0.245318 0.050575
1 0.546777 0.694658 0.078501 0.051345
26 0.607462 0.806496 0.075359 0.037470
20 0.394190 0.451311 0.068687 0.052046
13 0.593586 0.564134 0.202143 0.053852
13 0.342575 0.709781 0.191354 0.048621
25 0.135266 0.435544 0.058880 0.074940
13 0.593586 0.461236 0.198227 0.051476
3 0.378078 0.550536 0.098912 0.089926
10 0.263678 0.450288 0.064762 0.046490
13 0.232651 0.367684 0.121289 0.033305
10 0.331386 0.449228 0.064770 0.046490
30 0.353171 0.366447 0.091257 0.032610
13 0.366418 0.182510 0.178993 0.054934
9 0.474851 0.549285 0.052006 0.072165
13 0.831172 0.852054 0.197075 0.030068
15 0.486628 0.169034 0.067712 0.090205
22 0.112849 0.042678 0.073336 0.030974
7 0.689436 0.850724 0.057937 0.043966
9 0.470435 0.449368 0.052990 0.073550
13 0.196608 0.546744 0.246140 0.094832
10 0.199895 0.448903 0.064770 0.046490
