22 0.294722 0.963701 0.026511 0.055151
13 0.664956 0.273063 0.021128 0.025499
26 0.658610 0.833527 0.019944 0.010268
13 0.586430 0.783516 0.014053 0.019339
10 0.535105 0.326840 0.016656 0.009681
26 0.657438 0.212459 0.021886 0.009738
13 0.665915 0.758544 0.021112 0.025499
13 0.585669 0.387692 0.014061 0.019339
26 0.658997 0.788197 0.021878 0.009738
13 0.586499 0.918923 0.014061 0.019339
26 0.657667 0.257319 0.021878 0.009738
13 0.585669 0.296547 0.014061 0.019339
13 0.587268 0.647892 0.014053 0.019339
9 0.471144 0.397179 0.030620 0.022735
26 0.658598 0.302179 0.021886 0.009738
26 0.657901 0.346382 0.021878 0.009732
26 0.658131 0.393541 0.021886 0.009738
13 0.665488 0.362131 0.021708 0.027419
13 0.665258 0.666399 0.020604 0.025493
26 0.658803 0.878165 0.021878 0.009732
13 0.664666 0.409114 0.020064 0.022228
13 0.584867 0.207670 0.014053 0.019339
3 0.476269 0.568316 0.054263 0.023983
26 0.658509 0.923963 0.021886 0.009738
13 0.391954 0.361179 0.032901 0.059259
13 0.585036 0.692020 0.014053 0.019333
3 0.474243 0.338655 0.040395 0.021299
26 0.658997 0.651672 0.021878 0.009738
26 0.658610 0.696726 0.021878 0.009738
26 0.658997 0.741775 0.021878 0.009738
13 0.481434 0.284484 0.079226 0.069937
20 0.534879 0.317239 0.015979 0.010490
13 0.363582 0.503048 0.023054 0.030177
13 0.665024 0.893615 0.020620 0.025499
9 0.528767 0.396895 0.030620 0.021937
13 0.664762 0.939123 0.020902 0.025493
1 0.337687 0.473191 0.019645 0.014644
13 0.664827 0.316826 0.019742 0.025493
13 0.488022 0.617507 0.078703 0.075094
13 0.586471 0.340558 0.014053 0.019339
10 0.534766 0.345724 0.016656 0.009681
13 0.481402 0.369305 0.032264 0.031761
13 0.362877 0.455202 0.023094 0.029698
13 0.391636 0.596085 0.022272 0.035088
13 0.665205 0.803245 0.018888 0.025499
13 0.539811 0.369311 0.035141 0.031761
13 0.664658 0.227940 0.021176 0.025499
1 0.336990 0.492832 0.019654 0.016274
10 0.534879 0.336037 0.016656 0.009681
26 0.386652 0.399034 0.019944 0.010274
13 0.665117 0.711103 0.022256 0.025499
13 0.664855 0.848593 0.021410 0.025493
13 0.585874 0.830843 0.014053 0.007100
13 0.585592 0.737373 0.014053 0.019339
13 0.585592 0.873236 0.014053 0.019339
26 0.387579 0.571245 0.019944 0.010274
13 0.585270 0.251681 0.014053 0.019339
