15 0.347185 0.532983 0.017413 0.026491
13 0.292695 0.605778 0.048308 0.036487
1 0.539003 0.581666 0.051123 0.015814
13 0.575556 0.485540 0.074769 0.042498
22 0.285852 0.462307 0.075920 0.019456
13 0.538880 0.564013 0.048746 0.022087
5 0.649801 0.605749 0.026917 0.037889
15 0.632829 0.531886 0.017419 0.026495
13 0.316926 0.532977 0.037385 0.025262
3 0.632442 0.486769 0.036803 0.026720
1 0.437553 0.581827 0.044507 0.015814
13 0.401638 0.485709 0.072405 0.042836
13 0.602983 0.533324 0.036963 0.027244
5 0.330222 0.605836 0.027396 0.038747
13 0.439735 0.563846 0.045430 0.022421
3 0.344299 0.487260 0.039003 0.031571
13 0.688316 0.606602 0.048313 0.036483
