13 0.679879 0.103724 0.144835 0.044142
1 0.580153 0.522661 0.040886 0.035658
9 0.357047 0.840781 0.055608 0.053197
10 0.159428 0.840595 0.052474 0.038547
13 0.481394 0.516422 0.135246 0.041242
13 0.230649 0.895593 0.056527 0.030809
15 0.580157 0.103194 0.039525 0.062160
13 0.856084 0.536131 0.069831 0.020490
13 0.644553 0.548353 0.074182 0.044171
3 0.638433 0.334875 0.066728 0.063835
25 0.298308 0.900299 0.076326 0.056382
10 0.293360 0.841538 0.052474 0.038553
10 0.227260 0.841057 0.052474 0.038547
9 0.570612 0.334493 0.053151 0.053487
13 0.090185 0.802698 0.063787 0.040245
13 0.230512 0.804430 0.063779 0.038160
20 0.091962 0.841558 0.056559 0.038547
13 0.807055 0.288205 0.142490 0.039886
13 0.319597 0.429530 0.060516 0.016895
13 0.454633 0.356593 0.165834 0.063840
32 0.853997 0.535692 0.095520 0.051909
13 0.813529 0.491416 0.051813 0.018160
7 0.277147 0.524419 0.041708 0.032963
13 0.469690 0.864256 0.162506 0.061846
13 0.296745 0.804430 0.068687 0.036781
4 0.480894 0.471983 0.124190 0.041242
13 0.833550 0.344567 0.308517 0.063721
26 0.364952 0.410530 0.052466 0.027464
26 0.762031 0.472353 0.059968 0.028912
26 0.760439 0.227322 0.058880 0.032957
9 0.895665 0.238840 0.079049 0.038547
13 0.157897 0.806165 0.061821 0.040251
22 0.114424 0.963772 0.179903 0.027179
13 0.895375 0.177006 0.158969 0.047459
