13 0.637107 0.709791 0.036221 0.051256
13 0.758556 0.707930 0.036221 0.051256
22 0.902457 0.622314 0.040030 0.027512
26 0.232609 0.668895 0.016302 0.052628
26 0.171565 0.668895 0.016302 0.052628
13 0.092893 0.707942 0.036221 0.051233
13 0.274666 0.708535 0.036221 0.051256
13 0.576383 0.709163 0.036211 0.051256
13 0.455208 0.710419 0.036211 0.051256
13 0.515385 0.710419 0.036221 0.051256
13 0.396114 0.709791 0.036221 0.051256
26 0.533784 0.665547 0.016302 0.052628
26 0.472913 0.667337 0.016302 0.052628
26 0.411525 0.666733 0.016302 0.052628
13 0.696196 0.707302 0.036221 0.051256
13 0.337026 0.709163 0.036221 0.051256
26 0.835324 0.665547 0.016302 0.052628
26 0.353227 0.666151 0.016302 0.052628
26 0.292867 0.666733 0.016292 0.052628
13 0.213673 0.708535 0.036221 0.051256
26 0.774970 0.667337 0.016302 0.052628
26 0.593369 0.666733 0.016302 0.052628
26 0.716155 0.666733 0.016302 0.052628
26 0.110745 0.667267 0.016302 0.052628
26 0.655020 0.669105 0.016302 0.052628
13 0.818191 0.708558 0.036221 0.051256
13 0.153490 0.709070 0.036221 0.051256
