26 0.300145 0.708550 0.008896 0.017202
7 0.655475 0.763635 0.009323 0.006860
3 0.525822 0.798678 0.014835 0.007909
26 0.231394 0.708427 0.009895 0.018017
26 0.583920 0.800279 0.013046 0.005801
13 0.564251 0.809410 0.005052 0.014342
23 0.549331 0.706105 0.013989 0.018444
27 0.563368 0.799647 0.013634 0.006051
26 0.317466 0.708453 0.009388 0.016826
26 0.584654 0.782353 0.013046 0.005801
30 0.624122 0.657490 0.016430 0.006775
13 0.630870 0.672217 0.007607 0.010085
13 0.434541 0.691561 0.008372 0.013447
26 0.637631 0.817214 0.010427 0.004285
13 0.245125 0.680801 0.008558 0.038581
26 0.435814 0.708108 0.009758 0.016034
26 0.638135 0.764915 0.010419 0.004291
23 0.469029 0.706507 0.013981 0.018211
33 0.623348 0.673746 0.006180 0.007892
26 0.530367 0.707536 0.009952 0.016040
13 0.643167 0.760604 0.015214 0.004593
26 0.576354 0.703020 0.009952 0.025071
13 0.544279 0.691835 0.008364 0.013447
13 0.618666 0.648795 0.008243 0.010308
26 0.334037 0.708199 0.010250 0.017447
13 0.296285 0.681071 0.008558 0.038587
7 0.654907 0.816487 0.009315 0.008199
13 0.628106 0.766655 0.013312 0.004593
26 0.283936 0.708672 0.009565 0.017071
3 0.362683 0.677319 0.014649 0.008473
13 0.563932 0.770185 0.004738 0.014342
13 0.417998 0.691829 0.008372 0.013447
13 0.614384 0.664262 0.007607 0.010085
26 0.452305 0.707994 0.010782 0.016034
13 0.330802 0.680333 0.008566 0.038581
26 0.501168 0.707823 0.009750 0.015920
13 0.627554 0.819048 0.010935 0.004262
26 0.266777 0.708786 0.009396 0.017299
26 0.249210 0.709054 0.010040 0.017447
22 0.202409 0.825405 0.013183 0.023972
13 0.636100 0.647957 0.007607 0.010422
13 0.497494 0.692097 0.008364 0.013447
13 0.383763 0.692501 0.008364 0.013447
26 0.403562 0.708336 0.010121 0.016034
26 0.516124 0.707966 0.010298 0.016889
13 0.571039 0.684208 0.008396 0.012997
13 0.526970 0.692368 0.008364 0.013453
13 0.313400 0.680533 0.008558 0.038581
13 0.591624 0.811932 0.013062 0.015806
13 0.464782 0.691698 0.008372 0.013447
13 0.599009 0.648348 0.007607 0.010313
13 0.590987 0.772148 0.012756 0.015350
30 0.641696 0.657490 0.016430 0.006775
13 0.278598 0.680670 0.008558 0.038581
13 0.227438 0.680937 0.008558 0.038581
13 0.481515 0.692097 0.008364 0.013447
26 0.385500 0.708165 0.010467 0.016376
13 0.513086 0.691829 0.008364 0.013447
13 0.522957 0.780943 0.020129 0.023983
27 0.563131 0.781829 0.013159 0.005151
26 0.419287 0.708450 0.009291 0.015806
13 0.643562 0.813222 0.015052 0.004256
30 0.605399 0.657003 0.016438 0.006781
26 0.484114 0.708256 0.009694 0.017561
13 0.399738 0.692234 0.008372 0.013447
13 0.353239 0.689208 0.014263 0.032957
13 0.448046 0.691698 0.008372 0.013447
13 0.261668 0.680801 0.008558 0.038581
