13 0.449678 0.779000 0.024440 0.025430
13 0.260496 0.763299 0.013094 0.025516
13 0.219398 0.698387 0.040882 0.019134
9 0.417641 0.710066 0.011277 0.025715
26 0.439533 0.793613 0.024512 0.011852
13 0.262975 0.650373 0.020205 0.024427
9 0.249178 0.719558 0.011273 0.025715
1 0.418270 0.758359 0.013195 0.019852
13 0.277806 0.728336 0.048006 0.023020
13 0.391424 0.723675 0.046612 0.025926
13 0.448892 0.695305 0.041023 0.012593
26 0.229730 0.793014 0.025149 0.011852
1 0.249730 0.758798 0.013199 0.019852
13 0.428817 0.764681 0.011350 0.026912
15 0.418223 0.644128 0.008147 0.023869
3 0.225334 0.720137 0.013828 0.024889
3 0.442772 0.719838 0.013828 0.024883
22 0.191823 0.552621 0.045443 0.033903
15 0.250064 0.643846 0.008147 0.023863
13 0.218451 0.778846 0.025604 0.025738
13 0.404027 0.650496 0.027409 0.026667
