3 0.353043 0.716325 0.036240 0.057825
26 0.462086 0.655230 0.025699 0.044824
13 0.088731 0.594594 0.097109 0.092833
33 0.342691 0.791753 0.026627 0.072757
33 0.224001 0.791018 0.026616 0.072757
26 0.587485 0.790773 0.026627 0.072757
13 0.299019 0.796685 0.058461 0.047305
13 0.415217 0.649855 0.035347 0.052205
26 0.695123 0.713568 0.021081 0.155712
26 0.806939 0.713285 0.021069 0.151685
13 0.182585 0.801600 0.056569 0.048530
26 0.341539 0.655873 0.021081 0.044824
13 0.175499 0.650773 0.032996 0.049142
13 0.780758 0.742343 0.034888 0.053507
13 0.291240 0.650773 0.026874 0.045467
13 0.182109 0.724188 0.075429 0.052205
13 0.299724 0.723270 0.077779 0.050368
3 0.473220 0.716815 0.036240 0.057825
13 0.541034 0.722711 0.074007 0.051608
33 0.463972 0.789089 0.026627 0.072757
3 0.600059 0.714885 0.036240 0.057825
13 0.669959 0.740812 0.034888 0.053507
22 0.093913 0.523025 0.081081 0.027090
13 0.542679 0.795819 0.032996 0.051608
13 0.422521 0.721424 0.075429 0.047933
13 0.420635 0.795758 0.058449 0.050383
13 0.891539 0.739265 0.034877 0.053507
26 0.222615 0.657779 0.021069 0.044809
26 0.922033 0.711072 0.024089 0.157642
