13 0.390411 0.262886 0.081773 0.091937
29 0.436205 0.843382 0.094859 0.081533
13 0.383461 0.789664 0.076044 0.089630
13 0.148771 0.872060 0.170902 0.208165
15 0.288683 0.391718 0.112031 0.034695
3 0.149851 0.391459 0.113610 0.065949
13 0.538586 0.203615 0.116930 0.097145
13 0.542099 0.853846 0.118574 0.109288
13 0.299376 0.331125 0.110113 0.075584
29 0.435060 0.214197 0.089138 0.084427
13 0.204658 0.573980 0.080387 0.139356
22 0.684029 0.906097 0.104319 0.120399
26 0.415205 0.733419 0.065786 0.079487
26 0.415898 0.326165 0.065786 0.079487
9 0.150488 0.673897 0.097317 0.053197
13 0.297353 0.727701 0.112031 0.081350
13 0.456809 0.531342 0.035971 0.049179
1 0.492180 0.450524 0.106986 0.071316
13 0.134049 0.242647 0.126745 0.219151
15 0.289500 0.667829 0.116938 0.037584
3 0.151551 0.734980 0.113610 0.067145
1 0.495246 0.610504 0.100854 0.086741
