26 0.556570 0.679344 0.019844 0.052385
13 0.740863 0.631904 0.035290 0.063195
13 0.387556 0.628042 0.035290 0.063173
26 0.483452 0.684201 0.018285 0.050547
13 0.038547 0.626488 0.035290 0.063173
26 0.757439 0.678709 0.018285 0.050547
26 0.626336 0.681160 0.018285 0.050547
13 0.537745 0.628053 0.035290 0.063195
26 0.825624 0.679322 0.018285 0.050547
13 0.245612 0.629584 0.035301 0.063195
26 0.698241 0.679934 0.018285 0.050547
13 0.315412 0.630361 0.035301 0.063173
13 0.612255 0.628818 0.035290 0.063195
13 0.175429 0.630361 0.035290 0.063173
13 0.104839 0.630361 0.035290 0.063173
26 0.194287 0.678709 0.018285 0.050547
13 0.683224 0.629595 0.035290 0.063173
26 0.264955 0.681160 0.018285 0.050547
13 0.467556 0.631127 0.035290 0.063173
22 0.240963 0.830405 0.156938 0.027987
26 0.125490 0.679934 0.018285 0.050547
26 0.057149 0.677221 0.018285 0.050547
13 0.807522 0.628053 0.035290 0.063195
26 0.335312 0.679934 0.018285 0.050547
26 0.405356 0.678096 0.018285 0.050547
