15 0.568488 0.691796 0.022312 0.066497
13 0.331334 0.690108 0.026621 0.042662
13 0.388447 0.691803 0.026621 0.042662
13 0.450455 0.693076 0.026621 0.042662
15 0.686721 0.688904 0.022312 0.066497
13 0.705826 0.691153 0.026632 0.041414
15 0.482076 0.690064 0.022312 0.066497
13 0.649074 0.692656 0.026621 0.042662
13 0.766783 0.692236 0.026621 0.042662
15 0.366224 0.690637 0.022322 0.066497
15 0.306145 0.692662 0.022312 0.066497
22 0.546951 0.779484 0.100533 0.024318
15 0.743222 0.691796 0.022322 0.066497
13 0.591276 0.693510 0.026632 0.042662
13 0.507202 0.692223 0.026621 0.042662
15 0.423677 0.690064 0.022312 0.066497
15 0.627840 0.691223 0.022312 0.066497
