13 0.427063 0.440957 0.044746 0.039966
22 0.051031 0.721806 0.045173 0.061436
13 0.185802 0.352726 0.103433 0.268587
13 0.803872 0.556564 0.108517 0.127100
13 0.410475 0.332946 0.101741 0.128296
27 0.442724 0.630638 0.118936 0.038302
27 0.446845 0.454111 0.115399 0.044963
26 0.661620 0.459969 0.072861 0.037248
26 0.662216 0.635157 0.072861 0.037254
26 0.765125 0.396997 0.061869 0.029071
26 0.766591 0.689128 0.061869 0.029071
13 0.668457 0.706578 0.110693 0.118239
14 0.371483 0.542792 0.047107 0.064114
3 0.188856 0.537140 0.103433 0.062348
7 0.853014 0.388288 0.035326 0.028450
13 0.667369 0.368917 0.106825 0.133094
7 0.851446 0.694365 0.030419 0.024285
13 0.424118 0.714906 0.102450 0.101584
13 0.424706 0.612897 0.051813 0.037453
13 0.792002 0.313160 0.105133 0.129499
