13 0.846647 0.726585 0.143057 0.126202
27 0.752889 0.572160 0.023209 0.117840
14 0.666419 0.575662 0.117635 0.115505
9 0.672796 0.343380 0.039713 0.061672
27 0.565912 0.572160 0.023209 0.117840
22 0.117297 0.250017 0.085642 0.046585
13 0.856993 0.532474 0.151520 0.133937
13 0.477272 0.725139 0.146807 0.115505
13 0.469265 0.536829 0.154341 0.123275
3 0.712745 0.341080 0.041064 0.108641
13 0.834645 0.344704 0.191520 0.146481
13 0.563843 0.344756 0.140220 0.117456
26 0.567027 0.712544 0.027230 0.094843
13 0.690659 0.435017 0.031520 0.053380
26 0.749764 0.709321 0.027230 0.094808
