13 0.659886 0.350863 0.011480 0.057984
27 0.668361 0.434169 0.083653 0.043629
13 0.054458 0.349742 0.014186 0.060323
13 0.903371 0.349185 0.011480 0.057984
13 0.863660 0.350315 0.011486 0.057984
13 0.297492 0.365524 0.014179 0.085661
13 0.499676 0.351992 0.014186 0.064145
13 0.297125 0.098839 0.015496 0.030032
13 0.255964 0.364403 0.014186 0.085645
13 0.377820 0.364960 0.014186 0.085661
13 0.176768 0.364105 0.014186 0.085661
13 0.418666 0.351960 0.014179 0.064145
13 0.821905 0.346927 0.011480 0.057984
23 0.393602 0.302081 0.018624 0.073903
13 0.620412 0.351169 0.011480 0.057984
13 0.943306 0.350315 0.011480 0.057984
13 0.741577 0.348605 0.011486 0.057984
23 0.354371 0.302532 0.018631 0.073903
23 0.312456 0.302976 0.018631 0.073919
13 0.015477 0.350435 0.014186 0.060323
23 0.274302 0.302532 0.018624 0.073903
13 0.459059 0.350863 0.014186 0.064145
23 0.232385 0.302081 0.018631 0.073903
23 0.192255 0.302073 0.018631 0.073919
13 0.577511 0.353121 0.014179 0.064145
26 0.835088 0.294145 0.012537 0.068258
13 0.338112 0.364960 0.014186 0.085661
26 0.795104 0.296065 0.012544 0.068258
26 0.754607 0.293500 0.012537 0.068258
26 0.956632 0.295145 0.012031 0.064645
26 0.916668 0.297194 0.012038 0.064645
26 0.875909 0.296556 0.012038 0.064661
26 0.674066 0.297484 0.012038 0.064645
13 0.216252 0.364960 0.014179 0.085661
26 0.632579 0.296419 0.012038 0.064645
13 0.781970 0.349185 0.011480 0.057984
26 0.592813 0.295871 0.012038 0.064645
26 0.552618 0.296419 0.012038 0.064645
22 0.125629 0.059024 0.066184 0.021145
26 0.512417 0.296419 0.012038 0.064645
26 0.473086 0.294806 0.012038 0.064645
13 0.728436 0.441645 0.038741 0.031645
26 0.431593 0.296710 0.012038 0.064645
13 0.095078 0.349177 0.014179 0.060323
26 0.150006 0.294815 0.012537 0.068274
26 0.109338 0.293685 0.012537 0.068274
26 0.069186 0.295540 0.012544 0.068274
26 0.028887 0.294073 0.012544 0.068274
26 0.311762 0.093387 0.013582 0.058258
13 0.137057 0.350871 0.014179 0.060323
13 0.539614 0.351427 0.014179 0.064145
