27 0.678033 0.634602 0.235553 0.063269
13 0.841729 0.511422 0.017123 0.086555
13 0.373416 0.510733 0.017123 0.086555
13 0.432790 0.136466 0.023147 0.042438
13 0.724910 0.509337 0.017123 0.086555
13 0.608033 0.511564 0.017116 0.086555
13 0.431577 0.509894 0.017123 0.086537
13 0.667828 0.512394 0.017123 0.086555
13 0.901898 0.509726 0.017116 0.086555
22 0.186217 0.073154 0.100207 0.031290
13 0.140104 0.508224 0.017123 0.086555
13 0.081286 0.510733 0.017123 0.086555
13 0.255781 0.509055 0.017123 0.086555
13 0.823631 0.644302 0.058548 0.047297
13 0.491376 0.509894 0.017123 0.086537
13 0.315252 0.508224 0.017116 0.086555
13 0.197946 0.508224 0.017123 0.086555
23 0.046176 0.439664 0.025629 0.115018
23 0.104353 0.443057 0.025622 0.115018
23 0.163188 0.435088 0.025629 0.115018
23 0.222026 0.437367 0.025629 0.115018
23 0.279972 0.439647 0.025629 0.115018
23 0.338361 0.438516 0.025629 0.115018
23 0.398088 0.438516 0.025622 0.115018
23 0.456030 0.437367 0.025629 0.115018
26 0.453022 0.126599 0.017414 0.085106
26 0.510059 0.424912 0.017282 0.085018
26 0.568489 0.424558 0.017282 0.085018
26 0.628074 0.426537 0.017282 0.085018
26 0.686629 0.426537 0.017282 0.085018
26 0.744146 0.425875 0.017282 0.085000
26 0.922106 0.427385 0.017282 0.085018
26 0.862206 0.423074 0.016404 0.102014
13 0.549544 0.511564 0.017123 0.086555
13 0.022144 0.510733 0.017123 0.086555
