13 0.800298 0.641165 0.036117 0.055058
13 0.677356 0.653686 0.044291 0.055041
27 0.097592 0.715446 0.077023 0.038430
13 0.864563 0.639777 0.036117 0.055058
13 0.421511 0.654727 0.043489 0.055041
26 0.750612 0.561446 0.015786 0.088545
13 0.231275 0.655215 0.043495 0.055058
13 0.511602 0.328595 0.036084 0.055041
23 0.698761 0.577231 0.021858 0.073636
13 0.038521 0.653603 0.044421 0.055537
13 0.165987 0.651810 0.043495 0.055058
23 0.189301 0.577810 0.021851 0.073636
23 0.253032 0.576438 0.021858 0.073636
23 0.317104 0.576438 0.021858 0.073636
23 0.380249 0.577231 0.021858 0.073636
23 0.443702 0.574860 0.021851 0.073653
23 0.508087 0.576438 0.021858 0.073636
23 0.573709 0.578810 0.021851 0.073653
13 0.295191 0.653760 0.043495 0.055058
13 0.358537 0.654248 0.043495 0.055041
23 0.635304 0.578017 0.021858 0.073653
33 0.530531 0.245661 0.009890 0.049405
23 0.060152 0.577570 0.021858 0.073653
13 0.733851 0.645339 0.036117 0.055041
26 0.938340 0.563793 0.015786 0.088545
26 0.879220 0.563008 0.015786 0.088529
13 0.551799 0.654240 0.043495 0.055058
13 0.922563 0.641860 0.036117 0.055058
26 0.817000 0.558264 0.015786 0.088529
13 0.484670 0.655207 0.043489 0.055041
13 0.614204 0.654727 0.043489 0.055041
13 0.113511 0.684025 0.025340 0.039124
