13 0.481864 0.587766 0.021143 0.050085
26 0.491502 0.527415 0.009538 0.061085
13 0.576799 0.586479 0.021143 0.050106
22 0.023335 0.211160 0.042274 0.037681
13 0.140790 0.589074 0.021143 0.050106
26 0.395968 0.526989 0.009538 0.061085
26 0.191127 0.530330 0.009538 0.061085
13 0.663969 0.585191 0.021143 0.050085
13 0.622745 0.585840 0.021143 0.050106
26 0.151249 0.526521 0.009532 0.061085
13 0.418620 0.520117 0.020612 0.052830
0 0.407720 0.537777 0.011318 0.024149
26 0.060028 0.525989 0.009538 0.061085
13 0.049716 0.587734 0.021143 0.050106
13 0.385050 0.589691 0.021143 0.050106
13 0.814194 0.584287 0.021143 0.050106
33 0.234338 0.267585 0.006740 0.037766
26 0.965959 0.516830 0.009207 0.068638
13 0.224360 0.304766 0.021749 0.049404
13 0.443289 0.585840 0.021143 0.050106
13 0.738854 0.583904 0.021143 0.050106
26 0.899863 0.515000 0.009207 0.068638
13 0.181131 0.589245 0.021137 0.050106
26 0.822480 0.515617 0.009207 0.068638
26 0.747783 0.515617 0.009207 0.068638
26 0.673979 0.515000 0.009207 0.068638
26 0.631886 0.516234 0.009207 0.068638
26 0.586808 0.515883 0.009207 0.068660
13 0.891346 0.585064 0.021143 0.050085
13 0.956930 0.581968 0.021143 0.050106
26 0.452936 0.512989 0.009207 0.068660
