26 0.297160 0.266980 0.015318 0.008695
26 0.295995 0.314504 0.015326 0.008689
26 0.295411 0.362034 0.015318 0.008695
26 0.295705 0.409766 0.015326 0.008695
26 0.295415 0.648217 0.015326 0.008695
13 0.301023 0.756764 0.017776 0.020775
26 0.295125 0.456672 0.015326 0.008695
13 0.301668 0.708456 0.017776 0.020775
13 0.300677 0.567219 0.017776 0.020775
22 0.156672 0.052915 0.016890 0.025578
13 0.300677 0.327345 0.017776 0.020775
13 0.173904 0.756895 0.017526 0.020444
13 0.300927 0.614182 0.017776 0.020775
13 0.300677 0.233419 0.017776 0.020775
13 0.302160 0.279687 0.017776 0.020775
13 0.301668 0.661840 0.017776 0.020775
13 0.301168 0.375704 0.017776 0.020775
13 0.301418 0.519208 0.017776 0.020775
13 0.300927 0.423014 0.017776 0.020775
26 0.294251 0.505638 0.015318 0.008689
26 0.295995 0.552957 0.015326 0.008695
33 0.170391 0.740943 0.016350 0.013852
26 0.295705 0.599661 0.015326 0.008689
26 0.295951 0.743387 0.015318 0.008689
13 0.301418 0.470849 0.017776 0.020775
26 0.295125 0.219456 0.015326 0.008689
26 0.295338 0.695504 0.015318 0.008695
