26 0.363417 0.638185 0.014263 0.006319
26 0.364206 0.320840 0.014263 0.006319
26 0.364601 0.289610 0.014263 0.006319
26 0.364996 0.257262 0.014263 0.006319
13 0.367119 0.456160 0.012546 0.012513
13 0.367325 0.742031 0.012554 0.012507
13 0.366914 0.805026 0.012554 0.012513
13 0.367530 0.519732 0.012546 0.012513
13 0.367736 0.550866 0.012554 0.012513
13 0.367325 0.329151 0.012554 0.012513
13 0.367027 0.837026 0.012554 0.012513
13 0.367325 0.710610 0.012554 0.012513
13 0.367530 0.678308 0.012546 0.012513
13 0.367736 0.424880 0.012554 0.012507
13 0.367325 0.266157 0.012554 0.012507
13 0.367119 0.646741 0.012546 0.012513
13 0.367325 0.773456 0.012554 0.012507
13 0.367119 0.614587 0.012546 0.012513
13 0.367325 0.392291 0.012554 0.012513
13 0.367736 0.582872 0.012554 0.012513
13 0.283070 0.837462 0.012941 0.013966
26 0.280363 0.828744 0.014263 0.006319
26 0.363086 0.828638 0.014263 0.006325
26 0.363940 0.797507 0.014263 0.006319
26 0.364198 0.765154 0.014263 0.006319
26 0.362554 0.733393 0.014263 0.006319
26 0.362554 0.701826 0.014263 0.006319
26 0.363376 0.670262 0.014263 0.006325
26 0.364206 0.352353 0.014263 0.006325
26 0.363811 0.606393 0.014263 0.006325
26 0.364206 0.575439 0.014263 0.006319
26 0.363417 0.543091 0.014263 0.006319
26 0.363811 0.511023 0.014263 0.006319
26 0.364206 0.480071 0.014263 0.006319
26 0.363811 0.448282 0.014263 0.006319
13 0.367325 0.361447 0.012554 0.012513
13 0.367736 0.298165 0.012554 0.012513
13 0.367941 0.487581 0.012546 0.012507
26 0.363417 0.416493 0.014263 0.006319
26 0.364206 0.384142 0.014263 0.006325
