26 0.295870 0.551783 0.016769 0.008433
26 0.295584 0.600336 0.016777 0.008433
26 0.297329 0.648481 0.016769 0.008427
26 0.295250 0.695131 0.016769 0.008427
22 0.157006 0.318037 0.014835 0.021396
13 0.302276 0.756077 0.020363 0.021259
13 0.302220 0.612744 0.020363 0.021259
13 0.301640 0.661296 0.020363 0.021259
13 0.302220 0.423051 0.020363 0.021259
13 0.302264 0.708584 0.020371 0.021259
13 0.302220 0.518721 0.020363 0.021259
13 0.300471 0.470573 0.020363 0.021259
13 0.301930 0.565422 0.020363 0.021259
13 0.184940 0.771496 0.036890 0.052792
33 0.170306 0.742875 0.016245 0.008575
26 0.295580 0.409823 0.016769 0.008433
26 0.296160 0.743071 0.016769 0.008433
26 0.295000 0.505903 0.016769 0.008433
26 0.295290 0.457553 0.016769 0.008427
