23 0.365939 0.509219 0.015488 0.011544
13 0.367143 0.491151 0.013578 0.019954
13 0.367760 0.805538 0.013586 0.013105
13 0.368376 0.555960 0.013578 0.019954
13 0.368171 0.678678 0.013586 0.013105
13 0.367143 0.837256 0.013578 0.013111
22 0.286426 0.113926 0.021088 0.074439
13 0.368175 0.710103 0.013578 0.013105
13 0.366732 0.615541 0.013578 0.013111
13 0.367353 0.396154 0.013578 0.019954
13 0.367353 0.428160 0.013578 0.019954
13 0.282591 0.837399 0.013578 0.013111
13 0.367353 0.364872 0.013578 0.019954
13 0.367353 0.742402 0.013578 0.013111
13 0.367143 0.460017 0.013578 0.019954
13 0.367143 0.523447 0.013578 0.019954
13 0.367554 0.583533 0.013578 0.013105
13 0.367554 0.646963 0.013578 0.013105
13 0.367965 0.773823 0.013578 0.013105
33 0.279670 0.828333 0.010991 0.006034
26 0.363691 0.828829 0.012168 0.006536
26 0.364629 0.796707 0.012160 0.006530
26 0.362929 0.765496 0.012160 0.006536
26 0.363900 0.734120 0.012168 0.006530
26 0.363900 0.702060 0.012168 0.006536
26 0.364629 0.670168 0.012160 0.006536
26 0.364146 0.638792 0.012160 0.006530
26 0.362933 0.606387 0.012168 0.006530
26 0.362446 0.575014 0.012160 0.006530
23 0.366281 0.350447 0.015496 0.011550
23 0.366108 0.381823 0.015488 0.011544
23 0.366781 0.413613 0.015496 0.011544
23 0.366277 0.445758 0.015488 0.011550
23 0.366781 0.476954 0.015496 0.011550
23 0.366297 0.540370 0.015496 0.011544
