27 0.352037 0.281162 0.011817 0.031282
13 0.532508 0.242353 0.022373 0.021687
13 0.332397 0.291231 0.038211 0.023818
13 0.332560 0.099607 0.024508 0.025185
13 0.231215 0.239681 0.022373 0.021687
13 0.432710 0.241641 0.022373 0.021687
13 0.281380 0.292838 0.038207 0.023818
13 0.280373 0.241641 0.022373 0.021687
13 0.231354 0.292128 0.038211 0.023823
22 0.596980 0.104587 0.052035 0.016000
13 0.383942 0.241641 0.022373 0.021687
13 0.483487 0.242000 0.022373 0.021687
13 0.583793 0.242712 0.022373 0.021687
13 0.333415 0.240929 0.022373 0.021687
27 0.301005 0.282940 0.011817 0.031282
33 0.352409 0.095946 0.011813 0.030570
27 0.252107 0.281883 0.011813 0.031288
26 0.250723 0.223564 0.012067 0.045533
26 0.302516 0.224650 0.012067 0.046906
26 0.352790 0.223926 0.012067 0.046906
26 0.403318 0.224279 0.012067 0.046906
26 0.453342 0.224279 0.012067 0.046906
26 0.502615 0.226057 0.012063 0.046906
26 0.552891 0.224991 0.012067 0.046906
26 0.603668 0.225707 0.012067 0.046900
