26 0.217421 0.657439 0.037583 0.013715
13 0.233175 0.705974 0.042659 0.025670
33 0.127881 0.438254 0.028509 0.010285
26 0.217933 0.370256 0.035786 0.011316
13 0.248836 0.346234 0.042667 0.025664
13 0.148896 0.412350 0.026946 0.025670
26 0.218880 0.442236 0.037583 0.013715
26 0.215681 0.514863 0.037583 0.013715
26 0.218703 0.727718 0.037583 0.013715
13 0.232836 0.488772 0.042659 0.025670
13 0.233550 0.417379 0.042667 0.025664
13 0.225528 0.560168 0.026624 0.025670
13 0.232836 0.634077 0.042659 0.025670
26 0.216841 0.586254 0.037583 0.013715
22 0.151297 0.693618 0.029863 0.117903
