23 0.802965 0.417448 0.010198 0.116910
23 0.876230 0.416458 0.010198 0.116944
23 0.912770 0.417448 0.010204 0.116910
23 0.949850 0.419392 0.010204 0.116910
33 0.178796 0.228351 0.006307 0.057257
13 0.226594 0.442274 0.014773 0.112396
13 0.189559 0.445712 0.014773 0.112396
13 0.337693 0.443976 0.014773 0.112396
13 0.890026 0.442274 0.014773 0.112396
13 0.631272 0.444844 0.014773 0.112396
13 0.668620 0.446545 0.014773 0.112396
13 0.300502 0.438837 0.014780 0.112396
13 0.447367 0.438837 0.014773 0.112396
13 0.852204 0.443142 0.014773 0.112396
13 0.815489 0.440573 0.014773 0.112396
13 0.079297 0.443229 0.014773 0.112361
22 0.028904 0.278507 0.024620 0.030903
13 0.484875 0.445712 0.014773 0.112396
13 0.152728 0.441441 0.014773 0.112396
13 0.116173 0.442622 0.014773 0.112396
13 0.742684 0.438837 0.014773 0.112396
13 0.522064 0.443976 0.014773 0.112396
13 0.374722 0.442274 0.014773 0.112396
13 0.559099 0.440573 0.014773 0.112396
13 0.042364 0.442344 0.014773 0.112396
13 0.705335 0.441406 0.014773 0.112396
13 0.411125 0.446545 0.014773 0.112396
13 0.263310 0.443142 0.014773 0.112396
13 0.778927 0.438003 0.014773 0.112396
13 0.595815 0.443142 0.014773 0.112396
13 0.926268 0.438837 0.014773 0.112396
13 0.191853 0.260451 0.012204 0.053542
13 0.962984 0.438837 0.014773 0.112396
23 0.030016 0.419826 0.010204 0.116944
23 0.066335 0.416111 0.010204 0.116944
23 0.103406 0.418142 0.010198 0.116910
23 0.139355 0.420174 0.010198 0.116944
23 0.176016 0.419392 0.010204 0.116910
23 0.213275 0.418420 0.010204 0.116910
23 0.250176 0.419392 0.010204 0.116910
23 0.287613 0.417448 0.010204 0.116910
23 0.323438 0.420382 0.010198 0.116944
23 0.360875 0.417448 0.010198 0.116910
23 0.398134 0.418420 0.010198 0.116910
23 0.434677 0.419392 0.010198 0.116910
23 0.471220 0.419392 0.010198 0.116910
23 0.508121 0.417448 0.010198 0.116910
23 0.545198 0.419392 0.010204 0.116910
23 0.582099 0.415486 0.010204 0.116944
23 0.618642 0.415486 0.010204 0.116944
23 0.654824 0.418420 0.010198 0.116910
23 0.692620 0.416458 0.010198 0.116944
23 0.729521 0.420382 0.010198 0.116944
23 0.765348 0.417448 0.010198 0.116910
23 0.839866 0.419392 0.010198 0.116910
