26 0.223352 0.372698 0.037824 0.012860
26 0.223288 0.443806 0.038405 0.013994
26 0.222973 0.587339 0.038405 0.013994
26 0.224021 0.659678 0.038405 0.013989
26 0.224444 0.515604 0.038413 0.013989
26 0.225068 0.730040 0.038405 0.013994
13 0.239150 0.635276 0.041217 0.022974
13 0.142236 0.628698 0.061104 0.046661
13 0.238425 0.420621 0.041217 0.022974
13 0.253457 0.348786 0.041225 0.022974
1 0.101805 0.556678 0.030024 0.098655
13 0.238666 0.562752 0.041217 0.022974
13 0.240117 0.490746 0.041217 0.022974
22 0.161793 0.730427 0.013094 0.044923
13 0.238678 0.705567 0.041225 0.022974
