26 0.222849 0.438125 0.037284 0.013333
22 0.156233 0.687877 0.026890 0.118011
26 0.222849 0.367319 0.037284 0.013328
26 0.224690 0.509188 0.037357 0.013578
13 0.253461 0.126698 0.040443 0.025100
13 0.238038 0.628288 0.040443 0.025100
13 0.238908 0.198293 0.040443 0.025100
13 0.252881 0.342313 0.040443 0.025105
13 0.235999 0.484476 0.040443 0.025100
26 0.222087 0.223570 0.037357 0.013578
26 0.222228 0.152074 0.037284 0.013333
26 0.223638 0.581279 0.037365 0.013578
13 0.237748 0.556487 0.040443 0.025100
13 0.238618 0.270305 0.040443 0.025100
33 0.135649 0.433333 0.033167 0.011521
26 0.222401 0.723108 0.037357 0.013578
26 0.222595 0.651889 0.037357 0.013578
13 0.253751 0.413906 0.040443 0.025100
26 0.223763 0.296453 0.037357 0.013578
13 0.237603 0.699684 0.040443 0.025100
13 0.154239 0.407735 0.025318 0.025100
