26 0.262820 0.462034 0.054698 0.010906
22 0.090419 0.790291 0.019694 0.019259
13 0.283791 0.620103 0.015125 0.013356
13 0.284210 0.324581 0.015125 0.013060
13 0.103630 0.650900 0.015125 0.018667
13 0.284210 0.696826 0.015125 0.018667
13 0.284210 0.546897 0.015125 0.013897
13 0.283372 0.399222 0.015125 0.014205
13 0.284629 0.770142 0.015125 0.018667
13 0.284210 0.471661 0.015125 0.014513
26 0.263058 0.389479 0.054706 0.010900
26 0.261660 0.537128 0.054698 0.010906
26 0.263691 0.611812 0.054698 0.010906
26 0.263110 0.684644 0.054698 0.010906
26 0.263400 0.759328 0.054698 0.010906
26 0.093928 0.667775 0.027051 0.011937
26 0.263642 0.315302 0.054698 0.010900
