26 0.081104 0.657630 0.024093 0.010370
26 0.249903 0.601835 0.054698 0.010906
26 0.251648 0.380621 0.054706 0.010906
26 0.250951 0.527519 0.054698 0.010900
26 0.250604 0.748481 0.054698 0.010900
22 0.078554 0.778729 0.019557 0.025926
26 0.251652 0.306801 0.054698 0.010900
13 0.271632 0.609732 0.015125 0.014199
13 0.270939 0.535917 0.015125 0.014194
13 0.272333 0.388772 0.015125 0.014194
13 0.272687 0.315199 0.015125 0.014194
26 0.252345 0.453698 0.054698 0.010906
13 0.273034 0.462345 0.015125 0.014194
13 0.272333 0.758103 0.015125 0.013709
26 0.253392 0.675897 0.054698 0.010906
13 0.091825 0.641333 0.015125 0.018667
13 0.272333 0.684527 0.015125 0.014194
