26 0.252498 0.527276 0.052087 0.012752
26 0.252643 0.600724 0.051201 0.010291
26 0.250894 0.674789 0.054698 0.010900
26 0.082147 0.657920 0.024440 0.011932
13 0.270637 0.684182 0.013828 0.015407
13 0.271475 0.609225 0.013828 0.015407
26 0.251185 0.748236 0.054698 0.010900
13 0.270218 0.463165 0.013828 0.015402
13 0.271475 0.758248 0.013828 0.015402
13 0.272562 0.315746 0.013828 0.015402
13 0.091088 0.643311 0.013828 0.015407
22 0.077889 0.778675 0.020951 0.022513
13 0.272732 0.536638 0.013828 0.015407
13 0.271475 0.389396 0.013828 0.015407
26 0.253139 0.305385 0.054706 0.011111
26 0.252345 0.380376 0.054698 0.010906
26 0.253078 0.453208 0.053828 0.012342
