13 0.379738 0.847225 0.057478 0.015248
13 0.378296 0.369561 0.051418 0.015248
13 0.378537 0.418256 0.051418 0.015248
26 0.330955 0.367704 0.020073 0.009823
13 0.379021 0.560900 0.051418 0.015248
26 0.331442 0.439368 0.020064 0.009823
13 0.378779 0.584046 0.051418 0.015248
26 0.331926 0.344387 0.020064 0.009823
26 0.331684 0.320895 0.020064 0.009823
13 0.378779 0.751379 0.051418 0.015248
26 0.331926 0.296034 0.020064 0.009823
13 0.379504 0.727550 0.051418 0.015248
13 0.378296 0.536726 0.051418 0.015242
22 0.205548 0.329726 0.012079 0.109459
13 0.379263 0.774872 0.051418 0.015248
13 0.255745 0.630866 0.010911 0.040980
13 0.379263 0.797846 0.051418 0.015248
26 0.331442 0.391020 0.020064 0.009823
26 0.331442 0.414336 0.020064 0.009823
26 0.331684 0.462342 0.020064 0.009823
13 0.379263 0.655883 0.051418 0.015242
26 0.332409 0.486177 0.020064 0.009823
26 0.330226 0.509493 0.020064 0.009823
26 0.332168 0.534866 0.020064 0.009823
13 0.378296 0.489749 0.051418 0.015248
26 0.332409 0.557840 0.020064 0.009823
26 0.330709 0.581499 0.020064 0.009823
26 0.331434 0.605846 0.020064 0.009823
13 0.378650 0.822188 0.051418 0.015248
13 0.379504 0.608564 0.051418 0.015248
26 0.330951 0.628991 0.020064 0.009823
26 0.331684 0.652991 0.020064 0.009823
13 0.379021 0.299439 0.051418 0.015242
13 0.380105 0.867880 0.050185 0.022803
13 0.378779 0.345903 0.051418 0.015248
13 0.379263 0.322758 0.051418 0.015248
26 0.331434 0.677339 0.020064 0.009823
26 0.331684 0.701171 0.020064 0.009818
26 0.331926 0.724661 0.020064 0.009823
13 0.379021 0.465402 0.051418 0.015248
26 0.330467 0.748490 0.020064 0.009823
26 0.333135 0.773009 0.020064 0.009823
26 0.330951 0.795983 0.020064 0.009823
26 0.331193 0.819470 0.020064 0.009823
13 0.378537 0.631709 0.051418 0.015248
13 0.378779 0.512895 0.051418 0.015248
26 0.331467 0.843459 0.020064 0.009823
23 0.334972 0.868909 0.026237 0.014684
33 0.252389 0.662205 0.014045 0.009425
13 0.378779 0.393909 0.051418 0.015248
13 0.379512 0.441573 0.051418 0.015248
13 0.379504 0.679544 0.051418 0.015248
13 0.379021 0.703373 0.051418 0.015248
