26 0.246108 0.086838 0.028074 0.014815
22 0.105415 0.762915 0.014666 0.126798
13 0.321382 0.519097 0.079605 0.025772
33 0.129339 0.493308 0.027639 0.013578
26 0.246108 0.800689 0.027236 0.015704
13 0.323058 0.127439 0.079605 0.025772
13 0.321382 0.376895 0.079605 0.025778
26 0.247595 0.124177 0.027228 0.015704
26 0.246334 0.730034 0.027236 0.015704
13 0.321801 0.735077 0.079605 0.025778
26 0.244662 0.193504 0.027228 0.015704
26 0.245915 0.264014 0.027236 0.015698
13 0.320963 0.268752 0.079605 0.025778
26 0.245919 0.159137 0.027228 0.015698
26 0.247591 0.300752 0.027236 0.015704
13 0.323896 0.483254 0.079605 0.025778
26 0.244239 0.692410 0.027236 0.015704
26 0.246334 0.584274 0.027236 0.015704
13 0.323912 0.804538 0.079605 0.025772
13 0.321382 0.304308 0.079605 0.025778
13 0.134174 0.458111 0.018098 0.063994
13 0.323896 0.626641 0.079605 0.025772
13 0.322220 0.198541 0.079605 0.025778
13 0.322220 0.696860 0.079605 0.025778
13 0.322639 0.161806 0.079605 0.025778
13 0.323058 0.091590 0.079605 0.025778
26 0.247156 0.478946 0.027655 0.018074
26 0.247365 0.622188 0.028912 0.015407
26 0.247172 0.515242 0.027236 0.015704
26 0.245077 0.372444 0.027236 0.015704
13 0.320544 0.589906 0.079605 0.025772
