22 0.338233 0.094162 0.038231 0.012838
26 0.775806 0.251407 0.012571 0.030120
13 0.718777 0.255843 0.032929 0.058912
26 0.372216 0.251385 0.012571 0.030120
26 0.328747 0.250644 0.012571 0.030120
23 0.426888 0.264202 0.032679 0.049772
26 0.284057 0.249655 0.012571 0.030125
23 0.605620 0.263849 0.032683 0.049772
23 0.695373 0.262789 0.032679 0.049772
26 0.731313 0.250695 0.012571 0.030120
13 0.584287 0.257852 0.032933 0.059373
13 0.762770 0.256838 0.032929 0.055897
13 0.495298 0.256427 0.032933 0.059373
26 0.238318 0.250644 0.012566 0.030120
13 0.314307 0.256530 0.032579 0.055943
26 0.193459 0.251134 0.012566 0.030120
13 0.405173 0.257670 0.032933 0.059373
13 0.539541 0.257493 0.032933 0.059373
13 0.181265 0.257054 0.032579 0.058313
26 0.216676 0.159909 0.012917 0.029379
13 0.673527 0.257140 0.032929 0.059373
13 0.449295 0.257140 0.032933 0.059373
13 0.628781 0.258205 0.032929 0.059373
13 0.225316 0.256801 0.032583 0.053920
13 0.189966 0.167333 0.045500 0.031282
23 0.472387 0.264556 0.032679 0.049772
13 0.269962 0.256530 0.032583 0.055943
13 0.359553 0.256530 0.032579 0.055943
23 0.516884 0.263849 0.032679 0.049772
23 0.561880 0.263137 0.032679 0.049772
23 0.650369 0.264208 0.032679 0.049772
