13 0.380641 0.605462 0.049581 0.021533
13 0.380431 0.177017 0.049581 0.021533
23 0.333965 0.677926 0.026946 0.015123
23 0.333965 0.701242 0.026946 0.015123
23 0.335177 0.725761 0.026938 0.015123
23 0.335177 0.749590 0.026938 0.015123
23 0.334694 0.773593 0.026938 0.015117
23 0.332994 0.797254 0.026938 0.015123
23 0.334694 0.654265 0.026938 0.015117
23 0.332994 0.820570 0.026938 0.015123
23 0.333965 0.845088 0.026946 0.015123
23 0.335000 0.869105 0.026938 0.015123
33 0.252526 0.662376 0.015318 0.007977
13 0.380435 0.273328 0.049589 0.021527
13 0.379613 0.201313 0.049589 0.021533
23 0.333719 0.630091 0.026938 0.015123
23 0.334887 0.607464 0.026938 0.015123
23 0.333211 0.581983 0.026938 0.015123
23 0.332792 0.558285 0.026938 0.015123
23 0.333626 0.534581 0.026946 0.015123
23 0.334045 0.510584 0.026946 0.015117
23 0.333211 0.487772 0.026938 0.015123
23 0.334045 0.439185 0.026946 0.015123
23 0.334464 0.415778 0.026946 0.015123
23 0.334045 0.392077 0.026946 0.015117
23 0.334464 0.368080 0.026946 0.015123
23 0.335302 0.344972 0.026946 0.015117
23 0.333207 0.321863 0.026946 0.015123
23 0.334883 0.296387 0.026946 0.015123
23 0.335721 0.274758 0.026946 0.015123
23 0.334045 0.249279 0.026946 0.015117
23 0.335302 0.225875 0.026946 0.015123
23 0.334045 0.202766 0.026946 0.015117
23 0.333626 0.178473 0.026946 0.015123
13 0.380689 0.296023 0.049581 0.021527
13 0.379613 0.390442 0.049589 0.021533
22 0.239476 0.755060 0.011555 0.109584
13 0.379819 0.819325 0.049581 0.021533
13 0.380641 0.343014 0.049581 0.021527
13 0.380641 0.439031 0.049581 0.021527
13 0.380435 0.794738 0.049589 0.021533
13 0.380230 0.320755 0.049581 0.021533
13 0.380435 0.581168 0.049589 0.021527
13 0.380435 0.557017 0.049589 0.021533
13 0.254561 0.637960 0.009186 0.040433
13 0.379819 0.653764 0.049581 0.021533
13 0.380435 0.249325 0.049589 0.021533
13 0.380024 0.843764 0.049589 0.021533
13 0.380230 0.771023 0.049581 0.021533
13 0.380431 0.415462 0.049581 0.021533
13 0.380846 0.486604 0.049589 0.021527
13 0.379819 0.628741 0.049581 0.021527
13 0.380230 0.724325 0.049581 0.021527
13 0.380230 0.463473 0.049581 0.021533
13 0.380749 0.868202 0.049589 0.021533
13 0.380641 0.533886 0.049581 0.021527
13 0.379613 0.224299 0.049589 0.021533
13 0.380435 0.367162 0.049589 0.021527
13 0.380230 0.748185 0.049581 0.021533
13 0.379819 0.700755 0.049581 0.021533
13 0.380435 0.510610 0.049589 0.021527
13 0.380230 0.677188 0.049581 0.021533
23 0.334045 0.465254 0.026946 0.015123
