13 0.338517 0.749179 0.055101 0.021117
23 0.321595 0.772293 0.053070 0.018764
23 0.322643 0.810060 0.053070 0.018764
33 0.176869 0.846228 0.031773 0.011111
13 0.335318 0.583259 0.055101 0.021117
13 0.230616 0.812402 0.044440 0.032929
13 0.334609 0.667977 0.055101 0.021117
13 0.338872 0.539766 0.055101 0.021117
13 0.338876 0.707197 0.055109 0.021117
13 0.334251 0.499037 0.055109 0.021117
23 0.321950 0.690077 0.053070 0.018764
13 0.334251 0.625493 0.055109 0.021117
23 0.323336 0.520584 0.053070 0.020496
26 0.305185 0.483188 0.023747 0.010125
23 0.322990 0.730818 0.053070 0.018764
13 0.339404 0.827105 0.055101 0.021117
26 0.306583 0.568613 0.023739 0.010125
22 0.078445 0.655442 0.013006 0.036786
13 0.184400 0.813282 0.041595 0.018097
26 0.307280 0.609840 0.023747 0.010120
13 0.339940 0.789151 0.055109 0.021117
26 0.306579 0.650940 0.023747 0.010120
3 0.229593 0.842402 0.046438 0.023208
