33 0.219222 0.845934 0.031418 0.013578
23 0.320955 0.546336 0.050919 0.018724
13 0.338916 0.564077 0.055995 0.020530
13 0.338618 0.687892 0.055995 0.020536
23 0.323284 0.587613 0.050919 0.018724
13 0.337732 0.730840 0.055995 0.020530
23 0.323292 0.837895 0.050919 0.018718
13 0.338030 0.521553 0.055995 0.020530
13 0.230604 0.813311 0.041902 0.023704
23 0.323292 0.796171 0.050919 0.018724
13 0.338320 0.606818 0.055995 0.020530
13 0.338916 0.648715 0.055995 0.020530
23 0.322849 0.465801 0.050919 0.018724
13 0.339504 0.816311 0.055995 0.020530
13 0.339512 0.482795 0.055995 0.020530
13 0.338465 0.858205 0.055995 0.020536
23 0.323574 0.502929 0.050919 0.018724
23 0.323284 0.629584 0.050919 0.018724
23 0.322591 0.754444 0.050919 0.018724
23 0.322244 0.713214 0.050919 0.018724
23 0.321898 0.670752 0.050919 0.018724
22 0.094234 0.663889 0.014400 0.068667
13 0.338618 0.774413 0.055995 0.020530
