33 0.133876 0.595293 0.046962 0.012593
26 0.293473 0.725954 0.043997 0.023453
13 0.281015 0.689635 0.029331 0.038268
13 0.280661 0.497806 0.029331 0.038268
26 0.291104 0.471493 0.043997 0.023453
27 0.173767 0.608624 0.018155 0.036291
13 0.281370 0.753698 0.029331 0.038268
26 0.292151 0.533462 0.043997 0.023459
13 0.280314 0.562239 0.029331 0.038268
26 0.292969 0.597613 0.043989 0.023453
22 0.079843 0.339265 0.015270 0.031202
13 0.140492 0.613342 0.026189 0.027652
26 0.292969 0.663026 0.043989 0.023453
13 0.279613 0.430650 0.029331 0.038268
26 0.292510 0.405462 0.043989 0.023459
13 0.281362 0.626923 0.029331 0.038268
