13 0.281201 0.688151 0.027929 0.036211
13 0.281902 0.622972 0.027929 0.036211
22 0.080439 0.380897 0.015367 0.032838
26 0.124887 0.740299 0.034915 0.016667
26 0.294021 0.597191 0.044222 0.022427
26 0.290677 0.404023 0.044222 0.022427
26 0.293054 0.726513 0.044222 0.022427
13 0.280153 0.561251 0.027929 0.036211
13 0.281902 0.429906 0.027929 0.036211
13 0.123255 0.772248 0.028799 0.036621
26 0.291604 0.662011 0.044222 0.022427
13 0.280157 0.494345 0.027937 0.036211
26 0.291511 0.533493 0.044230 0.022427
26 0.291930 0.468610 0.044230 0.022427
13 0.280137 0.752766 0.027929 0.036211
