26 0.313973 0.322305 0.023433 0.008142
28 0.342280 0.670450 0.027381 0.018781
13 0.334057 0.258028 0.028082 0.015157
13 0.411849 0.543838 0.028082 0.015162
13 0.412248 0.734291 0.028090 0.015157
13 0.412454 0.353527 0.028082 0.015157
13 0.412450 0.448111 0.028090 0.015162
22 0.274154 0.798293 0.009500 0.029430
27 0.341454 0.708430 0.027325 0.047937
13 0.262562 0.613051 0.029122 0.015242
26 0.257272 0.630764 0.018670 0.007202
13 0.412655 0.591843 0.028082 0.015162
26 0.393497 0.798177 0.025673 0.008148
26 0.393102 0.751242 0.023433 0.008148
26 0.392389 0.702664 0.023425 0.008142
26 0.392595 0.655376 0.023433 0.008142
26 0.393199 0.607370 0.023433 0.008142
26 0.392998 0.560504 0.023433 0.008142
26 0.393400 0.512214 0.023433 0.008142
13 0.411841 0.401393 0.028082 0.015162
26 0.392184 0.464493 0.023433 0.008142
26 0.392095 0.417171 0.023433 0.008142
13 0.412857 0.639276 0.028082 0.015157
26 0.393259 0.370259 0.023425 0.008142
13 0.334782 0.306550 0.028082 0.015162
13 0.413163 0.782154 0.028082 0.015157
13 0.412853 0.496832 0.028090 0.015157
26 0.315673 0.275330 0.023433 0.008142
13 0.412655 0.687285 0.028082 0.015162
