13 0.323010 0.484892 0.013127 0.025601
13 0.366640 0.549769 0.019694 0.020120
13 0.369065 0.434897 0.023755 0.020120
13 0.366821 0.740066 0.019702 0.020120
13 0.366849 0.508191 0.023755 0.020120
26 0.373888 0.461017 0.017994 0.007983
22 0.313755 0.756100 0.012812 0.027368
26 0.374468 0.496610 0.017994 0.007989
13 0.367244 0.471046 0.023755 0.020120
13 0.366406 0.656541 0.019694 0.020125
13 0.369162 0.324595 0.024770 0.020120
13 0.368058 0.397177 0.023755 0.020120
13 0.365056 0.697855 0.019702 0.020120
26 0.375254 0.645630 0.017373 0.007989
26 0.374444 0.683208 0.017381 0.007989
26 0.373888 0.386746 0.017994 0.007989
26 0.376015 0.278114 0.017994 0.007989
13 0.367861 0.365746 0.019315 0.020120
13 0.364887 0.583672 0.019702 0.020120
13 0.366068 0.619749 0.019694 0.020125
26 0.375250 0.571336 0.017381 0.007983
26 0.374440 0.608057 0.017373 0.007989
26 0.374472 0.422957 0.018002 0.007989
13 0.369065 0.288162 0.024770 0.020120
26 0.374521 0.314151 0.018002 0.007983
26 0.375238 0.754923 0.017373 0.007989
26 0.322498 0.470755 0.014456 0.006650
26 0.374525 0.350798 0.017381 0.007989
26 0.373634 0.534621 0.017373 0.007989
