26 0.117311 0.605677 0.008958 0.045489
13 0.911266 0.618897 0.020961 0.082306
23 0.924407 0.609662 0.014479 0.058772
26 0.565652 0.609035 0.008060 0.046792
13 0.374691 0.611253 0.020961 0.065714
13 0.195047 0.609411 0.020961 0.063383
13 0.881800 0.618271 0.020954 0.082306
13 0.703571 0.619536 0.020954 0.082281
26 0.894492 0.607494 0.008060 0.046767
26 0.952707 0.606065 0.008060 0.046767
13 0.463256 0.620802 0.020961 0.082306
26 0.327355 0.610890 0.008546 0.053860
13 0.402586 0.618271 0.020954 0.082306
13 0.433475 0.414424 0.024754 0.082431
23 0.595512 0.612619 0.014479 0.058772
26 0.982801 0.609662 0.008509 0.047995
26 0.386376 0.610815 0.008546 0.053860
13 0.763297 0.617018 0.020954 0.082306
23 0.416085 0.614424 0.014479 0.058772
13 0.552133 0.617018 0.020961 0.082306
13 0.224517 0.618271 0.020961 0.082306
23 0.506541 0.611416 0.014479 0.058772
23 0.446984 0.610213 0.014479 0.058772
13 0.314495 0.610050 0.020954 0.064612
23 0.296965 0.608409 0.014479 0.058772
23 0.267258 0.612018 0.014479 0.058772
23 0.236875 0.610840 0.014485 0.058772
13 0.105540 0.608170 0.020961 0.063358
13 0.433943 0.621429 0.020961 0.082306
13 0.851544 0.619536 0.020954 0.082281
26 0.625515 0.606617 0.008509 0.047970
26 0.147411 0.606416 0.008958 0.045464
13 0.672527 0.619536 0.020961 0.082281
13 0.582704 0.618897 0.020954 0.082306
13 0.283768 0.617644 0.020961 0.082306
13 0.732726 0.609110 0.020961 0.063985
13 0.642430 0.618897 0.020954 0.082306
26 0.207698 0.607218 0.008958 0.045464
13 0.014850 0.619511 0.020954 0.082281
13 0.165106 0.610050 0.020954 0.063358
26 0.177692 0.607820 0.008958 0.045464
13 0.045028 0.621429 0.020961 0.082306
13 0.613905 0.609674 0.020961 0.063860
23 0.475792 0.607206 0.014479 0.058772
13 0.792289 0.619536 0.020961 0.082281
13 0.255243 0.618897 0.020954 0.082306
26 0.745477 0.609123 0.008509 0.047970
23 0.356522 0.610815 0.014479 0.058772
13 0.074969 0.617018 0.020954 0.082306
13 0.971622 0.612268 0.020961 0.060175
26 0.087392 0.604937 0.007586 0.046967
13 0.135321 0.608145 0.020961 0.063358
13 0.492252 0.618897 0.020961 0.082306
26 0.684754 0.605514 0.008060 0.046767
26 0.715565 0.605514 0.008060 0.046767
26 0.773961 0.604799 0.008060 0.046792
13 0.523612 0.611892 0.020961 0.061930
26 0.804591 0.606241 0.008060 0.046767
26 0.833787 0.607682 0.008060 0.046792
13 0.822863 0.617018 0.020961 0.082306
22 0.869517 0.372343 0.031734 0.049499
26 0.864061 0.604799 0.008060 0.046792
26 0.411376 0.401541 0.009551 0.061178
23 0.655736 0.611992 0.014479 0.058772
13 0.940262 0.619536 0.020961 0.082281
26 0.028493 0.604185 0.006968 0.046466
13 0.344124 0.620175 0.020961 0.082306
23 0.057473 0.609436 0.012190 0.055965
26 0.535870 0.609035 0.008509 0.047995
