23 0.345161 0.644715 0.041604 0.021601
13 0.355479 0.517738 0.049927 0.037527
23 0.344577 0.207724 0.041612 0.021601
23 0.343413 0.158966 0.041604 0.021601
23 0.344283 0.109997 0.041604 0.021601
13 0.355488 0.324177 0.049927 0.037527
23 0.347486 0.548020 0.041612 0.021601
23 0.344871 0.596368 0.041604 0.021601
13 0.356890 0.762313 0.049927 0.037527
13 0.355479 0.129134 0.049927 0.037527
23 0.344871 0.352977 0.041604 0.021601
13 0.357228 0.662906 0.049927 0.037527
23 0.343413 0.693271 0.041604 0.021607
23 0.344730 0.743365 0.041612 0.021601
23 0.343413 0.304419 0.041604 0.021601
13 0.357583 0.274798 0.049927 0.037527
13 0.243936 0.474775 0.034932 0.037527
13 0.356873 0.470085 0.049927 0.037527
13 0.356873 0.372815 0.049927 0.037527
23 0.343703 0.498641 0.041604 0.021601
23 0.343993 0.255248 0.041604 0.021607
13 0.355834 0.080256 0.049927 0.037527
13 0.357575 0.714011 0.049927 0.037527
22 0.215109 0.126761 0.028219 0.052051
13 0.356873 0.225419 0.049927 0.037527
13 0.356873 0.566621 0.049927 0.037527
23 0.344867 0.449675 0.041612 0.021607
13 0.358276 0.615755 0.049927 0.037527
26 0.230995 0.512709 0.031708 0.014399
13 0.355834 0.422934 0.049927 0.037527
23 0.343413 0.061236 0.041604 0.021607
13 0.355826 0.178513 0.049927 0.037527
23 0.343413 0.401940 0.041604 0.021601
