26 0.809725 0.424147 0.010108 0.073613
13 0.475190 0.536893 0.028532 0.106503
13 0.475193 0.398714 0.023006 0.106503
13 0.153402 0.384147 0.023006 0.082861
13 0.520892 0.536171 0.028532 0.106503
13 0.365038 0.212327 0.031519 0.050376
13 0.337620 0.535448 0.028532 0.106503
13 0.430282 0.400159 0.023006 0.106503
26 0.030449 0.418743 0.010076 0.072168
13 0.931554 0.397269 0.023006 0.106503
26 0.073544 0.419017 0.010076 0.072139
26 0.118449 0.427543 0.010076 0.072139
13 0.704089 0.534725 0.028532 0.106503
26 0.164481 0.423006 0.010076 0.072139
13 0.200509 0.382905 0.023006 0.082861
26 0.211722 0.424162 0.010076 0.072139
26 0.257506 0.422197 0.010076 0.072139
26 0.303291 0.424162 0.010076 0.072139
26 0.349076 0.422197 0.010076 0.072139
26 0.382184 0.212139 0.010076 0.072139
27 0.536304 0.539003 0.013975 0.122688
26 0.945462 0.422702 0.010101 0.073613
13 0.886016 0.398714 0.023006 0.106503
27 0.444089 0.539003 0.013975 0.122688
27 0.582089 0.535072 0.013975 0.122688
26 0.898930 0.421214 0.010101 0.073642
26 0.853361 0.424147 0.010101 0.073613
13 0.337465 0.386893 0.023006 0.082861
27 0.673013 0.539003 0.013975 0.122688
26 0.763079 0.426113 0.010108 0.073613
26 0.716437 0.422197 0.010101 0.073642
26 0.670867 0.423165 0.010101 0.073613
26 0.625509 0.420231 0.010108 0.073642
13 0.567066 0.398714 0.023006 0.106503
13 0.613079 0.400159 0.023006 0.106503
27 0.627013 0.537038 0.013975 0.122688
26 0.579940 0.421214 0.010108 0.073642
13 0.429494 0.534003 0.028532 0.106503
26 0.534152 0.425130 0.010101 0.073613
26 0.487722 0.422197 0.010101 0.073642
26 0.441509 0.418266 0.010108 0.073642
13 0.841263 0.384725 0.023006 0.078526
13 0.383478 0.398714 0.023006 0.106503
26 0.395722 0.416315 0.010101 0.073613
13 0.292003 0.385390 0.023006 0.082861
27 0.720304 0.533107 0.013975 0.122688
13 0.659092 0.400159 0.023006 0.106503
13 0.751440 0.400882 0.023006 0.106503
13 0.106566 0.384147 0.023006 0.082861
13 0.017794 0.385390 0.023006 0.082861
13 0.613234 0.539754 0.028532 0.106503
22 0.030750 0.170491 0.048247 0.050809
13 0.567222 0.536171 0.028532 0.106503
27 0.351759 0.537558 0.013975 0.122688
13 0.383949 0.536171 0.028532 0.106503
13 0.062997 0.382905 0.023006 0.082861
27 0.489658 0.535072 0.013975 0.122688
13 0.521206 0.399436 0.023006 0.106503
13 0.659411 0.534725 0.028532 0.106503
13 0.705266 0.403020 0.023013 0.106503
13 0.797453 0.402327 0.023006 0.106503
13 0.245168 0.387876 0.023006 0.082861
27 0.397873 0.535072 0.013975 0.122688
