13 0.584361 0.257504 0.032945 0.056160
22 0.339388 0.095376 0.038211 0.015641
26 0.641920 0.251932 0.012220 0.026746
26 0.596023 0.250598 0.013529 0.027772
23 0.561473 0.261387 0.031712 0.052256
13 0.315770 0.258581 0.035697 0.059726
23 0.516956 0.261801 0.031712 0.052262
23 0.472149 0.262829 0.031712 0.052256
23 0.426761 0.262009 0.031716 0.052256
13 0.270770 0.257869 0.035697 0.059726
13 0.188807 0.166319 0.047260 0.030895
23 0.381517 0.262009 0.031712 0.052256
13 0.360766 0.256444 0.035697 0.059726
13 0.450258 0.257869 0.035697 0.059726
13 0.538995 0.258222 0.035693 0.059726
13 0.226277 0.258222 0.035697 0.059726
23 0.338167 0.261390 0.031716 0.052262
13 0.494500 0.257869 0.035697 0.059726
23 0.292778 0.262009 0.031712 0.052256
23 0.248261 0.262214 0.031712 0.052256
13 0.629734 0.255926 0.033199 0.057265
13 0.179758 0.257886 0.035697 0.059726
13 0.405763 0.258222 0.035693 0.059726
23 0.203600 0.263046 0.031712 0.052256
26 0.215747 0.160587 0.011785 0.029630
