23 0.265568 0.664385 0.038791 0.018342
13 0.267836 0.503675 0.025165 0.031134
13 0.274098 0.643182 0.038751 0.031128
13 0.274976 0.597496 0.038751 0.031128
13 0.266595 0.689584 0.026535 0.033083
3 0.195641 0.664746 0.031523 0.022974
33 0.159625 0.662943 0.039009 0.013544
26 0.259412 0.755097 0.026672 0.013715
26 0.257228 0.708801 0.026672 0.013715
13 0.273924 0.456766 0.038743 0.031128
13 0.268352 0.735994 0.026535 0.033083
13 0.160556 0.644279 0.027929 0.025516
22 0.143352 0.481105 0.014666 0.044934
13 0.196773 0.609219 0.028630 0.080239
13 0.276019 0.550339 0.038743 0.031128
26 0.259218 0.522194 0.025898 0.012342
23 0.265173 0.477761 0.038791 0.018348
23 0.263719 0.571783 0.038799 0.018348
23 0.264589 0.617664 0.038799 0.018348
