13 0.236131 0.287297 0.008593 0.070806
13 0.447721 0.284629 0.008593 0.070806
13 0.306313 0.285520 0.008593 0.070814
22 0.172607 0.164617 0.045556 0.033280
13 0.272373 0.285818 0.008587 0.070814
13 0.310775 0.174214 0.079339 0.020902
13 0.482915 0.285818 0.008587 0.070814
13 0.412108 0.285520 0.008593 0.070814
13 0.376704 0.286410 0.008587 0.070806
26 0.295732 0.287204 0.015886 0.058018
26 0.331345 0.287454 0.015886 0.058018
26 0.366262 0.287695 0.015886 0.058018
26 0.471704 0.288388 0.015886 0.058018
26 0.260556 0.176583 0.019060 0.036438
26 0.261513 0.287204 0.015892 0.058018
26 0.401943 0.287204 0.015886 0.058018
13 0.165969 0.285371 0.008587 0.070806
26 0.190285 0.285721 0.015886 0.058018
26 0.155111 0.286825 0.015886 0.058018
26 0.225026 0.287454 0.015886 0.058018
26 0.435883 0.288090 0.015892 0.058018
13 0.342345 0.286112 0.008587 0.070806
13 0.201353 0.285818 0.008587 0.070814
