26 0.799262 0.333384 0.006547 0.013199
26 0.862607 0.333211 0.007151 0.013884
13 0.782655 0.329508 0.012330 0.017857
13 0.338060 0.330121 0.012222 0.017857
22 0.293430 0.256934 0.028080 0.011112
13 0.393305 0.257760 0.009311 0.009879
13 0.560792 0.330330 0.012228 0.017857
13 0.401923 0.329710 0.012222 0.017857
13 0.435131 0.285532 0.045533 0.019750
13 0.655066 0.329299 0.012228 0.017857
13 0.369627 0.330125 0.012222 0.017865
13 0.497362 0.329710 0.012228 0.017857
13 0.877071 0.329710 0.012330 0.017857
13 0.432912 0.329093 0.012228 0.017865
3 0.399157 0.276737 0.011886 0.020919
26 0.354769 0.332756 0.006769 0.013860
26 0.386530 0.334295 0.006769 0.013860
26 0.417687 0.332240 0.006769 0.013860
26 0.400852 0.257534 0.006547 0.012683
26 0.290872 0.333046 0.006769 0.013860
26 0.322764 0.333441 0.006769 0.013860
26 0.449818 0.333610 0.006769 0.013860
26 0.703846 0.332788 0.006769 0.013860
26 0.671920 0.333956 0.006769 0.013860
26 0.640399 0.333272 0.006769 0.013860
26 0.608148 0.333610 0.006769 0.013860
26 0.576991 0.333272 0.006769 0.013860
26 0.544382 0.333610 0.006769 0.013860
26 0.512980 0.334126 0.006769 0.013860
13 0.687655 0.329710 0.012222 0.017857
13 0.465647 0.329710 0.012228 0.017857
13 0.750929 0.329299 0.012330 0.017857
13 0.528641 0.330121 0.012222 0.017857
26 0.481823 0.333441 0.006769 0.013860
13 0.306550 0.330177 0.012222 0.017857
13 0.814225 0.329710 0.012325 0.017857
13 0.592071 0.330121 0.012222 0.017857
13 0.717977 0.330330 0.010313 0.017857
13 0.623932 0.329504 0.012228 0.017865
26 0.734883 0.333135 0.006769 0.013860
26 0.767499 0.332272 0.006769 0.013860
