26 0.569886 0.205254 0.010302 0.020242
13 0.546350 0.090008 0.068781 0.030717
13 0.574419 0.039424 0.018855 0.024940
0 0.693667 0.227228 0.011516 0.016632
26 0.700821 0.207478 0.010302 0.020242
13 0.491752 0.199803 0.017977 0.025681
3 0.532516 0.059521 0.017282 0.029629
13 0.443459 0.199114 0.017983 0.025673
13 0.267097 0.208175 0.008872 0.034980
13 0.813991 0.149658 0.017635 0.024940
26 0.790729 0.165266 0.010302 0.020250
26 0.284162 0.206797 0.009897 0.021604
26 0.558006 0.049150 0.012399 0.015802
13 0.551772 0.208417 0.008034 0.034319
13 0.308336 0.199851 0.017983 0.025681
13 0.683268 0.209307 0.009601 0.034311
26 0.467410 0.205504 0.010296 0.020242
0 0.563154 0.226809 0.011516 0.016632
26 0.372880 0.206986 0.010296 0.020242
22 0.271313 0.121442 0.013271 0.016213
13 0.724427 0.200633 0.018154 0.024440
0 0.276818 0.226547 0.011493 0.016253
13 0.395624 0.200346 0.017983 0.025673
13 0.593322 0.199529 0.018154 0.024440
26 0.420447 0.205258 0.010296 0.020250
