13 0.364556 0.186511 0.020952 0.025512
13 0.710897 0.192220 0.021510 0.036189
13 0.561276 0.187309 0.020946 0.025512
26 0.436214 0.191450 0.009954 0.023207
26 0.637986 0.190725 0.010558 0.022047
26 0.734897 0.192679 0.010308 0.020975
26 0.489111 0.192434 0.009949 0.023207
26 0.583687 0.193215 0.009949 0.023207
23 0.688638 0.197659 0.017846 0.028791
26 0.537681 0.190725 0.009949 0.023207
26 0.388729 0.192192 0.009949 0.023207
26 0.341943 0.193175 0.009949 0.023207
26 0.512860 0.104351 0.009949 0.023207
13 0.660815 0.186454 0.019111 0.025512
13 0.757966 0.186454 0.019111 0.025512
13 0.609242 0.186035 0.020946 0.025512
13 0.412550 0.186035 0.020952 0.025512
13 0.513613 0.187736 0.020946 0.025512
13 0.535789 0.098860 0.021117 0.026309
13 0.459311 0.185608 0.020946 0.025512
22 0.381182 0.108102 0.085977 0.014932
