13 0.224625 0.611997 0.062853 0.024689
26 0.249678 0.539060 0.035552 0.016969
26 0.248554 0.784359 0.032820 0.017037
26 0.248985 0.478570 0.035552 0.016969
26 0.247869 0.737322 0.032820 0.017037
13 0.224331 0.709316 0.062844 0.024684
26 0.133191 0.709869 0.035552 0.016969
26 0.250665 0.590917 0.032820 0.017037
13 0.224625 0.560769 0.062853 0.024684
13 0.226539 0.442442 0.062844 0.024689
13 0.227244 0.500487 0.062853 0.024689
13 0.225790 0.660966 0.062844 0.024689
22 0.084678 0.790991 0.015125 0.056786
13 0.124162 0.669419 0.036930 0.053242
26 0.248284 0.420308 0.035552 0.016969
26 0.247168 0.688934 0.032820 0.017037
13 0.226370 0.758077 0.062844 0.024689
13 0.226950 0.806630 0.062844 0.024689
26 0.249271 0.641282 0.032820 0.017037
