13 0.952692 0.431769 0.019285 0.064286
26 0.291079 0.391429 0.006424 0.068299
13 0.529483 0.430578 0.019291 0.064286
13 0.874629 0.430578 0.019285 0.064286
26 0.252120 0.393759 0.006424 0.068333
13 0.303469 0.428197 0.019291 0.064286
13 0.836053 0.430578 0.019285 0.064286
13 0.263075 0.428197 0.019285 0.064286
13 0.490452 0.431769 0.019291 0.064286
13 0.743469 0.427007 0.019291 0.064286
13 0.186151 0.429388 0.019285 0.064286
13 0.797022 0.429388 0.019285 0.064286
13 0.913888 0.429388 0.019285 0.064286
26 0.212861 0.390646 0.006424 0.068299
13 0.689236 0.430578 0.019291 0.064286
13 0.438033 0.430578 0.019291 0.064286
26 0.174200 0.389099 0.006424 0.068333
26 0.135582 0.390476 0.006430 0.068299
13 0.385159 0.429388 0.019291 0.064286
26 0.081782 0.387772 0.006424 0.068333
13 0.039252 0.427517 0.019285 0.064286
13 0.146287 0.431939 0.019285 0.064286
13 0.122932 0.231156 0.020234 0.073197
0 0.079571 0.240068 0.005800 0.037415
26 0.028599 0.386173 0.006430 0.068333
26 0.108296 0.218112 0.006840 0.092211
13 0.570101 0.432942 0.019291 0.064320
22 0.032068 0.129762 0.027230 0.034626
13 0.608449 0.429388 0.019291 0.064286
13 0.093716 0.429966 0.019291 0.064286
13 0.224727 0.429388 0.019285 0.064286
26 0.426024 0.391429 0.006430 0.068299
26 0.479613 0.391429 0.006430 0.068299
26 0.518423 0.390646 0.006430 0.068299
26 0.557233 0.390646 0.006430 0.068299
26 0.371986 0.392976 0.006430 0.068333
13 0.646801 0.431769 0.019285 0.064286
13 0.342045 0.429388 0.019291 0.064286
26 0.596346 0.389099 0.006424 0.068333
26 0.634558 0.390646 0.006424 0.068299
26 0.330488 0.389099 0.006424 0.068333
26 0.678296 0.390646 0.006424 0.068299
26 0.733079 0.391429 0.006430 0.068299
26 0.785176 0.389881 0.006424 0.068333
26 0.824135 0.392211 0.006424 0.068299
26 0.863244 0.392211 0.006424 0.068299
26 0.902055 0.393759 0.006424 0.068333
26 0.941167 0.392976 0.006430 0.068333
