23 0.430084 0.459460 0.018973 0.114388
13 0.315623 0.480558 0.016600 0.063705
13 0.771183 0.483867 0.016600 0.063705
13 0.375809 0.483040 0.016600 0.063705
13 0.737329 0.483867 0.016600 0.063705
13 0.082740 0.251259 0.012690 0.056906
13 0.201052 0.483040 0.016600 0.063705
13 0.445669 0.481799 0.016594 0.063669
13 0.573783 0.483040 0.016594 0.063705
13 0.412995 0.479317 0.016600 0.063669
13 0.985349 0.481835 0.016600 0.063669
13 0.040697 0.479317 0.016600 0.063669
13 0.802889 0.483867 0.016600 0.063705
13 0.083686 0.483040 0.016600 0.063705
13 0.181276 0.483040 0.016600 0.063705
13 0.924826 0.485090 0.016600 0.063705
23 0.359150 0.463597 0.018973 0.114388
23 0.397126 0.462554 0.018973 0.114388
26 0.070620 0.227572 0.007341 0.097734
23 0.024309 0.465216 0.018966 0.114388
23 0.103873 0.460899 0.018966 0.114388
23 0.130442 0.460054 0.018966 0.114353
23 0.163733 0.461781 0.018973 0.114353
23 0.219857 0.463489 0.018966 0.114388
23 0.298674 0.461781 0.018966 0.114353
23 0.491398 0.460755 0.018973 0.114388
23 0.556544 0.461835 0.018966 0.114388
23 0.623842 0.461835 0.018966 0.114388
23 0.720946 0.459532 0.018966 0.114388
23 0.755280 0.461673 0.018966 0.114353
23 0.786874 0.461673 0.018966 0.114353
23 0.820162 0.462986 0.018966 0.114388
23 0.942662 0.462014 0.018973 0.114388
23 0.968531 0.459964 0.018966 0.114388
13 0.508219 0.481799 0.016600 0.063669
22 0.032659 0.187464 0.037323 0.036223
13 0.639882 0.481799 0.016600 0.063669
13 0.147528 0.481799 0.016600 0.063669
13 0.837463 0.481799 0.016594 0.063669
