26 0.218328 0.793234 0.034142 0.009145
13 0.139799 0.507781 0.028396 0.037009
13 0.247401 0.713786 0.028388 0.037009
13 0.247168 0.238034 0.028388 0.037014
13 0.247877 0.475855 0.028388 0.037009
13 0.246813 0.416778 0.028388 0.037009
26 0.219098 0.260960 0.034150 0.009145
26 0.220149 0.321695 0.034142 0.009145
26 0.216656 0.380701 0.034150 0.009140
26 0.215955 0.439952 0.034150 0.009145
26 0.217353 0.499453 0.034142 0.009140
26 0.218050 0.558952 0.034150 0.009140
26 0.218747 0.617963 0.034142 0.009145
26 0.218747 0.678202 0.034142 0.009145
26 0.218034 0.736647 0.034150 0.009145
22 0.107542 0.774536 0.017035 0.055168
13 0.247522 0.594009 0.028388 0.037009
13 0.247522 0.770695 0.028388 0.037014
13 0.247168 0.536439 0.028388 0.037014
13 0.247522 0.296863 0.028388 0.037009
13 0.247522 0.653590 0.028388 0.037014
13 0.247168 0.356943 0.028388 0.037009
26 0.132679 0.533302 0.042635 0.011003
