13 0.837741 0.421773 0.030376 0.030862
13 0.720336 0.422127 0.030382 0.030862
13 0.600718 0.421096 0.030382 0.030862
13 0.298897 0.421048 0.035789 0.030862
26 0.323735 0.383259 0.011698 0.022716
13 0.897573 0.421064 0.030382 0.030862
26 0.382567 0.385234 0.011698 0.022716
13 0.537781 0.421096 0.035789 0.030862
13 0.477376 0.422329 0.035789 0.030862
23 0.622151 0.389662 0.017578 0.030669
22 0.382000 0.256249 0.020741 0.018670
13 0.418339 0.421668 0.035789 0.030862
26 0.560920 0.385290 0.011698 0.022716
26 0.502048 0.385584 0.011698 0.022707
13 0.660256 0.422127 0.030382 0.030862
13 0.360003 0.422695 0.035789 0.030854
26 0.442972 0.385479 0.011698 0.022707
13 0.267313 0.278948 0.037681 0.020572
13 0.778915 0.422127 0.030376 0.030862
23 0.681912 0.389271 0.017578 0.030661
23 0.741410 0.389565 0.017578 0.030669
23 0.801325 0.388977 0.017578 0.030669
23 0.860821 0.390459 0.017584 0.030669
26 0.291003 0.274017 0.010302 0.022957
23 0.920316 0.389271 0.017578 0.030661
26 0.264467 0.384742 0.011692 0.022716
13 0.239980 0.421878 0.035789 0.030862
