13 0.546584 0.208977 0.035698 0.067897
26 0.505915 0.201543 0.013094 0.025923
26 0.564399 0.201052 0.013094 0.025923
26 0.625154 0.203026 0.013088 0.025923
26 0.684336 0.201543 0.013094 0.025923
26 0.745088 0.200068 0.013094 0.025923
26 0.802006 0.201551 0.013094 0.025923
13 0.784909 0.210753 0.035698 0.067905
13 0.486504 0.208263 0.035698 0.067905
13 0.429934 0.209690 0.035698 0.067905
13 0.721302 0.208618 0.035698 0.067905
13 0.308259 0.210044 0.035698 0.067905
13 0.367838 0.207554 0.035698 0.067905
27 0.627425 0.245246 0.013447 0.017776
22 0.262083 0.128779 0.110114 0.017494
13 0.473573 0.075572 0.033687 0.032707
27 0.567718 0.244996 0.013442 0.017776
13 0.605661 0.207909 0.035698 0.067905
13 0.664989 0.208973 0.035698 0.067905
27 0.391063 0.244198 0.013442 0.017776
13 0.189849 0.209496 0.035698 0.067905
27 0.686162 0.244762 0.013442 0.017776
27 0.508732 0.244198 0.013442 0.017776
13 0.249934 0.210399 0.035698 0.067905
33 0.508305 0.084210 0.024724 0.026664
26 0.210507 0.202147 0.013094 0.025923
26 0.269362 0.202534 0.013094 0.025923
26 0.326798 0.201301 0.013094 0.025923
26 0.387903 0.202784 0.013094 0.025923
26 0.447954 0.201052 0.013094 0.025923
