13 0.302234 0.209420 0.028912 0.129766
13 0.352915 0.209420 0.028906 0.129766
13 0.243407 0.210701 0.028912 0.129766
13 0.570430 0.208139 0.027117 0.132313
26 0.688507 0.163151 0.012821 0.027413
13 0.512199 0.208993 0.028912 0.129766
22 0.478707 0.091394 0.278370 0.015552
13 0.405709 0.209420 0.028912 0.129766
26 0.420325 0.165778 0.012821 0.027413
26 0.636217 0.164923 0.012821 0.027413
26 0.583929 0.158175 0.012826 0.038751
13 0.623519 0.209847 0.027117 0.132313
13 0.459707 0.210274 0.028906 0.129766
26 0.314137 0.163650 0.012821 0.027413
13 0.675103 0.209851 0.027117 0.132321
26 0.364815 0.163650 0.012821 0.027413
26 0.525353 0.164553 0.012826 0.027413
26 0.473066 0.158175 0.012821 0.038751
26 0.261268 0.184827 0.013829 0.089589
