13 0.240821 0.207635 0.025561 0.139541
13 0.512493 0.202816 0.025954 0.142200
13 0.460160 0.203348 0.025949 0.142200
23 0.833473 0.169303 0.022205 0.035850
23 0.786544 0.170782 0.022205 0.035842
23 0.734801 0.170189 0.022205 0.035850
23 0.687456 0.171672 0.022205 0.035850
13 0.618832 0.204243 0.025949 0.142200
23 0.638433 0.168707 0.022211 0.035850
23 0.585011 0.168409 0.022205 0.035850
23 0.532009 0.169891 0.022205 0.035850
23 0.480054 0.169303 0.022205 0.035850
23 0.424957 0.168707 0.022211 0.035850
23 0.371114 0.168114 0.022205 0.035842
23 0.319006 0.168344 0.022205 0.035850
26 0.260274 0.179851 0.013573 0.083618
13 0.405903 0.203646 0.025949 0.142200
13 0.716877 0.202816 0.025949 0.142200
13 0.352900 0.203646 0.025949 0.142200
13 0.668359 0.203171 0.025949 0.142200
22 0.379325 0.086579 0.072974 0.014819
13 0.299675 0.204081 0.025949 0.142200
13 0.565285 0.203529 0.025954 0.142192
13 0.815672 0.203880 0.025954 0.142200
13 0.767154 0.203171 0.025954 0.142200
