13 0.377487 0.349041 0.016593 0.028799
13 0.241983 0.349041 0.016593 0.028799
23 0.282815 0.227623 0.038929 0.031845
13 0.628877 0.352599 0.016593 0.028791
13 0.708570 0.349400 0.016593 0.028791
13 0.207544 0.351172 0.016593 0.028791
13 0.410165 0.349396 0.016593 0.028799
13 0.591926 0.351886 0.016593 0.028799
13 0.344553 0.349750 0.016593 0.028799
13 0.479803 0.349041 0.016587 0.028799
13 0.279943 0.349396 0.016593 0.028799
13 0.555470 0.348687 0.016593 0.028799
13 0.514496 0.349750 0.016593 0.028799
13 0.673627 0.350822 0.016587 0.028799
13 0.247140 0.191543 0.048011 0.032707
13 0.173607 0.347083 0.016593 0.028799
13 0.443350 0.349750 0.016593 0.028799
26 0.694692 0.302514 0.011368 0.062450
13 0.311368 0.349396 0.016593 0.028799
26 0.661003 0.300737 0.011362 0.062458
26 0.613490 0.301096 0.011368 0.062450
26 0.577291 0.301805 0.011368 0.062450
26 0.544607 0.301805 0.011368 0.062450
22 0.175618 0.147280 0.052798 0.014577
26 0.500863 0.301450 0.011368 0.062450
26 0.466174 0.301450 0.011368 0.062450
26 0.432738 0.302160 0.011368 0.062450
26 0.400054 0.301096 0.011368 0.062450
26 0.365615 0.302707 0.011368 0.062450
26 0.332271 0.299742 0.011368 0.062450
26 0.297530 0.298509 0.011368 0.062450
26 0.264185 0.300729 0.011368 0.062458
26 0.228920 0.300975 0.011368 0.062450
26 0.194527 0.302949 0.011368 0.062450
26 0.160584 0.300846 0.011368 0.062450
