26 0.497764 0.331322 0.014832 0.030572
23 0.626729 0.372913 0.032433 0.057945
13 0.485801 0.317345 0.030587 0.039702
13 0.604376 0.323868 0.026405 0.054504
13 0.182877 0.315266 0.030587 0.039702
13 0.181752 0.159230 0.021373 0.032353
13 0.367020 0.317051 0.030587 0.039694
0 0.259311 0.366994 0.007806 0.022450
13 0.426724 0.316757 0.030587 0.039702
26 0.378972 0.328844 0.014832 0.030580
26 0.439692 0.330258 0.014838 0.030572
23 0.566513 0.373106 0.032433 0.057945
26 0.273199 0.363719 0.015083 0.033771
26 0.197370 0.328747 0.015083 0.033771
33 0.196954 0.158985 0.012986 0.032587
13 0.543835 0.323272 0.026405 0.054504
13 0.261222 0.317345 0.030581 0.039702
