26 0.195405 0.512998 0.022843 0.025302
22 0.316943 0.120488 0.015276 0.013787
13 0.246758 0.367019 0.032661 0.015987
13 0.246752 0.299029 0.031396 0.012740
13 0.172379 0.511301 0.024724 0.024295
3 0.300413 0.253707 0.015538 0.023207
13 0.302467 0.292075 0.026473 0.034158
13 0.303305 0.426878 0.026473 0.034158
13 0.302467 0.155359 0.026473 0.034150
3 0.300590 0.320089 0.015538 0.023207
13 0.302259 0.357252 0.026467 0.034150
13 0.303476 0.224690 0.026473 0.034150
13 0.416353 0.552760 0.142997 0.057849
13 0.246735 0.162969 0.031396 0.012740
26 0.243695 0.178880 0.022262 0.014198
26 0.245997 0.245536 0.022262 0.014198
26 0.245789 0.313977 0.022256 0.014190
26 0.244322 0.378856 0.022262 0.014198
26 0.246177 0.448191 0.022256 0.014190
3 0.300590 0.388348 0.015538 0.023207
3 0.300852 0.185310 0.015538 0.023207
13 0.248194 0.231072 0.031396 0.012748
13 0.246746 0.431894 0.032661 0.015987
3 0.300339 0.455181 0.015538 0.023207
