13 0.510375 0.276000 0.025391 0.088889
33 0.176452 0.085060 0.011100 0.029630
26 0.227147 0.267573 0.017389 0.084171
26 0.287371 0.269647 0.017385 0.084171
26 0.346656 0.268165 0.017389 0.084171
23 0.408918 0.272775 0.023461 0.091840
23 0.468207 0.274251 0.023465 0.091840
23 0.528539 0.274544 0.023461 0.091846
22 0.097121 0.181228 0.036660 0.025476
13 0.332268 0.265923 0.025391 0.108792
13 0.391342 0.274815 0.025391 0.088889
13 0.272188 0.265923 0.025391 0.108792
13 0.211986 0.265920 0.025391 0.108786
13 0.156571 0.107812 0.027446 0.111100
13 0.450921 0.275521 0.025387 0.088889
3 0.185461 0.121353 0.026185 0.027550
13 0.240681 0.121293 0.070387 0.030815
