23 0.386386 0.401100 0.042941 0.043202
13 0.659384 0.382519 0.019106 0.050507
13 0.577933 0.388040 0.019106 0.082131
22 0.819053 0.244097 0.030580 0.014519
13 0.416547 0.388749 0.019106 0.082137
23 0.303122 0.402943 0.042941 0.043208
33 0.501265 0.275920 0.027929 0.026667
23 0.545596 0.401348 0.042941 0.043208
26 0.626156 0.393066 0.017937 0.023829
13 0.495983 0.387328 0.019106 0.082131
13 0.336088 0.388222 0.019106 0.082131
13 0.446454 0.281869 0.065157 0.017493
23 0.465641 0.403570 0.042949 0.043208
