26 0.361553 0.229259 0.013407 0.024593
13 0.342305 0.215391 0.010262 0.032554
13 0.351091 0.123356 0.032678 0.031289
26 0.401177 0.230064 0.013385 0.023046
13 0.302350 0.216358 0.010262 0.035294
26 0.520778 0.230584 0.013385 0.023038
22 0.315393 0.162639 0.064860 0.027373
13 0.501838 0.217764 0.008177 0.029903
26 0.560584 0.229992 0.013385 0.023046
13 0.381689 0.215834 0.010262 0.035214
26 0.481393 0.229992 0.013385 0.023046
13 0.466538 0.223259 0.017179 0.051547
26 0.322174 0.229694 0.013385 0.023046
26 0.377057 0.126160 0.018433 0.032885
26 0.282795 0.231471 0.013407 0.024585
13 0.540698 0.218215 0.008177 0.029903
13 0.580501 0.215552 0.008171 0.029895
13 0.425473 0.226503 0.017179 0.051555
23 0.444464 0.228521 0.017738 0.039492
