26 0.334762 0.562886 0.024786 0.009704
26 0.334617 0.701211 0.024786 0.009704
13 0.333417 0.186470 0.021418 0.024291
13 0.333417 0.155262 0.021418 0.024291
13 0.332687 0.575487 0.021410 0.024285
13 0.332687 0.090459 0.021410 0.024291
13 0.333417 0.506222 0.021418 0.024285
13 0.232353 0.674291 0.010508 0.023293
33 0.246761 0.697365 0.035568 0.010000
26 0.334222 0.832980 0.024786 0.011738
26 0.335101 0.801852 0.024786 0.011738
26 0.333163 0.765516 0.024795 0.009709
26 0.333892 0.733274 0.024786 0.009704
13 0.332566 0.813236 0.021410 0.024285
13 0.333417 0.280593 0.021418 0.024285
13 0.332450 0.714362 0.021418 0.024291
26 0.334472 0.664111 0.024786 0.009704
26 0.335637 0.632014 0.024795 0.009704
26 0.333602 0.597655 0.024786 0.009704
13 0.333175 0.058567 0.021418 0.024291
13 0.333175 0.644410 0.021418 0.024285
26 0.335633 0.527496 0.024786 0.009704
13 0.331962 0.678872 0.021410 0.024285
26 0.335052 0.493142 0.024786 0.009704
26 0.335342 0.460840 0.024786 0.009704
26 0.334182 0.428123 0.024786 0.009704
13 0.332687 0.610464 0.021410 0.024291
26 0.334762 0.396236 0.024786 0.009704
26 0.334472 0.362083 0.024786 0.009704
13 0.332933 0.310940 0.021418 0.024285
13 0.333658 0.440900 0.021418 0.024285
26 0.334762 0.331222 0.024786 0.009704
22 0.232631 0.578536 0.011918 0.040718
26 0.334182 0.298715 0.024786 0.009704
13 0.332200 0.408840 0.021418 0.024291
13 0.332973 0.747510 0.021418 0.024285
26 0.332732 0.267439 0.024786 0.009704
13 0.333175 0.125946 0.021418 0.024291
13 0.333417 0.374721 0.021418 0.024291
26 0.333892 0.236373 0.024786 0.009704
26 0.333892 0.206749 0.024786 0.009704
26 0.335060 0.175063 0.024786 0.009704
26 0.333312 0.145028 0.024786 0.009704
26 0.333022 0.113752 0.024786 0.009704
26 0.333598 0.079399 0.024795 0.009704
26 0.333892 0.043598 0.024786 0.009704
13 0.332369 0.781370 0.021418 0.024291
13 0.333417 0.541197 0.021418 0.024285
13 0.333175 0.343860 0.021418 0.024291
13 0.333658 0.247846 0.021418 0.024285
13 0.332933 0.216128 0.021418 0.024291
13 0.334142 0.473131 0.021418 0.024291
