13 0.242385 0.318972 0.034214 0.036291
26 0.240641 0.399584 0.040766 0.016046
26 0.239174 0.451934 0.040153 0.016667
13 0.242031 0.368595 0.034214 0.036291
13 0.241684 0.547593 0.034214 0.036291
26 0.240060 0.512943 0.040153 0.016667
13 0.176732 0.691900 0.014658 0.073328
13 0.238892 0.481427 0.034222 0.036291
26 0.245588 0.580219 0.040153 0.016667
13 0.243779 0.614254 0.034214 0.036291
26 0.240697 0.643222 0.040766 0.016051
27 0.180874 0.586194 0.032675 0.085322
26 0.241277 0.693835 0.040766 0.016046
26 0.241277 0.753085 0.040766 0.016051
33 0.111442 0.550729 0.050620 0.013333
26 0.124500 0.600034 0.032820 0.014815
13 0.242377 0.664863 0.034214 0.036291
22 0.091575 0.375835 0.018155 0.058758
13 0.243082 0.251575 0.034222 0.036291
13 0.241684 0.422422 0.034214 0.036296
13 0.130149 0.575832 0.035205 0.032917
13 0.099077 0.525342 0.034045 0.017897
26 0.238606 0.281684 0.040757 0.016051
13 0.242023 0.722761 0.034214 0.036291
26 0.240931 0.347940 0.040766 0.016051
