26 0.294330 0.307957 0.015191 0.038268
26 0.864858 0.306966 0.015185 0.038268
13 0.555402 0.301825 0.036034 0.030516
26 0.807946 0.307957 0.015185 0.038268
13 0.614479 0.301825 0.036034 0.030516
26 0.351242 0.309190 0.015191 0.038268
26 0.750333 0.308449 0.015185 0.038268
13 0.328519 0.301527 0.036034 0.030516
13 0.213504 0.300778 0.036034 0.030516
13 0.523977 0.143018 0.043783 0.039702
13 0.785430 0.301825 0.036034 0.030516
26 0.463846 0.307707 0.015191 0.038268
13 0.498937 0.302526 0.036028 0.030516
3 0.564886 0.205850 0.031425 0.059742
13 0.728236 0.303308 0.036028 0.030516
26 0.408157 0.308449 0.015185 0.038268
13 0.270490 0.302123 0.036034 0.030516
13 0.842624 0.302115 0.036028 0.030516
26 0.692547 0.307216 0.015191 0.038268
26 0.554672 0.148078 0.016934 0.038509
22 0.260661 0.121962 0.125744 0.025375
13 0.671672 0.301229 0.036028 0.030516
13 0.609137 0.201378 0.052370 0.040290
26 0.636507 0.307216 0.015191 0.038268
26 0.523205 0.308207 0.015185 0.038268
13 0.442276 0.303010 0.036028 0.030516
26 0.236638 0.306853 0.015191 0.038268
26 0.580117 0.307466 0.015185 0.038268
13 0.385712 0.302712 0.036028 0.030516
