26 0.594439 0.308151 0.015191 0.038268
26 0.557071 0.163606 0.015191 0.038268
13 0.340319 0.302800 0.036034 0.030516
22 0.348293 0.120979 0.078684 0.023473
26 0.363647 0.307659 0.015191 0.038268
13 0.628721 0.301946 0.036028 0.030516
13 0.572308 0.302800 0.036034 0.030516
13 0.400051 0.303227 0.036034 0.030516
26 0.481137 0.307909 0.015185 0.038268
26 0.422655 0.308151 0.015191 0.038268
26 0.652749 0.308151 0.015185 0.038268
13 0.514989 0.302800 0.036028 0.030516
13 0.527202 0.157546 0.044171 0.036076
26 0.709137 0.308400 0.015185 0.038268
13 0.685738 0.301519 0.036034 0.030516
26 0.537527 0.308892 0.015191 0.038268
13 0.456766 0.303227 0.036028 0.030516
