13 0.410177 0.173755 0.026189 0.042017
23 0.437554 0.502174 0.072530 0.034068
13 0.410173 0.233624 0.026180 0.042017
13 0.409887 0.348838 0.026189 0.042017
13 0.410467 0.591610 0.026189 0.042023
13 0.411048 0.531744 0.026189 0.042017
13 0.410757 0.650866 0.026189 0.042017
23 0.437977 0.560595 0.072522 0.034068
13 0.411483 0.766980 0.026189 0.048182
13 0.410024 0.710330 0.026189 0.042017
26 0.287385 0.839815 0.045681 0.025510
13 0.410467 0.292672 0.026189 0.042017
22 0.339927 0.731125 0.015761 0.141111
13 0.410757 0.409630 0.026189 0.049231
23 0.437554 0.323225 0.072530 0.034074
23 0.438396 0.205313 0.072522 0.034068
23 0.436970 0.622456 0.072522 0.034074
23 0.439988 0.382829 0.068082 0.032507
13 0.411338 0.471872 0.026189 0.042023
23 0.437554 0.265157 0.072530 0.034074
23 0.440282 0.145319 0.072522 0.034068
23 0.441152 0.742293 0.068090 0.032507
23 0.440073 0.442031 0.072522 0.034068
13 0.294686 0.755607 0.027647 0.083738
23 0.437977 0.681473 0.072522 0.034068
