13 0.916793 0.499912 0.032960 0.043575
13 0.725141 0.498451 0.032960 0.043558
13 0.152763 0.499912 0.032960 0.043575
13 0.105513 0.499053 0.032954 0.043558
13 0.678971 0.498451 0.032960 0.043558
26 0.463933 0.515602 0.012985 0.061646
26 0.512425 0.513416 0.012985 0.061628
26 0.560404 0.511230 0.012985 0.061646
26 0.608382 0.514150 0.012985 0.061646
26 0.654553 0.511230 0.012985 0.061646
13 0.201255 0.500637 0.032960 0.043575
13 0.439083 0.499186 0.032960 0.043575
13 0.087547 0.302788 0.038511 0.047628
13 0.248457 0.501363 0.032960 0.043575
26 0.702788 0.514876 0.012985 0.061646
13 0.583270 0.501363 0.032960 0.043575
13 0.344415 0.499912 0.032960 0.043575
13 0.295923 0.500637 0.032960 0.043575
26 0.082882 0.514920 0.012985 0.061628
26 0.130153 0.514150 0.012985 0.061646
26 0.750510 0.513416 0.012985 0.061628
26 0.798486 0.510504 0.012991 0.061646
22 0.086830 0.386637 0.031708 0.022796
13 0.535810 0.500637 0.032960 0.043575
26 0.177872 0.513416 0.012991 0.061628
26 0.846205 0.514876 0.012985 0.061646
26 0.893670 0.511956 0.012985 0.061646
13 0.392907 0.499912 0.032960 0.043575
26 0.940097 0.513416 0.012985 0.061628
26 0.041176 0.302354 0.022353 0.066301
26 0.226108 0.511956 0.012991 0.061646
26 0.272538 0.511230 0.012985 0.061646
13 0.965028 0.499912 0.032960 0.043575
13 0.630476 0.500637 0.032954 0.043575
13 0.487319 0.499186 0.032960 0.043575
26 0.321549 0.512690 0.012985 0.061628
13 0.867268 0.499912 0.032960 0.043575
26 0.368495 0.510504 0.012985 0.061646
13 0.820066 0.499912 0.032960 0.043575
26 0.416987 0.514876 0.012985 0.061646
13 0.773120 0.499186 0.032960 0.043575
