13 0.586932 0.743747 0.018912 0.009259
26 0.550080 0.745697 0.020365 0.029009
22 0.405558 0.805643 0.088256 0.018860
13 0.528499 0.743576 0.018912 0.009255
13 0.408231 0.743576 0.018912 0.009255
26 0.607692 0.747139 0.020365 0.029009
13 0.463516 0.743576 0.018917 0.009255
26 0.371148 0.748268 0.020370 0.029009
26 0.510795 0.797748 0.020370 0.029009
26 0.428746 0.746726 0.020365 0.029013
13 0.643670 0.743747 0.018917 0.009259
26 0.663556 0.747550 0.020365 0.029009
13 0.492120 0.800155 0.019886 0.008916
26 0.485194 0.745697 0.020370 0.029009
13 0.350031 0.743405 0.018912 0.009259
