13 0.158037 0.521519 0.030810 0.050409
26 0.767670 0.537489 0.011608 0.055841
26 0.731847 0.534407 0.011608 0.055841
26 0.695484 0.538718 0.011608 0.055841
26 0.657148 0.536864 0.011608 0.055841
13 0.641862 0.522748 0.030810 0.050409
13 0.344149 0.522134 0.030810 0.050388
13 0.306171 0.524591 0.030810 0.050388
13 0.902315 0.522134 0.030810 0.050388
13 0.604067 0.522748 0.030810 0.050409
22 0.087155 0.412317 0.050452 0.024591
13 0.381944 0.521519 0.030810 0.050409
26 0.620606 0.536864 0.011614 0.055841
26 0.580660 0.537489 0.011608 0.055841
26 0.543938 0.533782 0.011608 0.055841
26 0.507933 0.534407 0.011608 0.055841
26 0.470138 0.535636 0.011608 0.055841
26 0.433059 0.533782 0.011608 0.055841
26 0.395264 0.535636 0.011608 0.055841
26 0.359259 0.535636 0.011608 0.055841
26 0.321281 0.535636 0.011608 0.055841
26 0.283844 0.537489 0.011608 0.055841
26 0.247663 0.538093 0.011608 0.055841
26 0.211118 0.538718 0.011608 0.055841
13 0.492290 0.523976 0.030810 0.050409
13 0.122032 0.523362 0.030810 0.050388
26 0.172786 0.539321 0.011614 0.055841
26 0.135603 0.536907 0.011608 0.055841
26 0.099008 0.534946 0.011608 0.055841
26 0.038254 0.334677 0.018216 0.066595
13 0.530443 0.523976 0.030810 0.050409
13 0.752918 0.523976 0.030810 0.050409
13 0.938320 0.521519 0.030810 0.050409
13 0.091300 0.329483 0.056068 0.047328
13 0.232911 0.524591 0.030810 0.050388
13 0.865236 0.523362 0.030810 0.050388
13 0.789639 0.522748 0.030810 0.050409
13 0.195116 0.522748 0.030810 0.050409
13 0.716379 0.524591 0.030810 0.050388
13 0.455028 0.524591 0.030810 0.050388
13 0.827440 0.522748 0.030810 0.050409
13 0.566806 0.524591 0.030810 0.050388
13 0.418307 0.525819 0.030810 0.050388
13 0.269450 0.523976 0.030810 0.050409
26 0.955220 0.534407 0.011608 0.055841
26 0.916168 0.538718 0.011608 0.055841
13 0.083866 0.520323 0.030810 0.050388
26 0.878907 0.535636 0.011608 0.055841
26 0.841652 0.534407 0.011608 0.055841
13 0.678401 0.523362 0.030810 0.050388
26 0.803854 0.534407 0.011614 0.055841
