23 0.656731 0.453509 0.015376 0.083209
13 0.232152 0.478468 0.022929 0.062940
23 0.832649 0.453509 0.015382 0.083209
23 0.788799 0.453509 0.015376 0.083209
23 0.037206 0.454234 0.015376 0.083209
13 0.321355 0.475694 0.022929 0.062940
23 0.744175 0.456014 0.015376 0.083209
13 0.542543 0.477764 0.022929 0.062940
13 0.100601 0.475466 0.022922 0.062940
13 0.675389 0.477081 0.022929 0.062940
23 0.700838 0.454337 0.015382 0.083209
23 0.125947 0.452516 0.015376 0.083209
13 0.985350 0.475694 0.022929 0.062940
13 0.719666 0.475694 0.022929 0.062940
13 0.278796 0.475694 0.022922 0.062940
13 0.365639 0.476377 0.022929 0.062940
33 0.037874 0.288209 0.008658 0.043789
13 0.048651 0.305404 0.013616 0.039834
23 0.567482 0.455186 0.015376 0.083209
13 0.851863 0.477081 0.022929 0.062940
13 0.940424 0.477081 0.022929 0.062940
27 0.925022 0.564317 0.007592 0.042505
13 0.145742 0.477184 0.022929 0.062940
22 0.102746 0.179524 0.012903 0.022526
13 0.409917 0.474990 0.022929 0.062940
13 0.807797 0.477764 0.022929 0.062940
23 0.302572 0.455186 0.015382 0.083209
13 0.498908 0.476377 0.022929 0.062940
13 0.454200 0.474990 0.022929 0.062940
23 0.611590 0.452681 0.015382 0.083209
13 0.587039 0.477081 0.022929 0.062940
23 0.390273 0.456843 0.015382 0.083209
23 0.435414 0.453509 0.015376 0.083209
23 0.213841 0.451853 0.015376 0.083209
23 0.346680 0.453509 0.015376 0.083209
13 0.896358 0.477764 0.022929 0.062940
13 0.631105 0.477764 0.022929 0.062940
13 0.056532 0.477474 0.022929 0.062940
13 0.764162 0.477081 0.022929 0.062940
23 0.479004 0.451025 0.015376 0.083209
23 0.258205 0.453509 0.015382 0.083209
23 0.523629 0.454337 0.015376 0.083209
23 0.966005 0.453509 0.015376 0.083209
23 0.082209 0.454917 0.015376 0.083209
13 0.189987 0.474306 0.022929 0.062940
23 0.876757 0.455186 0.015376 0.083209
23 0.920607 0.453509 0.015382 0.083209
23 0.169213 0.451025 0.015382 0.083209
