13 0.473282 0.217466 0.021128 0.030612
13 0.628308 0.217466 0.021128 0.030612
26 0.459949 0.201656 0.008900 0.046906
26 0.614450 0.201898 0.008900 0.046906
13 0.902048 0.217216 0.021123 0.030612
26 0.507433 0.200915 0.008906 0.046906
26 0.411416 0.200173 0.008906 0.046906
23 0.555387 0.206587 0.015709 0.060475
26 0.376325 0.200669 0.008900 0.046914
13 0.854390 0.217707 0.021123 0.030612
13 0.711234 0.217466 0.021123 0.030612
26 0.316701 0.201156 0.008900 0.046906
33 0.315219 0.107091 0.013618 0.064190
13 0.805855 0.217216 0.021123 0.030612
13 0.568778 0.217957 0.021123 0.030612
26 0.935154 0.201753 0.008906 0.046906
13 0.390182 0.218948 0.021128 0.030612
13 0.758368 0.217712 0.021123 0.030620
26 0.887843 0.201156 0.008906 0.046906
13 0.949011 0.217216 0.021123 0.030612
13 0.520943 0.217466 0.021123 0.030612
26 0.840009 0.200419 0.008906 0.046914
13 0.663399 0.217466 0.021123 0.030612
22 0.241966 0.097591 0.045390 0.029380
13 0.425274 0.216974 0.021123 0.030612
26 0.792521 0.201406 0.008906 0.046906
26 0.745037 0.201156 0.008900 0.046906
13 0.330040 0.216467 0.021128 0.030612
13 0.295735 0.112772 0.023390 0.024690
26 0.697900 0.200911 0.008906 0.046914
26 0.650239 0.201898 0.008900 0.046906
