13 0.510650 0.267329 0.031772 0.042216
22 0.198396 0.034263 0.022877 0.016358
13 0.630063 0.269102 0.031772 0.042216
33 0.313123 0.156769 0.017288 0.058517
13 0.289362 0.151265 0.030724 0.027897
13 0.570231 0.269102 0.031778 0.042216
26 0.233496 0.260145 0.015014 0.035068
13 0.331658 0.269106 0.031772 0.042224
13 0.213071 0.268038 0.031772 0.042216
13 0.271322 0.270528 0.031772 0.042216
13 0.391487 0.269819 0.031772 0.042216
26 0.589413 0.259923 0.013573 0.034835
26 0.531091 0.258485 0.013578 0.034843
26 0.649245 0.259210 0.015014 0.035068
26 0.470254 0.260637 0.015014 0.035068
26 0.411929 0.258147 0.015014 0.035068
26 0.352726 0.258155 0.015014 0.035068
26 0.291974 0.256676 0.015014 0.035060
13 0.450063 0.269106 0.031772 0.042224
