23 0.887883 0.253453 0.023379 0.067550
13 0.857923 0.268179 0.039219 0.040532
23 0.589889 0.252252 0.023379 0.067550
13 0.264630 0.268175 0.039219 0.040524
23 0.471575 0.253396 0.023379 0.067550
23 0.829114 0.252256 0.023379 0.067542
13 0.620604 0.268533 0.039214 0.040532
23 0.292741 0.252933 0.023385 0.067542
23 0.651131 0.252937 0.023379 0.067550
23 0.352667 0.252329 0.023385 0.067542
23 0.709051 0.253453 0.023379 0.067550
13 0.560020 0.268533 0.039219 0.040532
23 0.409986 0.252329 0.023379 0.067542
23 0.768783 0.251918 0.023379 0.067542
23 0.948339 0.251918 0.023379 0.067542
13 0.918510 0.268179 0.039219 0.040532
13 0.799097 0.267824 0.039219 0.040532
13 0.322197 0.267820 0.039219 0.040524
13 0.203296 0.268550 0.039219 0.040532
13 0.293171 0.150693 0.030422 0.024529
23 0.233387 0.253050 0.023379 0.067550
22 0.198897 0.034976 0.023379 0.014222
13 0.679684 0.267466 0.039219 0.040524
13 0.501444 0.267824 0.039219 0.040532
33 0.312949 0.157627 0.017282 0.058509
23 0.532271 0.251825 0.023379 0.067550
13 0.439849 0.267466 0.039219 0.040524
13 0.382533 0.267820 0.039219 0.040524
13 0.738761 0.267466 0.039219 0.040524
