13 0.602728 0.863755 0.039508 0.026222
13 0.545149 0.867105 0.029089 0.035487
13 0.603074 0.387516 0.040959 0.026541
13 0.544629 0.484997 0.026535 0.036296
13 0.602583 0.671151 0.040959 0.026541
13 0.603662 0.482775 0.040959 0.026541
3 0.598457 0.537490 0.045391 0.022650
3 0.598457 0.634664 0.045391 0.022650
13 0.661386 0.391726 0.027107 0.042006
13 0.545322 0.772014 0.026535 0.036291
3 0.597861 0.824003 0.045391 0.022650
22 0.396346 0.360083 0.017462 0.019755
13 0.659936 0.868399 0.027107 0.042006
3 0.599291 0.346994 0.045383 0.022650
13 0.661096 0.581422 0.027107 0.042011
13 0.543928 0.390439 0.026535 0.036296
13 0.660806 0.677293 0.027107 0.042006
23 0.541273 0.350396 0.029750 0.025772
23 0.650407 0.350550 0.029742 0.025772
23 0.648312 0.446538 0.029742 0.025772
23 0.538541 0.446242 0.029750 0.025772
23 0.540641 0.541339 0.029742 0.025778
23 0.648735 0.540746 0.029750 0.025778
23 0.540218 0.635852 0.029750 0.025778
23 0.648735 0.636741 0.029750 0.025778
23 0.647897 0.733322 0.029750 0.025778
3 0.599029 0.727923 0.045391 0.022650
23 0.539799 0.730952 0.029750 0.025778
23 0.541060 0.826350 0.029742 0.025772
13 0.603630 0.770154 0.040959 0.026541
23 0.649154 0.828425 0.029750 0.025772
13 0.543574 0.677322 0.026535 0.036296
13 0.660512 0.772553 0.027115 0.042006
13 0.544976 0.581778 0.026535 0.036296
13 0.602929 0.576097 0.040959 0.026541
3 0.599291 0.442983 0.045383 0.022650
13 0.660516 0.487809 0.027107 0.042011
