23 0.265902 0.330259 0.032369 0.013670
26 0.265089 0.490655 0.025665 0.012000
13 0.290137 0.310937 0.027478 0.025134
13 0.286297 0.783276 0.019396 0.024000
26 0.263876 0.450877 0.025657 0.012000
26 0.264601 0.412989 0.025657 0.012006
13 0.290129 0.352789 0.027478 0.025134
26 0.264118 0.294513 0.025657 0.012000
22 0.199617 0.841499 0.008888 0.032433
3 0.205810 0.630906 0.035600 0.019214
13 0.286088 0.549963 0.019396 0.024006
13 0.285085 0.823137 0.019404 0.024006
13 0.285894 0.432091 0.019396 0.024000
26 0.264134 0.840926 0.025657 0.012006
13 0.285290 0.394088 0.019396 0.024006
13 0.285093 0.279140 0.019017 0.022120
13 0.285282 0.511387 0.019396 0.024006
13 0.285483 0.471382 0.019396 0.024006
26 0.263876 0.528718 0.025657 0.012000
13 0.285894 0.745131 0.019396 0.024006
13 0.286499 0.706268 0.019396 0.024000
13 0.285685 0.665977 0.019396 0.024000
13 0.286289 0.589399 0.019396 0.024006
26 0.266865 0.802066 0.025657 0.012006
26 0.264601 0.765145 0.025657 0.012000
26 0.265814 0.725541 0.025665 0.012006
13 0.286096 0.626687 0.019396 0.024006
26 0.264359 0.684564 0.025657 0.012000
26 0.266056 0.645473 0.025665 0.012006
26 0.266060 0.607066 0.025657 0.012000
26 0.265572 0.567120 0.025665 0.012006
23 0.265766 0.370775 0.032369 0.013675
13 0.204259 0.600040 0.019396 0.034724
