22 0.018361 0.053963 0.028842 0.030691
13 0.525761 0.302061 0.022572 0.059122
13 0.184001 0.101104 0.026334 0.080080
33 0.044453 0.405904 0.009109 0.053032
13 0.883631 0.303205 0.022565 0.059122
27 0.017957 0.402473 0.008657 0.058617
13 0.713603 0.305918 0.022572 0.059122
13 0.977995 0.301423 0.022572 0.059122
27 0.751941 0.400811 0.008657 0.058644
3 0.221165 0.073098 0.020153 0.099814
13 0.733924 0.406968 0.019561 0.054787
13 0.487842 0.299907 0.022572 0.059122
13 0.709519 0.410093 0.022565 0.059122
13 0.055802 0.409136 0.017740 0.059122
26 0.471006 0.242553 0.010146 0.071702
26 0.432314 0.242553 0.010153 0.071702
26 0.394911 0.245785 0.010153 0.071729
26 0.508666 0.240399 0.010153 0.071702
26 0.356992 0.242553 0.010153 0.071702
26 0.320108 0.245785 0.010146 0.071729
13 0.766053 0.407394 0.022572 0.059149
26 0.282447 0.246875 0.010153 0.071729
27 0.866407 0.401556 0.008663 0.058644
13 0.639001 0.300997 0.022572 0.059122
13 0.412527 0.300997 0.022572 0.059122
33 0.720955 0.406051 0.010032 0.060612
27 0.695875 0.402314 0.008657 0.058617
13 0.821509 0.406503 0.022572 0.059122
13 0.600824 0.302061 0.022565 0.059122
13 0.847088 0.409202 0.019561 0.054787
26 0.546066 0.243630 0.010146 0.071729
26 0.582954 0.243630 0.010146 0.071729
13 0.790341 0.406489 0.019561 0.054787
26 0.206610 0.242553 0.010153 0.071702
26 0.170242 0.243630 0.010146 0.071729
13 0.148498 0.304348 0.022572 0.059122
26 0.621903 0.243630 0.010146 0.071729
26 0.131251 0.244668 0.010153 0.071729
26 0.093934 0.244056 0.010146 0.071729
13 0.223552 0.304348 0.022572 0.059122
13 0.563425 0.302061 0.022572 0.059122
13 0.031528 0.409880 0.022572 0.059122
13 0.373577 0.297753 0.022572 0.059122
26 0.180188 0.030997 0.020898 0.039282
13 0.262244 0.302859 0.022565 0.059122
26 0.659303 0.247939 0.010153 0.071729
26 0.018555 0.243737 0.010146 0.071729
13 0.248845 0.071928 0.028485 0.050133
13 0.769274 0.303205 0.022572 0.059122
33 0.892202 0.408644 0.010032 0.060638
13 0.342362 0.396902 0.022572 0.059122
13 0.826884 0.305013 0.022565 0.059122
13 0.901464 0.407394 0.014386 0.054787
13 0.186474 0.304348 0.022572 0.059122
13 0.035824 0.300199 0.022572 0.059122
13 0.675436 0.306237 0.022572 0.059122
33 0.834163 0.406795 0.010032 0.060612
13 0.336690 0.305306 0.022572 0.059122
27 0.377317 0.408218 0.047721 0.061968
13 0.111060 0.302101 0.022565 0.059149
33 0.779707 0.406795 0.010032 0.060612
26 0.696448 0.243630 0.010146 0.071729
26 0.752680 0.243630 0.010146 0.071729
26 0.808654 0.245785 0.010153 0.071729
13 0.450958 0.302061 0.022565 0.059122
13 0.939306 0.302327 0.022572 0.059122
27 0.808549 0.403803 0.008657 0.058617
26 0.866693 0.245785 0.010153 0.071729
26 0.922667 0.242553 0.010146 0.071702
26 0.244274 0.241476 0.010153 0.071729
26 0.960582 0.241476 0.010153 0.071729
13 0.878902 0.410093 0.022565 0.059122
13 0.299860 0.304348 0.022572 0.059122
