26 0.156503 0.764587 0.026140 0.014074
13 0.071374 0.414148 0.044359 0.038017
26 0.157949 0.705972 0.023231 0.014336
13 0.162937 0.676869 0.062828 0.038023
23 0.152703 0.529815 0.045681 0.019937
13 0.188767 0.618849 0.039098 0.038017
23 0.152260 0.646573 0.045681 0.019937
26 0.066426 0.441248 0.041217 0.014028
22 0.058215 0.763892 0.025874 0.048638
13 0.188082 0.500345 0.039098 0.038023
13 0.162599 0.735376 0.062828 0.038023
13 0.168533 0.561325 0.082434 0.038023
26 0.158791 0.591177 0.022337 0.012895
