13 0.625675 0.315903 0.022671 0.018177
22 0.557667 0.072311 0.061797 0.013578
23 0.607734 0.305185 0.020600 0.060980
23 0.475006 0.305185 0.020600 0.060980
13 0.448660 0.316496 0.022671 0.018177
23 0.519500 0.304832 0.020596 0.060980
26 0.288147 0.184570 0.011176 0.040239
13 0.493491 0.316496 0.022671 0.018177
13 0.316261 0.316199 0.022667 0.018177
13 0.298082 0.194462 0.013940 0.016718
13 0.581054 0.316496 0.022671 0.018177
23 0.431517 0.304476 0.020600 0.060986
23 0.211509 0.306533 0.020600 0.060986
13 0.272480 0.316199 0.022671 0.018177
13 0.228278 0.316120 0.022671 0.018177
23 0.386964 0.303934 0.020600 0.060986
13 0.537063 0.316199 0.022667 0.018177
23 0.343145 0.304179 0.020600 0.060986
13 0.405083 0.316792 0.022671 0.018177
23 0.299327 0.304923 0.020596 0.060980
13 0.361092 0.317088 0.022667 0.018177
23 0.563491 0.303766 0.020600 0.060980
23 0.255159 0.305168 0.020600 0.060980
