23 0.389919 0.562057 0.048525 0.023704
13 0.404400 0.790846 0.027639 0.045601
23 0.395516 0.371707 0.040878 0.023698
3 0.469895 0.560989 0.052023 0.027402
13 0.402393 0.409308 0.027639 0.045601
13 0.403239 0.599806 0.027639 0.045607
23 0.394617 0.465772 0.037744 0.023704
3 0.471265 0.465524 0.052023 0.027402
3 0.470749 0.369365 0.052023 0.027402
23 0.389746 0.752906 0.048533 0.023704
3 0.470500 0.751695 0.052023 0.027402
23 0.389218 0.657852 0.048525 0.023704
13 0.483674 0.694909 0.056148 0.049179
3 0.469291 0.656980 0.052023 0.027407
22 0.082728 0.828952 0.014545 0.031066
13 0.485351 0.790897 0.056148 0.049179
13 0.403654 0.696387 0.027647 0.045607
13 0.484512 0.599217 0.056148 0.049179
13 0.485757 0.407547 0.056140 0.049179
13 0.484093 0.503225 0.056148 0.049185
13 0.403235 0.505296 0.027647 0.045601
