26 0.416475 0.300140 0.030161 0.045863
26 0.609041 0.298912 0.030169 0.045858
26 0.318936 0.297652 0.030169 0.045858
13 0.765467 0.291160 0.038122 0.036735
13 0.481406 0.289678 0.038122 0.036735
26 0.510492 0.298365 0.030169 0.045858
13 0.580866 0.213285 0.036865 0.034068
26 0.612965 0.170712 0.035697 0.117675
26 0.805113 0.299074 0.030161 0.045863
26 0.706571 0.298365 0.030161 0.045858
13 0.284694 0.289986 0.038122 0.036735
13 0.677486 0.290567 0.038131 0.036735
13 0.577768 0.289974 0.038131 0.036735
13 0.380850 0.289678 0.038122 0.036735
