13 0.731490 0.289911 0.026399 0.034666
13 0.875621 0.289613 0.026399 0.034666
22 0.750464 0.044609 0.031675 0.024319
23 0.561026 0.307474 0.030724 0.059251
26 0.462311 0.170334 0.018171 0.116978
13 0.927573 0.290504 0.018450 0.034658
13 0.344972 0.290504 0.026399 0.034658
13 0.296567 0.290052 0.026399 0.034658
26 0.944621 0.296660 0.015920 0.048292
23 0.319060 0.309392 0.030724 0.059251
23 0.609630 0.308956 0.030724 0.059251
23 0.657815 0.309251 0.030729 0.059259
13 0.634285 0.289907 0.026393 0.034658
23 0.416473 0.309251 0.030724 0.059259
13 0.779256 0.290210 0.026399 0.034666
23 0.367242 0.309545 0.030724 0.059251
13 0.445940 0.214899 0.018855 0.035552
13 0.585473 0.290500 0.026399 0.034666
13 0.825598 0.290504 0.026399 0.034658
23 0.464028 0.308360 0.030724 0.059251
13 0.441342 0.291394 0.026399 0.034666
13 0.392738 0.290504 0.026399 0.034658
23 0.753556 0.308956 0.030724 0.059251
13 0.489735 0.289911 0.026399 0.034666
23 0.513048 0.308360 0.030724 0.059251
23 0.850969 0.308956 0.030724 0.059251
23 0.899570 0.308360 0.030729 0.059251
13 0.682470 0.289315 0.026399 0.034666
23 0.704952 0.308658 0.030724 0.059251
13 0.537288 0.290201 0.026393 0.034666
23 0.795142 0.305846 0.019630 0.054222
