13 0.254131 0.427575 0.006063 0.021950
26 0.200966 0.425141 0.005658 0.012861
26 0.171262 0.425858 0.005658 0.012861
13 0.164051 0.427917 0.006063 0.021942
13 0.550672 0.427575 0.006063 0.021950
26 0.409057 0.424811 0.005658 0.012861
26 0.439165 0.425383 0.005658 0.012861
26 0.141658 0.425004 0.005652 0.012861
26 0.111803 0.340806 0.005556 0.013715
26 0.468766 0.425665 0.005658 0.012861
26 0.498368 0.425383 0.005658 0.012861
26 0.527969 0.425093 0.005658 0.012861
13 0.372701 0.427575 0.006063 0.021950
26 0.557875 0.425665 0.005652 0.012861
26 0.587575 0.424666 0.005658 0.012861
13 0.432467 0.427575 0.006063 0.021950
26 0.617057 0.424956 0.005658 0.012861
26 0.646641 0.424956 0.005658 0.012861
26 0.735980 0.425806 0.005658 0.012853
13 0.640145 0.427917 0.006057 0.021942
26 0.765986 0.425806 0.005658 0.012853
26 0.795786 0.425234 0.005658 0.012853
13 0.223943 0.427917 0.006063 0.021942
13 0.580741 0.427575 0.006063 0.021950
13 0.609957 0.427575 0.006057 0.021950
13 0.490903 0.427748 0.006057 0.021942
22 0.139567 0.381801 0.031521 0.009952
13 0.729373 0.427575 0.006063 0.021950
13 0.342513 0.428429 0.006063 0.021950
13 0.521214 0.427575 0.006063 0.021950
13 0.194120 0.427917 0.006063 0.021942
13 0.104952 0.336180 0.006427 0.023626
13 0.789083 0.427405 0.006063 0.021950
13 0.461322 0.427232 0.006063 0.021942
13 0.759561 0.427744 0.006063 0.021950
13 0.403128 0.427232 0.006063 0.021942
13 0.283590 0.427744 0.006063 0.021950
13 0.313293 0.427575 0.006063 0.021950
27 0.681068 0.425943 0.013840 0.020008
26 0.290350 0.424952 0.005658 0.012853
13 0.667778 0.427232 0.012593 0.021942
26 0.319746 0.425238 0.005658 0.012861
13 0.135083 0.427405 0.006063 0.021950
26 0.349655 0.426092 0.005658 0.012861
26 0.260442 0.425524 0.005658 0.012853
26 0.379860 0.425383 0.005658 0.012861
26 0.230972 0.425572 0.005658 0.012853
