13 0.566342 0.355907 0.012046 0.044464
22 0.279071 0.271459 0.034302 0.034359
13 0.329915 0.355036 0.012046 0.044464
13 0.210675 0.245036 0.022866 0.061209
13 0.270393 0.354182 0.012046 0.044464
13 0.448536 0.353304 0.012046 0.044464
26 0.580726 0.351753 0.010889 0.024762
26 0.521949 0.350544 0.010883 0.024762
26 0.461425 0.349746 0.010883 0.024762
26 0.401556 0.350415 0.010883 0.024762
26 0.343111 0.350753 0.010883 0.024762
26 0.283239 0.351092 0.010889 0.024762
26 0.224083 0.182776 0.011356 0.029452
3 0.228410 0.255761 0.016798 0.030459
13 0.389123 0.356479 0.012046 0.044464
13 0.507949 0.354746 0.012046 0.044464
13 0.210165 0.170689 0.012046 0.046487
