33 0.164265 0.078066 0.013966 0.034134
13 0.496427 0.260810 0.025356 0.085181
13 0.378009 0.260089 0.025350 0.085173
26 0.626507 0.232002 0.013960 0.030113
13 0.199276 0.259122 0.025356 0.085173
13 0.258399 0.259363 0.025356 0.085173
26 0.567823 0.233340 0.013960 0.030113
13 0.437729 0.261773 0.025350 0.085173
13 0.615695 0.259847 0.025350 0.085173
22 0.085926 0.171551 0.031442 0.025697
13 0.556316 0.260568 0.025350 0.085181
13 0.318288 0.259363 0.025350 0.085173
26 0.508667 0.232337 0.013960 0.030121
13 0.151464 0.099239 0.026712 0.045955
26 0.448564 0.231668 0.013960 0.030121
26 0.388698 0.234009 0.013966 0.030113
26 0.330490 0.231668 0.013960 0.030121
26 0.270621 0.232002 0.013960 0.030113
26 0.211590 0.231998 0.013960 0.030121
