33 0.164256 0.077921 0.013960 0.034134
26 0.747222 0.232639 0.013966 0.030113
26 0.687932 0.233122 0.013960 0.030113
13 0.258789 0.259645 0.025350 0.085173
13 0.556319 0.259645 0.025356 0.085173
22 0.085111 0.171120 0.033481 0.023674
13 0.376977 0.259230 0.025350 0.085181
26 0.507744 0.233525 0.013960 0.030113
13 0.675980 0.260479 0.025350 0.085181
26 0.448681 0.232720 0.013966 0.030113
13 0.436658 0.259230 0.025350 0.085181
13 0.616003 0.260479 0.025350 0.085181
26 0.627285 0.233525 0.013966 0.030113
26 0.389903 0.231515 0.013960 0.030121
26 0.568507 0.232720 0.013960 0.030113
26 0.330843 0.232321 0.013960 0.030121
26 0.270929 0.232321 0.013960 0.030121
13 0.735114 0.259907 0.025350 0.085181
13 0.496932 0.259645 0.025350 0.085173
13 0.199103 0.260479 0.025350 0.085181
26 0.211584 0.233122 0.013960 0.030113
13 0.318174 0.259645 0.025350 0.085173
13 0.151869 0.099778 0.026462 0.037768
