26 0.163965 0.466783 0.029718 0.012211
26 0.163981 0.575952 0.029718 0.012211
33 0.075040 0.466632 0.030919 0.013345
26 0.163163 0.396647 0.029710 0.012211
22 0.043384 0.611513 0.015987 0.067128
13 0.069750 0.451624 0.038791 0.022621
13 0.159927 0.557014 0.038791 0.022621
13 0.089778 0.254746 0.013384 0.029402
13 0.159919 0.448254 0.038791 0.022615
13 0.160258 0.378957 0.038791 0.022621
26 0.163965 0.216624 0.029718 0.012211
27 0.090616 0.232071 0.018961 0.017179
13 0.160258 0.198741 0.038791 0.022621
13 0.160258 0.235313 0.038791 0.022615
26 0.164770 0.251832 0.029718 0.012211
