26 0.164037 0.393840 0.029283 0.013014
27 0.089867 0.232140 0.018961 0.015379
13 0.089710 0.254832 0.011716 0.028524
13 0.159549 0.376954 0.038791 0.022615
13 0.159549 0.448849 0.038791 0.022621
26 0.164738 0.608570 0.029283 0.013014
26 0.163481 0.503083 0.029283 0.013014
13 0.067679 0.450869 0.038791 0.022615
26 0.164875 0.466407 0.029283 0.013020
26 0.166269 0.251670 0.029283 0.013014
26 0.163755 0.182262 0.029283 0.013014
26 0.164597 0.216661 0.027889 0.013607
33 0.074899 0.466638 0.027301 0.012615
22 0.042143 0.611977 0.015923 0.065254
13 0.160371 0.590615 0.038791 0.022621
13 0.159138 0.198231 0.038791 0.022615
13 0.161185 0.234034 0.038791 0.022621
13 0.158324 0.485228 0.038791 0.022615
13 0.158324 0.163581 0.038791 0.022615
