23 0.475181 0.305761 0.022345 0.058792
23 0.519053 0.304598 0.022345 0.058792
23 0.563419 0.305299 0.022349 0.058792
23 0.607947 0.305299 0.022349 0.058792
22 0.558058 0.072014 0.064923 0.015014
23 0.650997 0.305066 0.022349 0.058792
23 0.695034 0.305527 0.022349 0.058792
23 0.782778 0.305066 0.022349 0.058792
13 0.229156 0.315470 0.023533 0.018450
13 0.581745 0.316624 0.023537 0.018444
13 0.713648 0.315726 0.023533 0.018450
26 0.742355 0.301348 0.010189 0.050661
13 0.669414 0.316929 0.023533 0.018450
13 0.272641 0.316048 0.023533 0.018444
13 0.405554 0.316336 0.023533 0.018450
13 0.625745 0.315726 0.023537 0.018450
13 0.317556 0.316624 0.023533 0.018444
13 0.449041 0.316624 0.023537 0.018444
13 0.493753 0.315179 0.023533 0.018450
13 0.753054 0.316530 0.013312 0.018450
13 0.801553 0.316336 0.023533 0.018450
13 0.298209 0.194915 0.014460 0.018125
26 0.288350 0.184689 0.011503 0.041368
13 0.537442 0.316912 0.023537 0.018450
23 0.212438 0.305875 0.022345 0.058792
23 0.255820 0.304832 0.022349 0.058792
23 0.299529 0.306459 0.022345 0.058798
23 0.344057 0.305299 0.022345 0.058792
23 0.387107 0.305066 0.022345 0.058792
13 0.361863 0.315467 0.023533 0.018444
23 0.432295 0.305527 0.022349 0.058792
