26 0.161660 0.431593 0.027381 0.011618
27 0.106583 0.391487 0.017566 0.017265
22 0.041853 0.495538 0.017357 0.074587
13 0.106583 0.414647 0.012554 0.030342
13 0.160077 0.377650 0.038445 0.022137
13 0.160419 0.448630 0.038453 0.022137
26 0.164400 0.395285 0.027381 0.011618
13 0.159057 0.341798 0.038453 0.022137
13 0.160077 0.413020 0.038445 0.022131
26 0.163259 0.360427 0.027389 0.011624
13 0.159553 0.484954 0.038445 0.022137
13 0.071950 0.376447 0.038453 0.022137
33 0.075431 0.395120 0.028751 0.013236
26 0.164847 0.502274 0.027389 0.011624
26 0.163944 0.465969 0.027389 0.011618
