13 0.221675 0.211523 0.021265 0.019662
23 0.283889 0.232675 0.018775 0.031668
13 0.584484 0.215745 0.021265 0.026946
13 0.221598 0.126152 0.022046 0.018509
13 0.674929 0.215359 0.021265 0.026946
13 0.720607 0.215117 0.021271 0.026946
13 0.629333 0.215842 0.021265 0.026946
13 0.312123 0.215745 0.021271 0.026946
13 0.539160 0.215455 0.021271 0.026946
26 0.238217 0.121172 0.008194 0.017091
26 0.240234 0.224932 0.012171 0.018421
23 0.328972 0.232667 0.018775 0.031668
23 0.374162 0.232184 0.018775 0.031668
13 0.266795 0.215745 0.021271 0.026946
23 0.419610 0.233046 0.018775 0.031668
23 0.464966 0.233276 0.018775 0.031660
23 0.509661 0.232579 0.018775 0.031668
23 0.555667 0.232345 0.018775 0.031668
23 0.601353 0.232345 0.018775 0.031668
23 0.645387 0.232812 0.018775 0.031668
23 0.691071 0.232812 0.018769 0.031668
23 0.736425 0.232812 0.018775 0.031668
13 0.448712 0.215165 0.021265 0.026946
13 0.493425 0.216035 0.021265 0.026946
22 0.748821 0.129782 0.131567 0.017325
13 0.403795 0.214303 0.021265 0.026946
13 0.357040 0.214593 0.021271 0.026946
