13 0.399371 0.545661 0.041853 0.032724
13 0.266362 0.696883 0.026197 0.076513
3 0.234839 0.604721 0.022442 0.015333
26 0.358715 0.717168 0.026052 0.008877
26 0.359835 0.621843 0.026293 0.010650
22 0.136551 0.759801 0.017019 0.027191
26 0.358187 0.574880 0.026285 0.010650
26 0.359504 0.670046 0.026052 0.008877
13 0.398695 0.594504 0.041853 0.032724
13 0.180935 0.646074 0.072683 0.051681
13 0.399033 0.641427 0.041853 0.032724
0 0.163807 0.581387 0.019589 0.028644
26 0.161620 0.607746 0.026624 0.011162
13 0.400226 0.736704 0.041853 0.032724
13 0.164057 0.581387 0.010774 0.024462
13 0.400052 0.690510 0.041845 0.032724
26 0.358719 0.765157 0.026060 0.008877
