26 0.405258 0.399695 0.017977 0.007573
26 0.404593 0.843211 0.019533 0.006786
26 0.405931 0.811479 0.019533 0.006786
23 0.409098 0.774527 0.026269 0.019573
13 0.442840 0.760667 0.038251 0.023259
13 0.344311 0.798459 0.019855 0.050330
23 0.407276 0.742162 0.026269 0.019573
23 0.408086 0.711017 0.026261 0.019573
26 0.274468 0.738707 0.020008 0.008148
13 0.433062 0.824228 0.030056 0.023259
3 0.323666 0.737134 0.014956 0.010142
13 0.432510 0.539103 0.027438 0.023048
13 0.433058 0.318048 0.027438 0.023048
13 0.433928 0.348020 0.027438 0.023048
13 0.444420 0.665425 0.038251 0.023259
13 0.433642 0.792746 0.030056 0.023259
13 0.433646 0.602063 0.027438 0.023054
26 0.404251 0.494989 0.017977 0.007573
13 0.444130 0.442860 0.038251 0.023259
13 0.273280 0.759060 0.019001 0.032080
13 0.443566 0.697704 0.038251 0.023259
22 0.259670 0.833550 0.012200 0.021858
13 0.444134 0.569778 0.038243 0.023259
26 0.405866 0.558140 0.017985 0.007573
26 0.405262 0.652721 0.017985 0.007573
13 0.433928 0.633943 0.027438 0.023054
26 0.405665 0.620721 0.017985 0.007573
26 0.404251 0.526276 0.017977 0.007573
13 0.433356 0.507023 0.027438 0.023048
13 0.432510 0.379900 0.027438 0.023048
26 0.405258 0.367832 0.017977 0.007573
13 0.433920 0.475142 0.027438 0.023048
26 0.405761 0.335330 0.017985 0.007573
13 0.444416 0.410980 0.038243 0.023259
23 0.408695 0.425695 0.026269 0.019573
23 0.408695 0.456986 0.026269 0.019578
13 0.444416 0.728581 0.038243 0.023259
23 0.407075 0.585000 0.026269 0.019573
23 0.408695 0.678869 0.026269 0.019573
