22 0.136853 0.127054 0.015576 0.053333
26 0.323916 0.135427 0.055310 0.014399
13 0.344122 0.423125 0.028582 0.037293
13 0.344460 0.249165 0.028582 0.037293
13 0.346160 0.595165 0.028582 0.037293
13 0.343098 0.769365 0.028582 0.037293
13 0.344114 0.162174 0.028582 0.037293
13 0.344122 0.336026 0.028582 0.037293
13 0.148735 0.660453 0.032667 0.047880
19 0.144561 0.612886 0.048300 0.024074
13 0.344460 0.683946 0.028582 0.037293
26 0.323900 0.222254 0.055310 0.014399
13 0.344122 0.510949 0.028582 0.037293
26 0.325117 0.742821 0.055310 0.014405
26 0.324617 0.656074 0.055310 0.014405
26 0.323102 0.568972 0.055310 0.014399
26 0.324110 0.482937 0.055310 0.014399
26 0.323102 0.395479 0.055310 0.014399
26 0.323102 0.308020 0.055310 0.014399
