26 0.321523 0.560137 0.054698 0.015430
26 0.323272 0.646137 0.054698 0.015430
13 0.147446 0.661687 0.028590 0.044285
13 0.344460 0.672880 0.028582 0.037293
26 0.324069 0.732912 0.054698 0.015430
13 0.345137 0.588430 0.028582 0.037293
19 0.147224 0.612812 0.046309 0.024860
23 0.326942 0.122513 0.051724 0.032148
23 0.326450 0.208923 0.051724 0.032148
23 0.328364 0.295558 0.051732 0.032142
22 0.137031 0.135177 0.016027 0.040644
13 0.343437 0.415185 0.028582 0.037299
13 0.343098 0.336262 0.028582 0.044513
13 0.344114 0.246758 0.028582 0.044513
13 0.346160 0.499883 0.028582 0.037293
26 0.324432 0.386074 0.054698 0.015430
26 0.323562 0.472490 0.054698 0.015430
13 0.344799 0.760464 0.028582 0.037293
13 0.346499 0.161100 0.028582 0.044513
