26 0.449909 0.253074 0.009903 0.021716
27 0.592892 0.251523 0.011641 0.022224
26 0.561154 0.090661 0.009943 0.019887
13 0.535849 0.094408 0.028781 0.024867
26 0.354963 0.252309 0.009903 0.021716
26 0.402245 0.252309 0.009903 0.021716
26 0.497333 0.254106 0.009903 0.021716
26 0.687775 0.253276 0.009897 0.021716
13 0.761419 0.260689 0.028786 0.024859
26 0.735638 0.252663 0.009897 0.021716
26 0.783937 0.251632 0.009903 0.021716
13 0.382151 0.260230 0.028781 0.024859
13 0.528838 0.166998 0.055031 0.070193
27 0.500342 0.308775 0.016661 0.012200
22 0.771120 0.056624 0.086262 0.014682
13 0.667416 0.260089 0.028781 0.024867
13 0.429368 0.261434 0.028786 0.024867
3 0.566316 0.164025 0.018672 0.027599
13 0.333738 0.259629 0.028786 0.024867
13 0.477148 0.260830 0.028781 0.024867
13 0.715764 0.261491 0.028781 0.024867
