23 0.642117 0.260911 0.017111 0.044190
13 0.619647 0.262389 0.027932 0.043006
13 0.666929 0.262043 0.027932 0.043006
23 0.594980 0.261160 0.017105 0.044190
13 0.540028 0.087925 0.030872 0.026680
23 0.689778 0.262264 0.017105 0.044190
26 0.561724 0.090113 0.010182 0.020919
3 0.565963 0.164009 0.018672 0.026745
26 0.545217 0.252530 0.009601 0.024480
26 0.734647 0.252667 0.009601 0.024480
26 0.782829 0.250298 0.009601 0.024480
13 0.523613 0.254061 0.027932 0.029106
13 0.714954 0.255294 0.027926 0.028815
22 0.775234 0.063324 0.066148 0.031531
13 0.571624 0.262063 0.027932 0.042998
13 0.762729 0.255790 0.027932 0.029114
13 0.523860 0.160169 0.061248 0.058211
