13 0.297889 0.194846 0.014633 0.018524
13 0.224500 0.315732 0.014464 0.018849
26 0.302246 0.301311 0.011640 0.050405
26 0.434482 0.300895 0.011640 0.050405
26 0.258020 0.300484 0.011640 0.050405
13 0.444539 0.317148 0.014460 0.018843
26 0.214232 0.301003 0.011640 0.050405
26 0.390695 0.300276 0.011640 0.050410
13 0.400161 0.317550 0.014464 0.018849
26 0.346033 0.300074 0.011640 0.050405
13 0.312260 0.316746 0.014464 0.018849
13 0.356638 0.316746 0.014460 0.018849
22 0.451025 0.072447 0.060230 0.016120
26 0.288263 0.184103 0.010911 0.040467
13 0.268451 0.316946 0.014460 0.018849
