13 0.837393 0.362405 0.021829 0.016060
13 0.322137 0.363481 0.017869 0.014811
13 0.603436 0.363078 0.017869 0.014811
23 0.277342 0.328985 0.013339 0.028944
13 0.265846 0.363481 0.017869 0.014811
13 0.235510 0.363477 0.017869 0.014819
13 0.688006 0.366499 0.021835 0.022812
13 0.866487 0.363606 0.021829 0.016060
13 0.519074 0.363481 0.017875 0.014811
13 0.545732 0.363078 0.017869 0.014811
23 0.306681 0.330528 0.013339 0.028952
13 0.462501 0.364081 0.017869 0.014819
23 0.333718 0.330870 0.013339 0.028944
23 0.363422 0.330528 0.013339 0.028952
23 0.389245 0.330701 0.013339 0.028944
23 0.418219 0.330355 0.013339 0.028944
23 0.446225 0.329158 0.013339 0.028952
23 0.473866 0.330870 0.013339 0.028944
23 0.501023 0.330528 0.013339 0.028952
23 0.530242 0.330355 0.013339 0.028944
23 0.559459 0.329670 0.013333 0.028944
23 0.587103 0.329331 0.013339 0.028944
23 0.614744 0.329331 0.013339 0.028944
26 0.642621 0.330701 0.009698 0.017808
26 0.669880 0.330085 0.009698 0.017816
26 0.698370 0.329226 0.009698 0.017808
26 0.725407 0.330600 0.009698 0.017816
26 0.754382 0.329915 0.009698 0.017816
26 0.785100 0.331338 0.007271 0.021579
26 0.817231 0.331660 0.009698 0.017808
33 0.317650 0.275592 0.006912 0.031410
26 0.878085 0.331326 0.008239 0.021942
22 0.229342 0.237248 0.066501 0.010226
13 0.405219 0.363683 0.017869 0.014811
13 0.294205 0.363880 0.017869 0.014819
13 0.350211 0.363082 0.017869 0.014819
13 0.744154 0.365774 0.021835 0.022812
13 0.807789 0.362881 0.021835 0.016060
13 0.631932 0.366273 0.021835 0.022812
13 0.342060 0.278255 0.026228 0.018848
13 0.774271 0.366978 0.021829 0.022804
13 0.377858 0.363683 0.017869 0.014811
13 0.659595 0.366499 0.021835 0.022812
13 0.208430 0.362679 0.023254 0.014819
13 0.573806 0.363477 0.017869 0.014819
13 0.490148 0.363481 0.017869 0.014811
23 0.247274 0.330105 0.013339 0.028944
13 0.434570 0.363481 0.017869 0.014811
13 0.716422 0.366741 0.021835 0.022812
26 0.218541 0.330862 0.008000 0.018179
26 0.849718 0.329525 0.007516 0.023836
