26 0.710185 0.246982 0.011174 0.031853
26 0.751553 0.248578 0.011174 0.031853
23 0.415695 0.245246 0.016439 0.040532
23 0.670373 0.246358 0.016439 0.040532
13 0.354051 0.296213 0.030872 0.024948
23 0.626903 0.245367 0.016439 0.040532
13 0.693932 0.296362 0.030872 0.024940
23 0.585704 0.245858 0.016444 0.040532
13 0.608795 0.295496 0.030866 0.024948
13 0.524063 0.295205 0.030872 0.024948
23 0.456863 0.245447 0.016439 0.040532
13 0.509746 0.167514 0.035527 0.028066
13 0.481390 0.295782 0.030872 0.024940
13 0.820108 0.295205 0.030872 0.024948
23 0.500362 0.245447 0.016439 0.040532
13 0.397419 0.296910 0.030872 0.024940
26 0.836225 0.245862 0.011174 0.031853
33 0.475912 0.156156 0.008245 0.027268
13 0.439333 0.294625 0.030872 0.024948
26 0.327667 0.247087 0.010524 0.029404
13 0.651875 0.298094 0.030872 0.024940
13 0.311661 0.294496 0.030866 0.024948
22 0.311293 0.104972 0.036991 0.017325
13 0.736197 0.295496 0.030866 0.024948
13 0.565920 0.295782 0.030872 0.024940
23 0.371541 0.245149 0.016439 0.040532
13 0.776416 0.296362 0.030872 0.024940
26 0.793456 0.247836 0.011174 0.031853
23 0.542584 0.245367 0.016439 0.040532
