23 0.590208 0.330346 0.012507 0.028187
23 0.559365 0.331168 0.012507 0.028187
23 0.530416 0.330757 0.012513 0.028187
23 0.503208 0.329525 0.012513 0.028187
23 0.445889 0.330346 0.012507 0.028187
27 0.417821 0.383259 0.006399 0.022264
13 0.405496 0.386402 0.019994 0.008018
22 0.245775 0.229815 0.099105 0.023658
27 0.247245 0.382365 0.006399 0.022264
13 0.264561 0.385399 0.019994 0.008026
13 0.207350 0.362248 0.019989 0.014633
13 0.264279 0.362542 0.019989 0.014641
27 0.390123 0.383501 0.006399 0.022264
13 0.489077 0.386813 0.019989 0.008018
13 0.577054 0.363348 0.019989 0.014641
13 0.349775 0.363344 0.019994 0.014633
27 0.502265 0.383856 0.006399 0.022264
13 0.518781 0.364150 0.019989 0.014633
13 0.234929 0.385802 0.019989 0.008026
27 0.361915 0.382784 0.006393 0.022264
13 0.405638 0.363348 0.019994 0.014641
13 0.378274 0.362744 0.019989 0.014641
13 0.376288 0.386805 0.019994 0.008018
23 0.361795 0.330346 0.012513 0.028187
13 0.320709 0.385197 0.019994 0.008026
23 0.390023 0.329726 0.012513 0.028187
23 0.417519 0.329525 0.012507 0.028187
13 0.294903 0.363546 0.019994 0.014633
23 0.474838 0.329936 0.012513 0.028187
13 0.433288 0.386201 0.019989 0.008018
13 0.293769 0.385999 0.019994 0.008018
23 0.219801 0.330032 0.012513 0.028187
23 0.248177 0.330346 0.012513 0.028187
23 0.277561 0.330346 0.012513 0.028187
13 0.235923 0.362941 0.019994 0.014633
23 0.306952 0.329525 0.012513 0.028187
27 0.333120 0.382429 0.006399 0.022264
23 0.333718 0.329525 0.012507 0.028187
13 0.348781 0.386805 0.019989 0.008018
33 0.317385 0.269492 0.006028 0.021708
13 0.490142 0.363546 0.019989 0.014633
27 0.277137 0.382905 0.006399 0.022264
27 0.473889 0.382671 0.006399 0.022264
13 0.322977 0.362941 0.019994 0.014633
13 0.434422 0.363348 0.019989 0.014641
13 0.340558 0.278135 0.024103 0.018445
27 0.306436 0.382784 0.006399 0.022264
13 0.461783 0.387405 0.019989 0.008026
13 0.461783 0.363747 0.019989 0.014633
27 0.445519 0.383856 0.006399 0.022264
13 0.546573 0.363747 0.019994 0.014633
