13 0.735746 0.320894 0.009875 0.050073
13 0.643068 0.320568 0.009875 0.047502
27 0.636766 0.233425 0.012028 0.028719
13 0.453274 0.322260 0.009875 0.047985
13 0.411707 0.321938 0.009875 0.047341
13 0.806624 0.320770 0.009875 0.048872
26 0.357365 0.105616 0.013145 0.030250
26 0.273573 0.322280 0.012513 0.036503
26 0.310533 0.323102 0.013145 0.037180
26 0.344544 0.322176 0.013145 0.037180
26 0.382339 0.320314 0.013145 0.037180
26 0.422595 0.320314 0.013145 0.037180
26 0.463843 0.322877 0.013145 0.037180
26 0.500652 0.321942 0.013145 0.037180
26 0.540254 0.321483 0.013145 0.037180
26 0.621652 0.321684 0.013789 0.039017
26 0.652222 0.321902 0.013789 0.039017
26 0.691823 0.321902 0.013789 0.039017
26 0.745231 0.321209 0.013789 0.039017
26 0.777105 0.321902 0.013789 0.039017
26 0.816590 0.322031 0.013145 0.037180
26 0.852738 0.322490 0.013145 0.037180
26 0.893490 0.321330 0.013145 0.037180
13 0.371838 0.322180 0.009875 0.047824
13 0.334020 0.322059 0.009875 0.047583
27 0.357365 0.148513 0.010843 0.025794
13 0.299604 0.321539 0.009875 0.049428
13 0.329208 0.154718 0.044650 0.024666
13 0.530282 0.323026 0.009875 0.047583
13 0.300339 0.239069 0.046615 0.027857
13 0.884994 0.320810 0.009875 0.047985
27 0.329177 0.235314 0.012028 0.028727
22 0.916105 0.102216 0.098912 0.060564
13 0.768459 0.320326 0.009875 0.047985
13 0.602484 0.238562 0.046279 0.024263
13 0.265205 0.322788 0.009875 0.048219
13 0.843764 0.321293 0.009875 0.047985
13 0.326020 0.109851 0.039254 0.026954
13 0.682254 0.318638 0.009875 0.048461
13 0.611718 0.318642 0.009875 0.048453
13 0.490077 0.322260 0.009875 0.047985
