26 0.581709 0.329380 0.011339 0.027655
26 0.641852 0.328546 0.011339 0.027647
27 0.726328 0.235189 0.061305 0.026962
13 0.619929 0.338715 0.037145 0.025858
13 0.678781 0.331080 0.021299 0.067059
13 0.668846 0.239545 0.046342 0.027196
13 0.728137 0.257236 0.023852 0.011088
0 0.726023 0.236817 0.008877 0.023465
13 0.250897 0.337260 0.040211 0.027301
22 0.913977 0.099988 0.111305 0.059831
13 0.773493 0.330870 0.021299 0.067059
27 0.330721 0.234146 0.060154 0.027421
13 0.273046 0.239118 0.045658 0.025052
13 0.870604 0.330064 0.021299 0.067059
13 0.309348 0.338110 0.037145 0.027067
13 0.821764 0.330064 0.021293 0.067059
32 0.791342 0.237168 0.011333 0.027421
13 0.559957 0.338433 0.037145 0.025455
13 0.499986 0.339279 0.037145 0.026664
13 0.727493 0.331273 0.021299 0.067059
23 0.702781 0.334057 0.026735 0.047180
23 0.749632 0.333719 0.026741 0.047180
23 0.796957 0.333719 0.026735 0.047180
23 0.844991 0.333384 0.026735 0.047188
23 0.893154 0.333546 0.026741 0.047188
13 0.332504 0.257429 0.022148 0.013489
26 0.274333 0.104706 0.012165 0.027881
13 0.246635 0.109198 0.039185 0.025649
13 0.430140 0.338876 0.037145 0.027470
13 0.819795 0.233626 0.040205 0.014940
0 0.330063 0.236237 0.009071 0.023981
13 0.370168 0.336906 0.037145 0.026591
26 0.272741 0.326330 0.011339 0.027647
26 0.331972 0.325060 0.011339 0.027655
26 0.392772 0.325753 0.011333 0.027655
26 0.451368 0.328546 0.011339 0.027647
26 0.522160 0.327985 0.011339 0.027655
