26 0.245020 0.347337 0.012160 0.024408
26 0.587943 0.346015 0.012160 0.024408
26 0.642182 0.348026 0.012160 0.024400
26 0.306803 0.347212 0.012160 0.024400
26 0.811980 0.347828 0.012496 0.030113
13 0.572279 0.388646 0.034074 0.033247
13 0.291168 0.386237 0.034074 0.033247
13 0.338356 0.178263 0.035778 0.027921
26 0.361362 0.348372 0.012160 0.024400
26 0.415305 0.347220 0.012160 0.024400
26 0.471242 0.347220 0.012160 0.024400
26 0.527179 0.347220 0.012160 0.024400
23 0.760302 0.355653 0.033219 0.039750
23 0.704792 0.356261 0.033219 0.039758
13 0.401231 0.387196 0.034074 0.033247
13 0.513333 0.388163 0.034074 0.033247
13 0.741966 0.387679 0.034074 0.033247
22 0.264823 0.165161 0.102695 0.032127
26 0.868630 0.347027 0.012211 0.028509
13 0.455066 0.387196 0.034074 0.033247
13 0.798188 0.387196 0.034074 0.033247
13 0.686769 0.388646 0.034074 0.033247
13 0.229835 0.386712 0.034074 0.033247
13 0.626798 0.388646 0.034074 0.033247
13 0.345345 0.386712 0.034074 0.033247
26 0.359701 0.163856 0.012815 0.059702
13 0.853732 0.386954 0.034074 0.033247
