13 0.690179 0.342107 0.006980 0.055270
13 0.571160 0.341712 0.006980 0.055270
26 0.912595 0.325286 0.007299 0.019371
23 0.718157 0.330242 0.014650 0.021886
22 0.498607 0.229786 0.062843 0.023747
33 0.166541 0.249371 0.004946 0.016132
13 0.291795 0.347985 0.006974 0.055278
23 0.758140 0.329275 0.014650 0.021886
23 0.797402 0.329460 0.014655 0.021886
26 0.317963 0.326684 0.007299 0.019363
13 0.452071 0.340532 0.006980 0.055278
13 0.213436 0.334114 0.006974 0.069517
13 0.729772 0.340624 0.006974 0.055270
13 0.848023 0.348517 0.006974 0.048590
13 0.491838 0.341418 0.006980 0.055278
26 0.872652 0.325935 0.007299 0.019363
13 0.156920 0.241728 0.017510 0.021410
23 0.202621 0.328973 0.014655 0.021878
13 0.887105 0.347961 0.006974 0.048590
23 0.242256 0.329251 0.014655 0.021886
23 0.361160 0.329251 0.014650 0.021886
23 0.400795 0.329533 0.014650 0.021886
23 0.441413 0.329807 0.014655 0.021886
13 0.808781 0.348517 0.006974 0.048590
13 0.371912 0.342010 0.006980 0.055270
26 0.277869 0.326450 0.007305 0.019363
23 0.678308 0.330242 0.014655 0.021886
23 0.638994 0.329251 0.014650 0.021886
23 0.480459 0.330923 0.014650 0.021878
13 0.174003 0.333944 0.006980 0.071273
26 0.832826 0.327389 0.007305 0.019371
13 0.531185 0.341418 0.006974 0.055278
23 0.599755 0.330367 0.014655 0.021878
23 0.558544 0.328695 0.014650 0.021886
23 0.518909 0.330089 0.014650 0.021886
13 0.610718 0.342599 0.006974 0.055270
13 0.251610 0.347985 0.006980 0.055278
13 0.650481 0.342006 0.006980 0.055278
13 0.333191 0.341716 0.006974 0.055278
13 0.769712 0.341503 0.006980 0.055270
13 0.412724 0.341124 0.006974 0.055270
