13 0.812488 0.538476 0.041211 0.068406
13 0.952211 0.404411 0.031578 0.118106
13 0.367535 0.540393 0.041211 0.068406
13 0.277719 0.537206 0.041203 0.068406
13 0.104871 0.405358 0.031148 0.114919
13 0.060422 0.400866 0.032250 0.114896
13 0.450328 0.357783 0.021344 0.114273
13 0.233293 0.538268 0.041211 0.068406
13 0.590441 0.537206 0.041211 0.068406
13 0.547020 0.539122 0.041211 0.068406
13 0.724574 0.536582 0.041211 0.068406
22 0.506598 0.141351 0.074336 0.026490
13 0.863762 0.345647 0.032461 0.228106
13 0.907492 0.402148 0.031578 0.118106
13 0.028363 0.147610 0.021648 0.046351
13 0.634078 0.538476 0.041203 0.068406
13 0.321426 0.537737 0.041211 0.068406
13 0.187441 0.538314 0.041211 0.068406
13 0.182602 0.358764 0.021859 0.114896
33 0.041816 0.170473 0.008961 0.049261
26 0.076656 0.343626 0.009141 0.049238
26 0.122332 0.347067 0.009492 0.047667
26 0.969930 0.348926 0.008063 0.036559
13 0.768207 0.535935 0.041211 0.068406
26 0.924883 0.348106 0.008062 0.036536
26 0.836664 0.522610 0.008062 0.036536
26 0.790758 0.525866 0.008063 0.036536
26 0.745875 0.525866 0.008063 0.036536
26 0.701922 0.525866 0.008063 0.036536
26 0.657039 0.525866 0.008062 0.036536
26 0.613187 0.526189 0.008062 0.036536
26 0.568820 0.523903 0.008063 0.036536
26 0.523164 0.526189 0.008062 0.036536
0 0.421656 0.353395 0.006625 0.035473
13 0.502309 0.537206 0.041211 0.068406
26 0.478027 0.526189 0.008055 0.036536
26 0.433402 0.349284 0.008055 0.036536
26 0.388777 0.526952 0.008055 0.036536
26 0.344156 0.527714 0.008062 0.036536
26 0.300305 0.526189 0.008062 0.036536
26 0.255164 0.524665 0.008062 0.036536
13 0.679004 0.537206 0.041211 0.068406
26 0.210281 0.526189 0.008062 0.036536
26 0.165922 0.351559 0.008250 0.044226
26 0.881238 0.347621 0.009133 0.049238
0 0.154758 0.353164 0.006625 0.035473
13 0.455238 0.538476 0.041211 0.068406
