13 0.360004 0.318154 0.020508 0.019442
13 0.491718 0.317815 0.020504 0.019561
13 0.536084 0.317538 0.020508 0.018439
26 0.288177 0.182818 0.011664 0.036017
26 0.301984 0.298778 0.011591 0.054547
26 0.214087 0.298624 0.011591 0.054547
26 0.258211 0.299447 0.011595 0.054541
13 0.301398 0.195319 0.020902 0.017533
13 0.227693 0.317886 0.020504 0.019134
13 0.403580 0.318547 0.020504 0.019772
13 0.447945 0.317900 0.020508 0.019390
22 0.552871 0.072789 0.055685 0.014205
13 0.271865 0.317197 0.020508 0.019123
13 0.315639 0.317821 0.020504 0.018433
26 0.522508 0.298108 0.011608 0.053880
26 0.478497 0.301120 0.011612 0.053875
26 0.433777 0.298442 0.011608 0.053875
26 0.390610 0.300630 0.011608 0.053875
26 0.346940 0.298108 0.011591 0.054541
