13 0.374066 0.481737 0.049225 0.032675
26 0.202641 0.234214 0.007721 0.019984
23 0.805128 0.327768 0.018405 0.028815
23 0.709655 0.326849 0.018399 0.028815
23 0.233561 0.326221 0.018405 0.028815
23 0.281356 0.326221 0.018405 0.028815
23 0.328684 0.327220 0.018405 0.028815
23 0.376245 0.326890 0.018405 0.028815
23 0.423333 0.326890 0.018405 0.028815
23 0.471368 0.327220 0.018405 0.028815
23 0.614524 0.326221 0.018405 0.028815
23 0.518456 0.328227 0.018405 0.028815
23 0.567436 0.327824 0.018405 0.028815
26 0.752208 0.322526 0.008085 0.019637
13 0.180376 0.242518 0.038256 0.031209
13 0.651826 0.304786 0.011641 0.016261
26 0.656866 0.322772 0.008080 0.019629
13 0.754071 0.482969 0.049225 0.032675
13 0.699624 0.304758 0.006313 0.018687
13 0.461818 0.305318 0.006313 0.018678
13 0.326675 0.483203 0.049225 0.032675
13 0.564852 0.484194 0.049225 0.032675
13 0.183695 0.482260 0.049225 0.032675
22 0.155536 0.209662 0.016085 0.010814
13 0.707199 0.482969 0.049225 0.032675
13 0.320829 0.304758 0.006308 0.018687
23 0.185954 0.326221 0.018405 0.028815
13 0.517547 0.482969 0.049225 0.032675
13 0.273308 0.305318 0.006308 0.018678
13 0.604778 0.305040 0.006308 0.018687
13 0.557453 0.303924 0.006313 0.018678
13 0.365786 0.304480 0.006308 0.018678
13 0.612590 0.483582 0.049225 0.032675
13 0.509142 0.305040 0.006308 0.018687
13 0.469370 0.482470 0.049225 0.032675
13 0.414886 0.305596 0.006308 0.018687
13 0.803114 0.482357 0.049225 0.032675
13 0.747148 0.304202 0.006308 0.018687
13 0.278624 0.483340 0.049225 0.032675
13 0.795655 0.304480 0.006308 0.018678
13 0.230652 0.482985 0.049225 0.032675
13 0.421459 0.483203 0.049231 0.032675
13 0.178066 0.305040 0.006308 0.018687
13 0.660328 0.482357 0.049225 0.032675
13 0.225587 0.305040 0.006308 0.018687
