26 0.181043 0.321305 0.007123 0.020919
13 0.182282 0.484085 0.047014 0.038356
13 0.367957 0.304758 0.006308 0.018687
22 0.155610 0.209311 0.018729 0.013916
13 0.372516 0.483062 0.047014 0.038356
13 0.467997 0.482554 0.047014 0.038356
27 0.467168 0.342442 0.007259 0.023626
13 0.256783 0.484085 0.047014 0.038356
13 0.564920 0.482039 0.047014 0.038356
13 0.516097 0.483062 0.047020 0.038356
26 0.323256 0.320431 0.008712 0.019525
26 0.248521 0.322107 0.008712 0.019525
27 0.514960 0.342828 0.007254 0.023626
13 0.321026 0.305596 0.006313 0.018687
13 0.463197 0.305040 0.006313 0.018687
13 0.246692 0.305169 0.006308 0.018687
13 0.654863 0.303924 0.006308 0.018678
13 0.176689 0.304887 0.010644 0.017010
13 0.415675 0.304758 0.006313 0.018687
13 0.420254 0.484085 0.047014 0.038356
27 0.371726 0.343022 0.007259 0.023626
13 0.556866 0.304891 0.011043 0.016454
27 0.420199 0.342442 0.007259 0.023626
13 0.511311 0.304758 0.006313 0.018687
13 0.604291 0.304750 0.011635 0.017284
13 0.171675 0.241092 0.040319 0.029017
13 0.659558 0.483421 0.047014 0.038364
13 0.612299 0.483578 0.047014 0.038356
13 0.325860 0.483062 0.047014 0.038356
27 0.324140 0.342643 0.007254 0.023626
26 0.514387 0.320991 0.008707 0.019517
26 0.657370 0.321821 0.008712 0.019517
26 0.610279 0.319811 0.007123 0.020911
26 0.562011 0.322329 0.007123 0.020919
26 0.194242 0.234770 0.007721 0.019984
26 0.467202 0.320431 0.008707 0.019525
26 0.419285 0.320153 0.008712 0.019517
26 0.371370 0.320991 0.008712 0.019517
