22 0.210097 0.228618 0.124883 0.028348
26 0.848014 0.304111 0.018622 0.034080
13 0.429460 0.309368 0.047703 0.031316
13 0.524295 0.310171 0.047703 0.031316
3 0.416583 0.247456 0.038807 0.028108
13 0.320713 0.251160 0.145939 0.014456
13 0.334057 0.309769 0.047695 0.031322
26 0.280318 0.304148 0.018622 0.034085
13 0.619130 0.309769 0.047703 0.031322
13 0.711692 0.309769 0.047703 0.031322
26 0.406124 0.213282 0.020709 0.035328
26 0.184742 0.304826 0.019718 0.032342
26 0.375081 0.305117 0.018622 0.034085
13 0.239222 0.308966 0.047695 0.031322
26 0.469037 0.304946 0.018622 0.034085
26 0.563292 0.303274 0.018622 0.034080
26 0.657143 0.303832 0.018622 0.034080
13 0.805391 0.308564 0.047703 0.031316
13 0.143820 0.308983 0.047703 0.031322
26 0.752583 0.304946 0.018622 0.034085
13 0.368417 0.207789 0.065310 0.018473
