23 0.736696 0.840311 0.023239 0.021031
13 0.303425 0.808638 0.011152 0.028900
26 0.366124 0.841191 0.015874 0.017265
13 0.811225 0.810538 0.011152 0.023926
13 0.722103 0.838085 0.011829 0.016034
13 0.527905 0.808744 0.011152 0.027516
13 0.290947 0.842157 0.013803 0.010228
13 0.279859 0.904131 0.029581 0.027054
13 0.229811 0.842387 0.013803 0.010222
13 0.259400 0.841692 0.013803 0.010222
13 0.464601 0.808288 0.011152 0.028427
22 0.237998 0.910368 0.029049 0.067664
13 0.273030 0.808798 0.011152 0.028194
13 0.484178 0.842157 0.013803 0.010228
13 0.398513 0.808954 0.011160 0.027481
13 0.419110 0.842624 0.013803 0.010228
13 0.241225 0.809077 0.011152 0.027043
13 0.496950 0.808074 0.011160 0.028456
23 0.587921 0.840353 0.023239 0.021037
13 0.694500 0.839601 0.013803 0.010222
23 0.621652 0.840071 0.023239 0.021031
13 0.607087 0.838205 0.011837 0.016034
13 0.619927 0.809282 0.011152 0.027225
26 0.812458 0.842447 0.015874 0.017271
13 0.798683 0.839601 0.013803 0.010222
26 0.677909 0.842120 0.015882 0.017265
13 0.736491 0.808672 0.011160 0.027259
13 0.705814 0.806313 0.011160 0.029607
26 0.706958 0.842120 0.015882 0.017265
26 0.499440 0.842043 0.015882 0.017271
26 0.466918 0.841191 0.015882 0.017265
13 0.386249 0.842624 0.013803 0.010228
26 0.432381 0.842328 0.015882 0.017271
26 0.399456 0.842328 0.015882 0.017271
26 0.336007 0.842043 0.015882 0.017271
13 0.431140 0.808516 0.011160 0.027972
13 0.514742 0.838205 0.011837 0.016034
26 0.304218 0.842040 0.015882 0.017265
13 0.574883 0.838906 0.011829 0.016034
26 0.273815 0.842450 0.015882 0.017265
26 0.242643 0.841624 0.015874 0.017265
13 0.676813 0.808886 0.011160 0.027231
33 0.303662 0.891177 0.008743 0.010934
13 0.321511 0.842157 0.013803 0.010228
13 0.452961 0.841926 0.013803 0.010222
13 0.335214 0.809296 0.011152 0.026798
13 0.590089 0.809219 0.011152 0.028923
13 0.365052 0.808726 0.011152 0.027937
13 0.663284 0.838672 0.013803 0.010222
23 0.528896 0.839786 0.023239 0.021031
13 0.352397 0.841926 0.013803 0.010222
