13 0.404291 0.839302 0.011434 0.016177
13 0.735967 0.809715 0.011160 0.025470
13 0.332079 0.809322 0.011152 0.027647
13 0.417196 0.808057 0.011152 0.027396
13 0.550987 0.837627 0.011434 0.016177
23 0.768840 0.840054 0.020725 0.020279
13 0.636168 0.838744 0.011434 0.016177
23 0.650044 0.840293 0.020717 0.020279
23 0.564045 0.840293 0.020725 0.020279
13 0.649867 0.809174 0.011160 0.026553
13 0.923944 0.808436 0.011160 0.028496
23 0.417832 0.840436 0.020725 0.020279
23 0.333102 0.840436 0.020725 0.020279
23 0.247756 0.840037 0.020717 0.020279
13 0.860189 0.809316 0.011160 0.026268
33 0.308578 0.889667 0.009065 0.012177
13 0.290113 0.891026 0.029573 0.025937
22 0.243276 0.910450 0.029517 0.066895
23 0.861197 0.840054 0.020717 0.020279
13 0.847546 0.837627 0.011434 0.016177
13 0.318715 0.837348 0.011434 0.016177
23 0.923775 0.840054 0.020717 0.020279
13 0.246966 0.809120 0.011160 0.027128
13 0.910250 0.839302 0.011442 0.016177
13 0.754871 0.839020 0.011434 0.016171
13 0.233719 0.838738 0.011434 0.016177
13 0.720959 0.838744 0.011442 0.016177
13 0.563110 0.809174 0.011152 0.026553
23 0.735375 0.840054 0.020725 0.020279
13 0.768501 0.809499 0.011152 0.028228
