26 0.762413 0.269130 0.016986 0.096342
13 0.265034 0.266402 0.010650 0.083328
13 0.171410 0.119529 0.013726 0.016398
22 0.097769 0.181487 0.049066 0.026503
13 0.443781 0.266600 0.010650 0.083320
13 0.561051 0.266201 0.010650 0.083328
13 0.205057 0.265560 0.010650 0.083320
13 0.680880 0.266201 0.010650 0.083328
13 0.323481 0.267071 0.010644 0.083328
13 0.502561 0.266201 0.010650 0.083328
13 0.383348 0.267405 0.010650 0.083320
13 0.621536 0.265798 0.010650 0.083328
13 0.156271 0.107075 0.013726 0.106720
26 0.227407 0.274150 0.016980 0.096342
26 0.702954 0.267288 0.016986 0.096350
26 0.643499 0.270355 0.016980 0.096342
26 0.584040 0.271587 0.016980 0.096342
26 0.465561 0.270975 0.016980 0.096342
26 0.405236 0.271583 0.016980 0.096350
26 0.346647 0.274037 0.016986 0.096342
26 0.285889 0.270967 0.016986 0.096342
33 0.178134 0.085894 0.011641 0.030016
13 0.172214 0.047712 0.010023 0.027655
26 0.523282 0.272200 0.016980 0.096342
13 0.740225 0.265798 0.010650 0.083328
