26 0.347194 0.272127 0.016986 0.096342
13 0.502083 0.266338 0.012211 0.082425
33 0.177638 0.085383 0.012484 0.029283
13 0.560689 0.265375 0.012217 0.082434
13 0.171228 0.101652 0.015117 0.014875
13 0.159513 0.150157 0.029339 0.042780
13 0.383843 0.265858 0.012211 0.082434
26 0.286011 0.270850 0.016980 0.096350
13 0.172692 0.049782 0.010171 0.028235
26 0.226940 0.270850 0.016980 0.096350
22 0.097980 0.180951 0.058467 0.028912
13 0.442453 0.262965 0.012211 0.082434
13 0.205296 0.263928 0.012211 0.082425
26 0.644179 0.270089 0.016986 0.096342
13 0.323536 0.266338 0.012211 0.082425
26 0.584866 0.268042 0.016980 0.096342
26 0.526276 0.269065 0.016986 0.096342
26 0.465157 0.270089 0.016980 0.096342
13 0.265268 0.264895 0.012211 0.082425
26 0.703493 0.271112 0.016980 0.096342
13 0.620316 0.266821 0.012211 0.082425
13 0.158826 0.075169 0.021299 0.059960
13 0.679382 0.267168 0.012211 0.082425
27 0.177228 0.145689 0.010684 0.026720
26 0.406205 0.270089 0.016980 0.096342
