13 0.842744 0.265427 0.013726 0.079444
13 0.678972 0.266845 0.013726 0.079444
13 0.324319 0.265641 0.013721 0.079436
13 0.917672 0.265439 0.013726 0.079436
13 0.306715 0.264839 0.013726 0.079444
23 0.411182 0.301950 0.023858 0.040435
13 0.216658 0.318449 0.017510 0.025939
23 0.349852 0.301950 0.023863 0.040435
13 0.632880 0.319654 0.017510 0.027542
23 0.231274 0.301471 0.023858 0.040427
26 0.645205 0.258255 0.019675 0.066567
26 0.702943 0.257204 0.017932 0.063513
26 0.763242 0.260749 0.019271 0.069637
26 0.822516 0.258622 0.019242 0.072119
26 0.585048 0.257006 0.017937 0.066003
26 0.525205 0.256523 0.017510 0.066003
26 0.466191 0.256317 0.020097 0.061741
13 0.453519 0.318247 0.017510 0.026342
13 0.514806 0.318227 0.017510 0.028396
13 0.693701 0.318622 0.017510 0.027575
13 0.604293 0.265238 0.013726 0.079436
13 0.367197 0.265238 0.013721 0.079436
13 0.783191 0.265987 0.013721 0.079436
13 0.276521 0.319488 0.017510 0.027212
13 0.859108 0.265427 0.013726 0.079444
13 0.171063 0.119359 0.013726 0.016398
13 0.545801 0.266044 0.013721 0.079436
13 0.621615 0.265641 0.013726 0.079436
13 0.156077 0.107498 0.013726 0.107002
13 0.664208 0.265641 0.013726 0.079436
13 0.740402 0.263755 0.013726 0.079436
13 0.264123 0.264839 0.013726 0.079444
13 0.753319 0.318751 0.017510 0.027349
13 0.441590 0.264037 0.013721 0.079436
33 0.177558 0.085346 0.011835 0.029565
23 0.825575 0.302998 0.023858 0.040435
23 0.766311 0.301450 0.023858 0.040435
23 0.707969 0.303400 0.023858 0.040435
13 0.335678 0.318924 0.017510 0.028340
23 0.646977 0.300991 0.023858 0.040435
23 0.587687 0.299541 0.023863 0.040435
23 0.527376 0.301471 0.023858 0.040427
23 0.468088 0.301471 0.023858 0.040427
13 0.395826 0.318320 0.017510 0.027937
26 0.287860 0.261128 0.021430 0.066624
23 0.290903 0.301950 0.023858 0.040435
26 0.881786 0.273638 0.015801 0.088662
26 0.940806 0.270580 0.016621 0.089299
26 0.227718 0.260266 0.017499 0.066575
22 0.097621 0.180620 0.046000 0.024899
13 0.499801 0.265641 0.013721 0.079436
13 0.724234 0.265149 0.013721 0.079436
13 0.485886 0.264839 0.013721 0.079444
13 0.800151 0.265705 0.013726 0.079436
13 0.425689 0.265641 0.013726 0.079436
13 0.205345 0.264839 0.013721 0.079444
26 0.347305 0.258324 0.019236 0.066591
13 0.172635 0.048779 0.010171 0.026374
26 0.405892 0.255153 0.020125 0.062297
13 0.381960 0.264839 0.013721 0.079444
13 0.573484 0.318554 0.017510 0.028405
13 0.561986 0.264839 0.013726 0.079444
13 0.811530 0.319529 0.017510 0.027131
13 0.248789 0.265641 0.013726 0.079436
