13 0.840219 0.362188 0.036439 0.012047
13 0.600516 0.361519 0.036439 0.012047
26 0.346134 0.315858 0.016564 0.032458
26 0.309698 0.315359 0.020114 0.034134
13 0.513040 0.207079 0.041168 0.040959
13 0.762368 0.362518 0.036439 0.012047
26 0.273969 0.315689 0.020108 0.034134
26 0.237407 0.317695 0.020114 0.034134
13 0.408379 0.360181 0.036439 0.012047
13 0.299826 0.367212 0.030171 0.027333
26 0.893681 0.318703 0.017037 0.032119
13 0.368527 0.367913 0.030171 0.027333
26 0.853692 0.317196 0.019875 0.033795
13 0.438929 0.192869 0.060194 0.014053
23 0.818442 0.310334 0.022479 0.051886
26 0.474866 0.177429 0.018405 0.031604
13 0.878504 0.369613 0.029829 0.026527
23 0.780108 0.311003 0.022484 0.051886
23 0.741066 0.310673 0.022484 0.051886
26 0.656704 0.316023 0.018695 0.034803
23 0.701547 0.309335 0.022479 0.051886
23 0.619205 0.310334 0.022479 0.051886
23 0.578741 0.309666 0.022484 0.051886
13 0.679613 0.368844 0.029835 0.026535
13 0.334670 0.367913 0.030171 0.027333
23 0.541593 0.309666 0.022479 0.051886
13 0.919393 0.370012 0.029829 0.026535
23 0.503496 0.310004 0.022479 0.051886
23 0.463980 0.310004 0.022479 0.051886
23 0.425644 0.309827 0.022479 0.051886
13 0.641689 0.361519 0.036439 0.012047
13 0.523615 0.361180 0.036439 0.012047
13 0.723088 0.362188 0.036444 0.012047
3 0.481120 0.212611 0.014912 0.019742
13 0.561946 0.361519 0.036439 0.012047
13 0.446709 0.361849 0.036439 0.012047
13 0.260692 0.367772 0.030171 0.027325
23 0.386954 0.309319 0.022479 0.050226
13 0.800464 0.362188 0.036439 0.012047
13 0.485046 0.361519 0.036439 0.012047
