22 0.258689 0.169336 0.037466 0.030672
26 0.718052 0.249849 0.010351 0.022308
26 0.500373 0.163410 0.007530 0.018593
13 0.708235 0.253134 0.014198 0.030450
13 0.519891 0.234393 0.014198 0.030450
26 0.289700 0.249920 0.010189 0.025561
26 0.369390 0.246667 0.010189 0.025561
26 0.433473 0.249920 0.010185 0.025561
23 0.526918 0.263239 0.030169 0.043504
23 0.616144 0.260721 0.030169 0.043504
26 0.813932 0.248447 0.010355 0.022308
13 0.512127 0.163031 0.012780 0.029778
13 0.608384 0.230712 0.014198 0.030450
13 0.277357 0.252311 0.014198 0.030456
13 0.803354 0.251795 0.014194 0.030450
13 0.358757 0.249117 0.014194 0.030450
13 0.426428 0.252462 0.014194 0.030450
