22 0.133550 0.466507 0.030081 0.040023
33 0.131910 0.639450 0.027881 0.011789
13 0.307123 0.689422 0.084786 0.009875
3 0.162176 0.647165 0.024641 0.015493
26 0.288046 0.500066 0.025326 0.012815
13 0.309492 0.510484 0.070588 0.011168
23 0.279363 0.642279 0.079275 0.020821
23 0.280854 0.678236 0.080645 0.020826
23 0.281027 0.534376 0.077284 0.020821
13 0.164549 0.668718 0.017752 0.031510
13 0.311459 0.723530 0.070588 0.010604
13 0.305544 0.654105 0.084786 0.009510
13 0.136878 0.656450 0.027341 0.039875
13 0.311249 0.759570 0.070588 0.010205
13 0.305544 0.582712 0.084786 0.009504
26 0.288642 0.714695 0.025326 0.012821
13 0.304150 0.547194 0.084786 0.009316
13 0.305544 0.618063 0.084786 0.010484
23 0.280359 0.570581 0.075947 0.020821
26 0.288533 0.751174 0.025334 0.012821
23 0.280838 0.606074 0.079001 0.020821
