13 0.578445 0.347615 0.013429 0.020123
13 0.444718 0.347132 0.013429 0.017606
13 0.411915 0.347126 0.013429 0.019147
13 0.206995 0.351356 0.016709 0.025208
26 0.621338 0.339737 0.008034 0.014136
26 0.587868 0.339646 0.008034 0.014136
26 0.553953 0.340418 0.008031 0.014136
22 0.637138 0.271812 0.015371 0.012750
26 0.520930 0.340224 0.008031 0.014136
26 0.453546 0.340418 0.008034 0.014136
26 0.487461 0.341000 0.008031 0.014136
26 0.420463 0.339490 0.008034 0.014136
23 0.187979 0.343140 0.013759 0.017592
23 0.221758 0.341768 0.013759 0.017592
13 0.273826 0.351218 0.016709 0.024369
23 0.255228 0.342414 0.013759 0.017592
33 0.229053 0.284942 0.006406 0.012507
23 0.288326 0.342414 0.013759 0.017592
13 0.477890 0.347809 0.013429 0.019736
13 0.544977 0.347033 0.013426 0.018184
23 0.321918 0.342576 0.013759 0.017592
13 0.511507 0.347906 0.013426 0.017602
23 0.354951 0.342593 0.013759 0.017592
13 0.173375 0.350742 0.016706 0.025603
23 0.388153 0.342128 0.013759 0.017592
13 0.306599 0.350876 0.016709 0.027281
13 0.377287 0.351738 0.016709 0.026114
13 0.240840 0.351178 0.016706 0.026121
13 0.611617 0.347429 0.013429 0.020882
13 0.218757 0.294975 0.013429 0.008498
13 0.340874 0.351005 0.016709 0.025353
