13 0.413160 0.327773 0.020707 0.027197
13 0.334087 0.328764 0.020704 0.025441
13 0.486348 0.328591 0.014640 0.025095
26 0.474636 0.300714 0.009282 0.049009
26 0.435012 0.300598 0.009282 0.049009
23 0.395559 0.309080 0.014428 0.066227
23 0.356467 0.308616 0.014428 0.066231
23 0.316840 0.309238 0.014428 0.066227
26 0.276757 0.301881 0.009667 0.052281
26 0.237337 0.301493 0.009670 0.052281
26 0.197470 0.301689 0.009670 0.052285
26 0.159610 0.302269 0.009670 0.052281
13 0.446896 0.327821 0.014637 0.026023
13 0.288028 0.327712 0.014637 0.027638
13 0.209307 0.328382 0.014637 0.026298
13 0.373355 0.328355 0.020707 0.026033
22 0.177744 0.266019 0.010352 0.011157
13 0.248399 0.328367 0.014637 0.027257
13 0.170926 0.328205 0.014637 0.026862
