13 0.458404 0.347559 0.015176 0.023239
13 0.636973 0.347592 0.015176 0.024639
13 0.696518 0.347952 0.015176 0.022994
6 0.511687 0.336691 0.005829 0.012642
13 0.369448 0.347062 0.015178 0.024791
13 0.220467 0.347941 0.015176 0.022852
13 0.488105 0.348211 0.011367 0.024542
13 0.666896 0.347486 0.015176 0.023458
13 0.128593 0.346927 0.012931 0.024400
22 0.134759 0.292085 0.009925 0.009527
13 0.250239 0.347874 0.015176 0.023445
13 0.340036 0.346889 0.015178 0.024021
13 0.191146 0.347703 0.015178 0.022861
13 0.309195 0.347973 0.011367 0.025885
13 0.577578 0.347486 0.015176 0.023458
13 0.517335 0.354488 0.011008 0.022030
13 0.399400 0.347350 0.015176 0.024215
13 0.607051 0.347371 0.015176 0.024621
13 0.280312 0.347865 0.015176 0.024397
26 0.504630 0.322609 0.006963 0.043303
26 0.474018 0.323455 0.006961 0.043303
26 0.295624 0.322942 0.006961 0.043303
26 0.120057 0.322942 0.006961 0.043303
23 0.683145 0.330214 0.011278 0.058870
23 0.653570 0.329059 0.011276 0.058870
23 0.623372 0.329641 0.011276 0.058870
23 0.594648 0.330529 0.011276 0.058870
23 0.563793 0.329692 0.011276 0.058870
23 0.445246 0.329971 0.011276 0.058870
23 0.415834 0.330250 0.011276 0.058870
23 0.385701 0.329971 0.011276 0.058870
23 0.355568 0.329133 0.011276 0.058873
23 0.326518 0.329971 0.011278 0.058870
23 0.266646 0.329183 0.011276 0.058870
23 0.236766 0.330186 0.011276 0.058870
23 0.207102 0.330186 0.011278 0.058870
23 0.177654 0.329517 0.011276 0.058870
23 0.147990 0.329850 0.011278 0.058870
13 0.161294 0.347980 0.015176 0.023233
13 0.428992 0.347571 0.015176 0.022658
