13 0.340504 0.252407 0.027446 0.055356
13 0.208940 0.251214 0.027446 0.053425
13 0.347506 0.143903 0.023280 0.034359
22 0.215216 0.122305 0.051761 0.069920
33 0.365286 0.135783 0.010153 0.066325
23 0.236128 0.245766 0.022716 0.053880
13 0.404863 0.252407 0.027446 0.055356
23 0.301189 0.242581 0.022716 0.053880
23 0.365786 0.243584 0.022716 0.053880
13 0.274962 0.252493 0.027450 0.055185
23 0.430854 0.243920 0.022716 0.053880
23 0.496869 0.241912 0.022716 0.053875
13 0.470052 0.252544 0.028961 0.054832
