13 0.555780 0.231222 0.030947 0.039755
23 0.582693 0.229368 0.020351 0.032456
13 0.497857 0.229211 0.030951 0.039755
13 0.283477 0.106527 0.026688 0.026900
13 0.736080 0.229615 0.030951 0.039755
23 0.523066 0.229034 0.020346 0.032462
22 0.151841 0.064849 0.055302 0.032695
13 0.200858 0.228410 0.030951 0.039749
13 0.318409 0.231621 0.030951 0.039755
13 0.676168 0.230818 0.030951 0.039755
13 0.260770 0.230419 0.030951 0.039755
23 0.463676 0.230037 0.020351 0.032462
33 0.301745 0.106749 0.008380 0.023003
23 0.761340 0.229536 0.020351 0.032462
23 0.344660 0.229704 0.020351 0.032456
13 0.377184 0.230014 0.030951 0.039755
13 0.437663 0.230014 0.030951 0.039755
23 0.701237 0.229034 0.020346 0.032462
13 0.615691 0.229615 0.030947 0.039755
23 0.286215 0.229704 0.020351 0.032456
23 0.225169 0.230037 0.020346 0.032462
23 0.641847 0.229368 0.020351 0.032456
23 0.404523 0.229704 0.020351 0.032456
23 0.167198 0.228698 0.020351 0.032462
13 0.140516 0.229405 0.030951 0.039755
