23 0.172914 0.339972 0.014139 0.030120
26 0.391119 0.334496 0.007140 0.016072
13 0.300710 0.338117 0.021847 0.017560
13 0.375359 0.338011 0.024201 0.019111
26 0.427860 0.334302 0.007140 0.016072
26 0.464155 0.334688 0.007140 0.016075
26 0.500452 0.334302 0.007140 0.016072
22 0.138124 0.237560 0.017581 0.013251
26 0.611032 0.333600 0.007140 0.016072
13 0.704014 0.336555 0.024204 0.019111
13 0.264296 0.336918 0.021847 0.020169
26 0.537516 0.334603 0.007140 0.016075
13 0.666383 0.338159 0.024201 0.019111
13 0.337767 0.337288 0.021850 0.018935
13 0.412216 0.336957 0.024204 0.019111
13 0.630294 0.337355 0.024201 0.019111
13 0.521101 0.336957 0.024201 0.019111
13 0.191242 0.337941 0.021850 0.018900
13 0.447688 0.337757 0.024201 0.019111
13 0.283562 0.259767 0.027763 0.021439
13 0.484395 0.336153 0.024201 0.019111
23 0.684404 0.339677 0.014139 0.030116
13 0.227881 0.336830 0.021850 0.018724
26 0.574017 0.334268 0.007140 0.016075
23 0.647996 0.339691 0.014139 0.030116
23 0.319465 0.339275 0.014136 0.030116
23 0.282337 0.340205 0.014139 0.030120
13 0.594820 0.337355 0.024201 0.019111
13 0.557807 0.336555 0.024201 0.019111
26 0.258338 0.256839 0.007885 0.028466
23 0.245565 0.339508 0.014136 0.030116
23 0.210043 0.340205 0.014139 0.030120
26 0.354670 0.334006 0.007140 0.016072
