13 0.451757 0.235048 0.032707 0.029060
13 0.671863 0.234085 0.036813 0.029538
13 0.341702 0.234564 0.032712 0.029060
13 0.425191 0.106325 0.040205 0.029972
13 0.617695 0.234803 0.036809 0.029538
13 0.396217 0.235048 0.032707 0.029060
22 0.206172 0.072091 0.025214 0.022165
13 0.286585 0.235328 0.032712 0.029060
23 0.424664 0.240274 0.019521 0.044342
23 0.370244 0.240274 0.019521 0.044342
23 0.314837 0.239994 0.019521 0.044342
23 0.259736 0.240140 0.019521 0.044336
26 0.641442 0.230162 0.011595 0.025100
26 0.586313 0.230499 0.011595 0.025100
26 0.531180 0.229826 0.011595 0.025100
26 0.476871 0.228986 0.011591 0.025094
26 0.388803 0.103573 0.012981 0.044615
13 0.562657 0.235048 0.035766 0.030986
13 0.507299 0.235302 0.034766 0.029567
