22 0.209534 0.231257 0.026777 0.051033
13 0.446771 0.357465 0.024848 0.047652
26 0.406051 0.342075 0.009816 0.018156
16 0.240352 0.256998 0.009171 0.014848
26 0.350538 0.342075 0.009813 0.018156
26 0.295760 0.343017 0.009813 0.018156
13 0.390435 0.356185 0.024846 0.047419
13 0.267435 0.263300 0.026132 0.031396
13 0.502249 0.356661 0.024846 0.046467
13 0.279901 0.355820 0.024846 0.045631
13 0.335171 0.356589 0.024848 0.047169
26 0.518151 0.341842 0.009813 0.018156
26 0.462100 0.341610 0.009813 0.018156
