27 0.878086 0.430282 0.017510 0.044838
26 0.567810 0.258396 0.018739 0.036621
13 0.723894 0.251214 0.033050 0.045789
13 0.251251 0.250607 0.033050 0.043208
13 0.605320 0.252123 0.033050 0.045897
13 0.545014 0.250721 0.033050 0.043892
13 0.877613 0.402006 0.016563 0.013721
13 0.664948 0.252182 0.033054 0.043852
13 0.311275 0.251345 0.033050 0.044570
13 0.783519 0.252427 0.033050 0.042405
13 0.390723 0.096208 0.025757 0.039709
27 0.393433 0.157094 0.049154 0.046040
22 0.263370 0.074638 0.119255 0.073721
13 0.344929 0.153239 0.038844 0.025111
13 0.840763 0.251698 0.033050 0.044821
33 0.410101 0.101621 0.016761 0.036952
26 0.805457 0.257923 0.018739 0.036621
26 0.687403 0.260322 0.018739 0.036621
26 0.629480 0.260322 0.018743 0.036621
26 0.508523 0.258880 0.018739 0.036621
26 0.214458 0.258915 0.018739 0.036621
26 0.274321 0.258245 0.018739 0.036627
26 0.745878 0.258869 0.017744 0.037476
