22 0.261847 0.072641 0.120205 0.076906
26 0.274230 0.258105 0.018928 0.037088
13 0.251626 0.250564 0.033525 0.042553
13 0.489190 0.250174 0.033529 0.043368
33 0.410872 0.102635 0.016563 0.037088
26 0.214087 0.258516 0.018932 0.037088
13 0.391324 0.097476 0.025790 0.042131
13 0.310923 0.251345 0.033529 0.042177
13 0.430312 0.251521 0.033525 0.042986
13 0.371027 0.250348 0.033529 0.044171
26 0.511295 0.260635 0.018932 0.037088
26 0.451100 0.261034 0.018928 0.037088
26 0.392933 0.260339 0.018928 0.037088
26 0.332792 0.260060 0.018928 0.037088
13 0.548886 0.250174 0.033525 0.043368
