23 0.586092 0.239071 0.027260 0.050997
13 0.500512 0.249123 0.024940 0.036593
13 0.764776 0.335259 0.092180 0.035350
22 0.169154 0.057128 0.023852 0.020239
27 0.587393 0.318732 0.013062 0.017761
13 0.385469 0.326544 0.013815 0.013145
27 0.463219 0.318726 0.013062 0.017761
13 0.436320 0.249299 0.024944 0.037402
27 0.400935 0.318373 0.013062 0.017761
13 0.447504 0.326897 0.013815 0.013145
13 0.561434 0.248151 0.024940 0.037385
23 0.339073 0.238000 0.027260 0.050997
23 0.400973 0.238000 0.027256 0.050997
23 0.463439 0.239202 0.027256 0.050997
23 0.524768 0.238000 0.027256 0.050997
26 0.709508 0.136490 0.023513 0.024091
26 0.426686 0.115547 0.015854 0.033795
13 0.315900 0.248450 0.024944 0.037413
13 0.731720 0.126268 0.021668 0.027350
13 0.405240 0.117108 0.026168 0.041054
13 0.324819 0.327066 0.013811 0.013140
27 0.339664 0.318718 0.013058 0.017755
13 0.377033 0.247926 0.024944 0.038986
13 0.508785 0.326897 0.013815 0.013145
27 0.525548 0.317194 0.013062 0.017761
13 0.570824 0.326903 0.013815 0.013145
