13 0.670733 0.250635 0.028195 0.050900
13 0.485109 0.249860 0.028195 0.051288
26 0.537198 0.115835 0.015330 0.035339
26 0.755262 0.231080 0.017035 0.032929
26 0.692500 0.229490 0.017039 0.032929
13 0.548074 0.249658 0.028195 0.050541
13 0.515655 0.116852 0.025894 0.040769
26 0.631170 0.229085 0.017039 0.032929
26 0.568989 0.230692 0.017035 0.032929
26 0.506805 0.231097 0.017035 0.032929
26 0.444907 0.231097 0.017035 0.032929
13 0.609815 0.250410 0.028195 0.052501
13 0.598975 0.117858 0.021398 0.014063
22 0.279923 0.057080 0.018743 0.018308
0 0.598221 0.116792 0.025919 0.029835
13 0.732474 0.250410 0.028195 0.052501
13 0.424178 0.250655 0.028195 0.049687
