13 0.572571 0.283123 0.032699 0.052034
13 0.344625 0.282157 0.032699 0.052040
26 0.310349 0.270179 0.009521 0.027425
13 0.229782 0.283097 0.032699 0.052040
23 0.657703 0.280755 0.022675 0.050194
13 0.274251 0.188655 0.028961 0.049151
26 0.485598 0.270066 0.009521 0.027425
13 0.630153 0.282157 0.032699 0.052040
26 0.297554 0.196889 0.008872 0.024262
26 0.251871 0.271459 0.009714 0.028843
13 0.461493 0.282157 0.032703 0.052040
26 0.426279 0.270761 0.009521 0.027425
13 0.402889 0.282641 0.032699 0.052040
13 0.519075 0.283604 0.032703 0.052040
13 0.692844 0.282641 0.032699 0.052040
13 0.310913 0.157125 0.018118 0.015892
23 0.599702 0.281929 0.022675 0.050194
26 0.367947 0.270761 0.009521 0.027425
22 0.458481 0.151598 0.066100 0.033248
26 0.715377 0.270530 0.009521 0.027430
26 0.542286 0.269370 0.009521 0.027425
13 0.287383 0.282641 0.032703 0.052040
