26 0.430492 0.262145 0.015181 0.039037
26 0.495087 0.261142 0.015185 0.039037
26 0.558735 0.258464 0.015181 0.039037
26 0.623568 0.260473 0.015185 0.039043
26 0.688165 0.257795 0.015185 0.039043
26 0.752760 0.259803 0.015181 0.039037
13 0.479881 0.277293 0.012268 0.067464
26 0.816646 0.259467 0.015185 0.039037
23 0.307929 0.272521 0.040226 0.077635
23 0.267395 0.143689 0.037385 0.065920
22 0.372693 0.104499 0.040479 0.019083
33 0.450161 0.093769 0.015794 0.073897
13 0.609017 0.275849 0.012264 0.067459
13 0.414803 0.275849 0.012264 0.067459
13 0.350066 0.276812 0.012268 0.067459
3 0.452996 0.159034 0.019714 0.034627
13 0.156871 0.275872 0.012268 0.067459
13 0.673753 0.275849 0.012268 0.067459
13 0.544619 0.275849 0.012268 0.067459
13 0.802889 0.275849 0.012264 0.067459
13 0.278854 0.288855 0.012268 0.096365
13 0.222228 0.155211 0.050290 0.030991
13 0.485949 0.157989 0.039658 0.028912
13 0.485540 0.117678 0.049476 0.017009
13 0.737810 0.277293 0.012268 0.067464
13 0.221612 0.276330 0.012264 0.067464
26 0.171418 0.260803 0.015181 0.039043
26 0.237186 0.259954 0.015185 0.039043
26 0.364714 0.258798 0.015181 0.039043
