26 0.139740 0.265610 0.016926 0.012781
26 0.139247 0.163593 0.016922 0.012781
26 0.139740 0.197986 0.016926 0.012781
26 0.139740 0.231917 0.016926 0.012781
26 0.140066 0.299074 0.016926 0.012781
26 0.140147 0.365889 0.016926 0.012781
13 0.149573 0.356336 0.067293 0.017265
13 0.149702 0.289063 0.067293 0.017271
22 0.074237 0.187071 0.052172 0.030530
13 0.149984 0.148117 0.067293 0.017271
13 0.149702 0.186667 0.067293 0.017265
13 0.149702 0.220399 0.067293 0.017265
27 0.233719 0.351755 0.025955 0.044399
13 0.149984 0.254128 0.067293 0.017271
13 0.234045 0.321000 0.040886 0.024496
