22 0.515524 0.095667 0.091595 0.030091
13 0.628473 0.299746 0.102055 0.028450
13 0.545580 0.266789 0.136398 0.035390
13 0.827675 0.299051 0.102055 0.028450
26 0.606636 0.459356 0.042925 0.039031
26 0.411688 0.194259 0.048276 0.049795
13 0.728562 0.299051 0.102055 0.028450
26 0.710218 0.458877 0.042933 0.039031
26 0.410363 0.266701 0.037615 0.039897
13 0.518594 0.213359 0.127566 0.028450
13 0.528409 0.299402 0.102055 0.028444
26 0.497969 0.457174 0.042933 0.039031
26 0.808348 0.457430 0.042933 0.039031
