13 0.284103 0.298171 0.050769 0.028912
26 0.573969 0.456374 0.017943 0.034021
26 0.513125 0.454988 0.017943 0.034021
26 0.451792 0.458453 0.017943 0.034021
13 0.583114 0.300556 0.050775 0.028912
26 0.391929 0.457067 0.017943 0.034021
26 0.328145 0.454988 0.017943 0.034021
26 0.266470 0.457284 0.017943 0.034021
13 0.644108 0.301039 0.050769 0.028912
13 0.279162 0.260588 0.074279 0.027945
22 0.247823 0.095185 0.046917 0.029774
26 0.205476 0.270383 0.017037 0.033433
26 0.199595 0.189218 0.036023 0.058227
13 0.270818 0.210234 0.083481 0.022643
26 0.216291 0.189218 0.020353 0.058227
26 0.205997 0.190355 0.020348 0.058227
13 0.767111 0.299114 0.050769 0.028912
13 0.397749 0.298630 0.050769 0.028912
13 0.706120 0.300081 0.050769 0.028912
13 0.460786 0.300081 0.050769 0.028912
13 0.523823 0.299114 0.050769 0.028912
26 0.880142 0.457760 0.017949 0.034021
13 0.338123 0.299114 0.050775 0.028912
26 0.819302 0.457067 0.017943 0.034021
26 0.758459 0.458453 0.017943 0.034021
13 0.889778 0.298630 0.050769 0.028912
13 0.828105 0.299114 0.050775 0.028912
26 0.695655 0.454988 0.017943 0.034021
26 0.636282 0.457067 0.017943 0.034021
