22 0.190602 0.117487 0.018457 0.018872
13 0.549772 0.332792 0.019593 0.029459
13 0.441309 0.333197 0.019589 0.031863
13 0.302758 0.177248 0.028965 0.027772
13 0.222830 0.333932 0.019593 0.030028
13 0.276626 0.334450 0.019593 0.029356
13 0.332278 0.334276 0.019593 0.028895
13 0.386509 0.334624 0.019593 0.030615
13 0.495542 0.335282 0.019593 0.030906
16 0.327482 0.203091 0.009363 0.064815
26 0.623765 0.312479 0.012027 0.042108
26 0.514037 0.312328 0.012031 0.042103
26 0.459615 0.312328 0.012027 0.042103
26 0.404089 0.311601 0.012031 0.042108
26 0.349905 0.312940 0.012027 0.042108
26 0.294774 0.313613 0.012031 0.042108
26 0.240353 0.311601 0.012027 0.042108
26 0.569009 0.313282 0.009468 0.036809
13 0.605709 0.333251 0.019589 0.030946
