16 0.327710 0.203621 0.011124 0.065920
26 0.349839 0.313231 0.010886 0.037812
13 0.303296 0.176356 0.031233 0.023937
26 0.295417 0.314234 0.010882 0.037812
13 0.440723 0.333362 0.023002 0.025926
13 0.332828 0.332621 0.022998 0.027407
13 0.388195 0.332994 0.022998 0.028268
22 0.189438 0.116245 0.019311 0.018872
26 0.240753 0.313715 0.010886 0.037812
26 0.405681 0.313897 0.010886 0.037812
13 0.222518 0.332957 0.022998 0.027966
13 0.276608 0.334134 0.022998 0.025989
26 0.459392 0.313897 0.010886 0.037812
