26 0.484517 0.353011 0.012208 0.053009
26 0.211652 0.351806 0.012208 0.053003
26 0.257651 0.352208 0.012208 0.053009
26 0.438803 0.353011 0.012208 0.053009
22 0.529289 0.237726 0.024122 0.017345
13 0.513769 0.370293 0.012510 0.011242
13 0.467907 0.369695 0.012776 0.013236
13 0.423193 0.369094 0.014774 0.012832
13 0.197313 0.370293 0.016753 0.012040
13 0.189609 0.263040 0.017035 0.011436
26 0.303364 0.353011 0.012208 0.053009
26 0.348227 0.350604 0.012208 0.053003
13 0.151446 0.370316 0.016753 0.010832
26 0.392804 0.352208 0.012208 0.053009
13 0.333187 0.370293 0.012514 0.012040
13 0.286618 0.369293 0.011938 0.012433
26 0.212641 0.229046 0.013719 0.115869
13 0.242170 0.369695 0.012196 0.012439
26 0.530101 0.352994 0.012208 0.053009
13 0.376906 0.370293 0.013634 0.012040
26 0.167643 0.352208 0.012208 0.053009
