13 0.648129 0.266672 0.042019 0.026906
26 0.242290 0.258815 0.011640 0.024786
13 0.511374 0.267852 0.023852 0.025504
13 0.370258 0.265051 0.023852 0.024689
27 0.389273 0.351265 0.015169 0.018952
13 0.576259 0.361741 0.021559 0.026000
27 0.318213 0.351781 0.016273 0.020997
27 0.246249 0.351524 0.014835 0.020484
13 0.298991 0.263655 0.023848 0.027481
22 0.922663 0.073370 0.033529 0.052575
13 0.720534 0.268271 0.042019 0.026912
13 0.217947 0.356972 0.021559 0.026000
13 0.530850 0.131014 0.023852 0.027385
13 0.289104 0.357652 0.021559 0.025994
13 0.439539 0.267427 0.023848 0.027162
23 0.679005 0.264293 0.021910 0.036405
23 0.750620 0.264100 0.021910 0.036405
26 0.600475 0.258872 0.011636 0.024786
26 0.530203 0.258815 0.011640 0.024786
13 0.791235 0.267729 0.042019 0.027197
26 0.458934 0.259618 0.011640 0.024786
13 0.361795 0.358675 0.021559 0.026000
26 0.385965 0.259618 0.011640 0.024786
13 0.581791 0.267026 0.023848 0.027157
23 0.821136 0.265456 0.021910 0.036405
13 0.227429 0.262550 0.023852 0.026866
27 0.603187 0.351265 0.014819 0.019977
26 0.548044 0.118926 0.012542 0.026433
26 0.315546 0.259618 0.011640 0.024786
