26 0.344476 0.237057 0.011434 0.026490
26 0.392518 0.236094 0.011434 0.026490
13 0.281936 0.248202 0.027941 0.043846
26 0.441241 0.235131 0.011434 0.026490
22 0.192000 0.091846 0.023171 0.014940
26 0.487921 0.236094 0.011434 0.026490
13 0.274116 0.124131 0.024533 0.043852
26 0.249414 0.237057 0.011438 0.026490
26 0.256068 0.122464 0.011434 0.026490
13 0.329639 0.248202 0.027941 0.043846
13 0.472734 0.245311 0.022502 0.043852
13 0.232871 0.247236 0.027941 0.043852
13 0.423676 0.248684 0.027941 0.043852
26 0.201712 0.235613 0.011434 0.026496
26 0.298137 0.237057 0.011438 0.026490
13 0.377000 0.248202 0.027941 0.043846
13 0.186876 0.246755 0.027941 0.043846
