22 0.264603 0.048020 0.094001 0.030114
13 0.400602 0.086368 0.076378 0.031322
13 0.316692 0.145593 0.033787 0.028929
3 0.451386 0.088832 0.026946 0.039510
23 0.487387 0.170031 0.027998 0.032348
13 0.269559 0.146587 0.033791 0.028934
26 0.292973 0.168085 0.013803 0.028444
26 0.245854 0.168641 0.013803 0.028439
26 0.448020 0.054339 0.014396 0.027607
13 0.463340 0.151806 0.036334 0.041356
13 0.419484 0.048422 0.048840 0.026906
13 0.508783 0.151621 0.033787 0.041362
13 0.365246 0.152208 0.033787 0.041362
13 0.414081 0.151405 0.033787 0.041362
23 0.344442 0.171154 0.027998 0.032348
23 0.392742 0.172538 0.027998 0.032348
23 0.440262 0.171427 0.028002 0.032348
