16 0.428342 0.198174 0.014589 0.066091
13 0.247947 0.298877 0.040697 0.059225
23 0.340308 0.301875 0.021535 0.051533
22 0.222623 0.094205 0.037752 0.047373
13 0.369329 0.298544 0.040697 0.059231
23 0.278316 0.300536 0.021531 0.051533
13 0.492373 0.298610 0.040701 0.059225
23 0.460745 0.301202 0.021531 0.051533
23 0.400882 0.302205 0.021531 0.051533
13 0.471636 0.169601 0.053948 0.061436
13 0.678918 0.298789 0.040697 0.059231
13 0.616686 0.299123 0.040697 0.059225
23 0.216904 0.302536 0.021535 0.051533
23 0.523211 0.301202 0.021531 0.051533
13 0.429192 0.298544 0.040697 0.059231
23 0.584968 0.302541 0.021531 0.051533
23 0.646249 0.302541 0.021531 0.051533
13 0.186674 0.299707 0.040697 0.059231
13 0.308757 0.298208 0.040697 0.059231
13 0.554220 0.298117 0.040697 0.059231
23 0.709662 0.301202 0.021531 0.051533
