26 0.263020 0.212624 0.011358 0.025100
13 0.352992 0.125382 0.045314 0.027949
26 0.500816 0.213128 0.011358 0.025094
13 0.300351 0.214530 0.055197 0.030838
22 0.213807 0.082738 0.023852 0.017829
26 0.432673 0.214131 0.011358 0.025094
13 0.377687 0.216963 0.049057 0.030838
13 0.535107 0.213590 0.047015 0.030838
26 0.343233 0.213128 0.011358 0.025094
13 0.602228 0.214553 0.047019 0.030838
26 0.569200 0.213128 0.011358 0.025094
26 0.317981 0.120818 0.014198 0.032906
13 0.465937 0.216000 0.047015 0.030838
