13 0.725091 0.356154 0.013630 0.022393
13 0.905840 0.379766 0.030947 0.026336
26 0.667599 0.315573 0.011757 0.080661
13 0.834690 0.355547 0.013626 0.019584
26 0.703683 0.315852 0.011757 0.080661
26 0.740161 0.316536 0.011757 0.080661
26 0.775455 0.314179 0.011757 0.076507
13 0.785405 0.179610 0.025894 0.015972
13 0.872454 0.355405 0.013626 0.019869
26 0.813116 0.313063 0.011761 0.076507
26 0.849003 0.312783 0.011761 0.076507
13 0.761434 0.355895 0.013626 0.022103
26 0.885580 0.315860 0.011757 0.076507
26 0.918046 0.319772 0.009597 0.084558
26 0.948660 0.319339 0.010979 0.082325
33 0.761801 0.160020 0.009702 0.027105
13 0.798062 0.355547 0.013626 0.019584
13 0.905959 0.356607 0.013626 0.020678
22 0.705165 0.168561 0.081434 0.046741
13 0.938044 0.356724 0.013630 0.021254
19 0.816003 0.363587 0.013336 0.016803
13 0.836007 0.380348 0.030943 0.026336
13 0.798209 0.378598 0.030947 0.026336
19 0.778783 0.362735 0.013336 0.016798
13 0.871336 0.380154 0.030947 0.026336
19 0.853098 0.363758 0.013336 0.016803
13 0.968141 0.357293 0.013630 0.020114
13 0.690445 0.355259 0.013630 0.020946
19 0.888618 0.363758 0.013336 0.016803
