13 0.861418 0.225162 0.018090 0.028889
13 0.671976 0.226610 0.018086 0.028889
26 0.323781 0.243345 0.013485 0.040490
23 0.513072 0.236148 0.017981 0.054883
13 0.328771 0.135228 0.029436 0.029145
13 0.624615 0.225644 0.018086 0.028895
13 0.433809 0.225160 0.019762 0.024575
26 0.560977 0.242849 0.013485 0.040490
13 0.386452 0.223974 0.019762 0.024575
26 0.656569 0.243516 0.013485 0.040490
26 0.704601 0.244185 0.013489 0.040496
26 0.370028 0.242513 0.013489 0.040490
13 0.532284 0.224433 0.023183 0.038541
13 0.576410 0.225157 0.018090 0.028889
13 0.814738 0.225162 0.018090 0.028889
13 0.719678 0.226125 0.018090 0.028889
26 0.799011 0.245191 0.013485 0.040490
26 0.464438 0.243516 0.013485 0.040490
26 0.417824 0.244185 0.013489 0.040496
26 0.750741 0.244185 0.013489 0.040496
26 0.609482 0.244185 0.013485 0.040496
26 0.301674 0.147952 0.011438 0.025932
13 0.480828 0.225160 0.019762 0.024575
13 0.766356 0.223236 0.018086 0.028889
22 0.600099 0.097758 0.033364 0.019425
26 0.846807 0.244519 0.013485 0.040490
13 0.337728 0.223251 0.017720 0.024097
