16 0.607006 0.246208 0.010024 0.034387
13 0.519885 0.282080 0.017176 0.073436
16 0.678090 0.247185 0.010024 0.034393
3 0.351491 0.144393 0.017937 0.028467
26 0.248052 0.239379 0.007232 0.023704
26 0.350256 0.110385 0.006902 0.021613
16 0.392593 0.246097 0.010020 0.034393
13 0.310747 0.281499 0.008586 0.064182
13 0.240016 0.281786 0.011039 0.058980
16 0.464053 0.245650 0.010024 0.034387
22 0.257071 0.034487 0.079218 0.026501
13 0.375959 0.282382 0.017172 0.073436
13 0.735355 0.282382 0.015536 0.073436
13 0.663803 0.283538 0.015536 0.073436
13 0.591434 0.282963 0.015536 0.046838
13 0.447921 0.282963 0.017172 0.073436
16 0.535431 0.245373 0.010024 0.034393
26 0.319448 0.240000 0.007228 0.023704
13 0.385979 0.109980 0.044013 0.013658
13 0.806094 0.283236 0.015540 0.073436
26 0.819371 0.241419 0.007228 0.023704
16 0.750314 0.246724 0.010024 0.034393
