13 0.426716 0.247462 0.037204 0.049726
26 0.376839 0.203527 0.010842 0.024821
13 0.562869 0.248040 0.037204 0.049732
33 0.314825 0.190558 0.010254 0.026769
13 0.359053 0.247462 0.037204 0.049726
22 0.309154 0.103165 0.091176 0.035265
13 0.630741 0.248040 0.037204 0.049732
13 0.494180 0.248618 0.037208 0.049726
13 0.284422 0.250909 0.047434 0.049726
26 0.579865 0.203487 0.010842 0.024821
26 0.512983 0.203097 0.010842 0.024815
26 0.649194 0.203487 0.010846 0.024821
13 0.698207 0.248618 0.037204 0.049726
26 0.717575 0.203151 0.010846 0.024821
26 0.444168 0.203097 0.010842 0.024815
