27 0.266561 0.249613 0.006620 0.018883
26 0.310618 0.155211 0.009859 0.020917
13 0.247333 0.239840 0.035778 0.024068
13 0.399523 0.077920 0.032937 0.036296
26 0.352689 0.154513 0.009859 0.020912
13 0.291104 0.190618 0.032369 0.036279
13 0.549373 0.191017 0.032365 0.035481
0 0.373296 0.073353 0.007534 0.020917
13 0.248356 0.190618 0.032369 0.036735
27 0.309466 0.247191 0.006620 0.018883
26 0.421630 0.077806 0.009722 0.029436
22 0.227186 0.049365 0.066096 0.013293
13 0.290083 0.241171 0.035774 0.024792
26 0.395703 0.155208 0.009585 0.020524
26 0.438697 0.156177 0.009585 0.020524
13 0.333354 0.241274 0.035774 0.023630
13 0.377309 0.190148 0.032369 0.036251
26 0.524136 0.155017 0.009585 0.020530
13 0.333352 0.191242 0.032369 0.036957
13 0.461807 0.190900 0.032365 0.037641
13 0.361761 0.069504 0.009654 0.013652
13 0.505761 0.190473 0.032369 0.038496
26 0.223693 0.154698 0.009859 0.020917
26 0.266416 0.155211 0.009859 0.020917
27 0.223544 0.249527 0.006620 0.018883
26 0.481420 0.155208 0.009585 0.020524
13 0.419218 0.190048 0.032369 0.037419
