13 0.463411 0.190860 0.038844 0.036194
13 0.591187 0.190080 0.029311 0.036798
13 0.676702 0.190860 0.029311 0.036194
13 0.634793 0.190647 0.029311 0.037590
13 0.291684 0.191217 0.038840 0.036450
13 0.376865 0.192011 0.038840 0.036786
13 0.249037 0.191094 0.038840 0.035977
13 0.333934 0.191684 0.038844 0.036473
13 0.419116 0.191188 0.038844 0.036507
13 0.437770 0.078556 0.025838 0.037225
33 0.459476 0.071949 0.008872 0.018359
23 0.225820 0.160533 0.018078 0.030444
26 0.652198 0.155171 0.010254 0.020359
26 0.609208 0.154188 0.010254 0.020353
13 0.548592 0.190291 0.038844 0.037333
26 0.566025 0.155581 0.010254 0.020359
13 0.506001 0.191684 0.038844 0.036473
23 0.525580 0.160370 0.017744 0.030211
23 0.482532 0.161293 0.017748 0.030211
23 0.439809 0.160826 0.017748 0.030211
23 0.396593 0.160365 0.017748 0.030211
23 0.354365 0.160826 0.017748 0.030211
23 0.310822 0.160595 0.017744 0.030205
23 0.268429 0.159433 0.017744 0.030205
22 0.228566 0.041832 0.080097 0.030752
