13 0.508443 0.270732 0.038844 0.025111
26 0.468203 0.241285 0.010427 0.037738
13 0.274365 0.269937 0.038844 0.024775
26 0.350387 0.242444 0.010427 0.037732
13 0.345052 0.140516 0.025552 0.022456
13 0.391575 0.271402 0.038840 0.024741
22 0.242319 0.121897 0.113106 0.014393
26 0.377873 0.140547 0.021289 0.019749
26 0.408062 0.242909 0.010427 0.037738
26 0.526817 0.242231 0.010427 0.037738
13 0.333652 0.270376 0.038844 0.026792
13 0.451203 0.269749 0.038844 0.026108
13 0.215066 0.269812 0.038844 0.024068
26 0.291072 0.241980 0.010427 0.037738
26 0.231918 0.241746 0.010427 0.037738
