23 0.395610 0.280105 0.025081 0.054547
13 0.600359 0.285470 0.041910 0.072023
13 0.526215 0.161980 0.061898 0.055014
3 0.473654 0.164140 0.031233 0.050194
13 0.418993 0.283501 0.017043 0.039368
13 0.651471 0.284376 0.029613 0.039635
22 0.303749 0.105963 0.101930 0.040154
13 0.359607 0.283191 0.017047 0.039658
0 0.558864 0.276538 0.006438 0.018023
13 0.537782 0.282390 0.026531 0.041590
26 0.467857 0.099513 0.013409 0.037920
33 0.629089 0.273325 0.014392 0.039880
26 0.509698 0.273046 0.013803 0.038205
13 0.514007 0.106188 0.033501 0.042917
26 0.570808 0.273704 0.015185 0.048946
26 0.270677 0.270738 0.013803 0.038205
13 0.477673 0.283806 0.017047 0.040775
23 0.455719 0.279952 0.025081 0.054547
13 0.299966 0.284792 0.026974 0.040809
23 0.335745 0.278433 0.025085 0.054541
