26 0.412367 0.300670 0.012816 0.027425
13 0.863612 0.313744 0.040205 0.026507
26 0.198050 0.300077 0.012651 0.026023
26 0.253499 0.301231 0.012655 0.026028
26 0.686952 0.300239 0.012655 0.026028
26 0.734466 0.299852 0.012655 0.026028
13 0.231569 0.312778 0.040205 0.026501
26 0.791839 0.299271 0.012655 0.026028
26 0.838670 0.300239 0.012651 0.026028
26 0.887143 0.299852 0.012651 0.026028
13 0.174656 0.313507 0.040205 0.026501
26 0.933562 0.301402 0.012651 0.026028
26 0.634390 0.300171 0.012816 0.027419
26 0.581481 0.301328 0.012816 0.027419
26 0.528898 0.300863 0.012816 0.027425
13 0.387621 0.312299 0.040205 0.026501
13 0.769232 0.313744 0.040205 0.026507
26 0.466789 0.299667 0.012820 0.027425
13 0.271763 0.169427 0.054517 0.057339
26 0.359128 0.301003 0.012816 0.027419
13 0.381880 0.205729 0.050077 0.042239
26 0.304571 0.300387 0.012816 0.027419
13 0.911311 0.312299 0.040205 0.026501
22 0.188122 0.122926 0.041241 0.030843
13 0.336513 0.312778 0.040205 0.026501
33 0.308602 0.178097 0.012981 0.027886
13 0.611134 0.314225 0.040205 0.026501
0 0.345530 0.176718 0.019609 0.014074
13 0.663266 0.313744 0.040205 0.026507
13 0.504148 0.313262 0.040205 0.026501
13 0.444180 0.314707 0.040205 0.026507
13 0.712669 0.313262 0.040205 0.026501
13 0.280973 0.313744 0.040205 0.026507
13 0.817613 0.314707 0.040205 0.026507
13 0.556960 0.313262 0.040205 0.026501
