13 0.317925 0.280370 0.013014 0.022085
13 0.517865 0.280040 0.013014 0.022085
13 0.438598 0.281043 0.013014 0.022085
13 0.357675 0.280707 0.013014 0.022085
26 0.394176 0.249182 0.012212 0.027436
13 0.477168 0.280370 0.013014 0.022085
13 0.131118 0.104852 0.011591 0.019744
26 0.514198 0.249006 0.012208 0.027436
0 0.162726 0.109125 0.012002 0.020405
13 0.196422 0.280701 0.013014 0.022085
26 0.473940 0.249781 0.012208 0.027436
26 0.313959 0.248538 0.012212 0.027436
26 0.232486 0.250151 0.012208 0.027436
26 0.192266 0.250966 0.012212 0.027436
26 0.434504 0.249974 0.012208 0.027436
13 0.399085 0.280707 0.013014 0.022085
26 0.141996 0.103724 0.011309 0.022274
13 0.276044 0.281043 0.013014 0.022085
26 0.354239 0.249507 0.012208 0.027436
13 0.236769 0.281379 0.013014 0.022085
26 0.273678 0.249182 0.012208 0.027436
