26 0.549835 0.294755 0.023666 0.028815
13 0.771628 0.305430 0.043191 0.033766
3 0.576978 0.188744 0.043707 0.041829
13 0.434601 0.309573 0.037486 0.040570
26 0.627724 0.295228 0.023666 0.028815
23 0.472607 0.302191 0.037462 0.040439
26 0.389138 0.294066 0.021692 0.026262
26 0.714734 0.294550 0.021684 0.026262
26 0.803473 0.294430 0.021692 0.026262
26 0.570419 0.130103 0.022079 0.026496
13 0.598997 0.306168 0.043199 0.033761
13 0.684746 0.305883 0.043191 0.033533
22 0.900669 0.110977 0.080451 0.038479
13 0.458674 0.188613 0.185504 0.048519
13 0.518372 0.305356 0.043191 0.032593
13 0.535334 0.131105 0.041644 0.032353
13 0.359057 0.304749 0.041450 0.032974
