26 0.529460 0.245838 0.010024 0.025795
26 0.488413 0.247137 0.010024 0.025795
26 0.447006 0.244345 0.010024 0.025795
22 0.751946 0.065487 0.018058 0.014940
26 0.405794 0.245462 0.010024 0.025795
26 0.364623 0.244852 0.010020 0.025795
26 0.323215 0.244516 0.010024 0.025795
13 0.220534 0.255564 0.022244 0.032610
26 0.281809 0.244179 0.010024 0.025795
26 0.235431 0.244516 0.010024 0.025795
13 0.390425 0.255194 0.021301 0.032667
13 0.432071 0.255319 0.021305 0.030410
13 0.308558 0.255567 0.022240 0.032615
13 0.316718 0.111570 0.021060 0.032142
13 0.514885 0.254972 0.021301 0.032450
13 0.555820 0.255821 0.021301 0.031413
13 0.597226 0.255650 0.021301 0.031755
13 0.265729 0.254855 0.022240 0.034040
13 0.639581 0.254966 0.021305 0.033123
13 0.681225 0.254803 0.021305 0.032114
13 0.349259 0.255954 0.021305 0.031795
13 0.473239 0.255142 0.021305 0.032108
26 0.331739 0.101470 0.010955 0.024980
26 0.697141 0.244795 0.010020 0.025795
26 0.655488 0.246533 0.010024 0.025795
26 0.612438 0.245370 0.010024 0.025795
26 0.571195 0.244675 0.010020 0.025795
