26 0.265832 0.280293 0.016845 0.026957
26 0.326072 0.281228 0.018042 0.026957
33 0.198306 0.154969 0.008546 0.023236
13 0.360085 0.298487 0.033054 0.031732
13 0.300457 0.298316 0.033050 0.032074
13 0.420391 0.297393 0.026922 0.031026
23 0.445679 0.287863 0.022873 0.042382
23 0.504643 0.286185 0.022873 0.042387
23 0.565373 0.287302 0.022873 0.042387
13 0.659923 0.298063 0.026922 0.030655
13 0.601660 0.297550 0.026922 0.031681
23 0.623741 0.286744 0.022873 0.042387
23 0.684273 0.287581 0.022873 0.042387
26 0.385336 0.279573 0.018610 0.026952
13 0.242017 0.297262 0.033050 0.031333
13 0.228338 0.170672 0.025556 0.033538
22 0.680979 0.112234 0.065584 0.058610
13 0.542712 0.298217 0.026922 0.031305
13 0.484110 0.296895 0.026922 0.032991
