26 0.806241 0.252957 0.019106 0.025379
26 0.746052 0.251282 0.018211 0.025379
26 0.686589 0.253368 0.016990 0.025379
13 0.602270 0.276248 0.032712 0.046171
13 0.662063 0.267328 0.033731 0.029812
33 0.177143 0.126897 0.008711 0.022308
33 0.687589 0.178114 0.009037 0.024399
23 0.265044 0.260758 0.022675 0.041550
13 0.840097 0.267991 0.033731 0.029430
23 0.324492 0.259783 0.022675 0.041550
23 0.384239 0.260621 0.022675 0.041550
23 0.443332 0.260296 0.022675 0.041550
23 0.501825 0.260296 0.022675 0.041550
23 0.621362 0.260695 0.022675 0.041550
13 0.780469 0.268009 0.033735 0.028439
13 0.212550 0.128254 0.023570 0.030752
13 0.299367 0.276846 0.032707 0.044974
13 0.721865 0.267510 0.033731 0.028467
13 0.239734 0.276473 0.032707 0.045254
13 0.417258 0.277581 0.032712 0.047356
23 0.563155 0.259892 0.022675 0.041550
22 0.877385 0.098291 0.060653 0.058348
13 0.665657 0.184510 0.024988 0.023607
13 0.359676 0.276447 0.032712 0.045772
13 0.482337 0.277741 0.032707 0.044142
13 0.541962 0.276516 0.032707 0.046593
26 0.865725 0.252678 0.018187 0.025379
