23 0.337729 0.395264 0.022067 0.031467
13 0.170228 0.294557 0.051836 0.035138
23 0.527768 0.396185 0.022064 0.031467
23 0.463941 0.395941 0.022064 0.031467
23 0.147622 0.395497 0.022064 0.031467
23 0.178861 0.396195 0.022067 0.031467
23 0.211170 0.396659 0.022064 0.031470
23 0.242944 0.395730 0.022064 0.031467
23 0.274538 0.395730 0.022067 0.031467
23 0.305955 0.395963 0.022067 0.031467
23 0.433407 0.396426 0.022064 0.031470
23 0.400920 0.395497 0.022067 0.031467
3 0.135810 0.300490 0.015152 0.023872
23 0.368611 0.394799 0.022064 0.031467
22 0.175325 0.256779 0.073077 0.020152
23 0.496171 0.396104 0.022067 0.031467
