26 0.455183 0.213900 0.012486 0.024405
26 0.561652 0.213900 0.012490 0.024405
26 0.352639 0.213208 0.012490 0.024399
13 0.385544 0.245211 0.027937 0.051561
26 0.405629 0.213208 0.012490 0.024399
13 0.228469 0.245228 0.027937 0.050570
13 0.489464 0.247370 0.027937 0.051094
26 0.508662 0.213208 0.012490 0.024399
13 0.750800 0.244744 0.027941 0.051538
13 0.278896 0.245459 0.027937 0.048182
26 0.299649 0.215288 0.012490 0.024399
13 0.437333 0.246647 0.027937 0.051584
26 0.664527 0.212399 0.012486 0.024399
13 0.699351 0.245456 0.027937 0.050114
22 0.232969 0.051595 0.093852 0.014940
26 0.613753 0.212399 0.012486 0.024399
13 0.176684 0.243991 0.027937 0.050604
13 0.540572 0.245949 0.027937 0.052011
26 0.717107 0.213328 0.012490 0.024399
13 0.333753 0.245467 0.027941 0.051048
26 0.769517 0.212274 0.012490 0.024399
26 0.195633 0.213900 0.012490 0.024405
26 0.247149 0.213900 0.012486 0.024405
26 0.339192 0.076957 0.010681 0.025789
13 0.645516 0.245923 0.027937 0.050137
13 0.379416 0.108821 0.056559 0.041459
13 0.592703 0.246422 0.027937 0.050108
