26 0.692168 0.378274 0.009369 0.041640
26 0.643544 0.378553 0.009369 0.041640
26 0.592778 0.378553 0.009369 0.041640
26 0.543940 0.378553 0.009369 0.041640
26 0.494671 0.378553 0.009369 0.041640
26 0.433195 0.378553 0.009369 0.041640
26 0.381786 0.379390 0.009369 0.041643
26 0.330906 0.379215 0.009369 0.041640
26 0.281667 0.378441 0.009369 0.041643
26 0.230795 0.379023 0.009369 0.041643
26 0.181177 0.378544 0.009369 0.041643
33 0.303101 0.271343 0.008429 0.019528
17 0.644554 0.425636 0.013426 0.016294
22 0.196059 0.229801 0.076679 0.030666
13 0.363321 0.400346 0.031062 0.027137
13 0.627461 0.432135 0.023231 0.029834
13 0.313197 0.400869 0.031059 0.028325
13 0.674239 0.401209 0.031062 0.027172
13 0.163586 0.400480 0.031062 0.028251
13 0.277319 0.300309 0.032080 0.030116
13 0.624758 0.400063 0.031059 0.029464
13 0.212736 0.400379 0.031062 0.027627
13 0.268055 0.255522 0.031143 0.022489
13 0.263930 0.401222 0.031062 0.027620
27 0.302956 0.304771 0.008567 0.024168
13 0.476421 0.400890 0.031059 0.027169
13 0.526117 0.400869 0.031059 0.028325
13 0.415158 0.400589 0.031059 0.028329
13 0.575383 0.400326 0.031059 0.028297
