13 0.280287 0.303420 0.034280 0.017348
26 0.385494 0.377920 0.011140 0.043223
26 0.181357 0.378478 0.011138 0.043226
13 0.262515 0.400039 0.032132 0.028780
26 0.441839 0.378607 0.011138 0.043223
13 0.367902 0.400709 0.032132 0.030120
26 0.231170 0.377770 0.008781 0.041548
22 0.197063 0.235554 0.076893 0.020924
13 0.270145 0.251909 0.029775 0.020913
13 0.422397 0.401573 0.032129 0.027052
13 0.315209 0.401379 0.032129 0.028780
27 0.302011 0.299788 0.008183 0.025176
13 0.163685 0.400748 0.032132 0.027377
13 0.213676 0.400039 0.032129 0.028780
26 0.333871 0.379037 0.011138 0.043223
26 0.278178 0.377641 0.011140 0.043223
33 0.302474 0.263590 0.008567 0.019055
