26 0.190018 0.337073 0.007560 0.016622
26 0.157939 0.335469 0.007562 0.016622
26 0.409637 0.335871 0.007562 0.016622
26 0.378174 0.335871 0.007562 0.016622
13 0.274289 0.341518 0.016292 0.015335
13 0.182607 0.281109 0.020777 0.016238
13 0.179082 0.341885 0.015639 0.015716
26 0.346712 0.336273 0.007562 0.016622
26 0.314634 0.336673 0.007562 0.016618
26 0.221789 0.336673 0.007560 0.016618
26 0.251400 0.335469 0.007562 0.016622
13 0.494177 0.341798 0.015639 0.015331
26 0.284097 0.335871 0.007560 0.016622
26 0.201201 0.268669 0.007289 0.015878
13 0.525665 0.342361 0.015637 0.014764
26 0.630643 0.335927 0.007560 0.016622
13 0.367583 0.342498 0.015637 0.016167
13 0.305891 0.342079 0.015639 0.015328
13 0.210142 0.341624 0.015637 0.015123
13 0.398856 0.341936 0.015637 0.016171
26 0.598474 0.336008 0.007560 0.016622
13 0.620557 0.341800 0.015637 0.014771
26 0.566641 0.335871 0.007562 0.016622
13 0.147263 0.341904 0.015637 0.015120
26 0.535488 0.335067 0.007562 0.016622
26 0.504950 0.335469 0.007560 0.016622
13 0.431415 0.342080 0.015637 0.014767
13 0.462474 0.342357 0.015637 0.015885
13 0.588856 0.342077 0.015637 0.015889
13 0.556938 0.341656 0.015637 0.016174
26 0.472562 0.336273 0.007562 0.016622
13 0.336093 0.341938 0.015637 0.015610
22 0.139710 0.248443 0.018954 0.016583
26 0.441408 0.336273 0.007562 0.016622
13 0.241843 0.341643 0.015637 0.014528
