13 0.142637 0.397906 0.015637 0.022468
23 0.444156 0.390700 0.016113 0.026950
23 0.159017 0.391303 0.016116 0.026950
23 0.286051 0.391497 0.016116 0.026950
23 0.317290 0.391109 0.016113 0.026950
26 0.201583 0.267496 0.009103 0.019055
13 0.270618 0.397920 0.015639 0.022990
23 0.349271 0.391109 0.016116 0.026950
13 0.334022 0.398008 0.015639 0.022814
23 0.379816 0.391271 0.016116 0.026950
13 0.238273 0.397870 0.015637 0.021975
23 0.203280 0.311183 0.016067 0.030673
23 0.413038 0.391109 0.016113 0.026950
13 0.365511 0.398586 0.015637 0.022772
13 0.179694 0.320048 0.029772 0.020349
13 0.397855 0.397712 0.015639 0.022292
13 0.302534 0.398066 0.015637 0.021026
23 0.221939 0.390919 0.016116 0.026950
13 0.182264 0.280370 0.022064 0.017158
13 0.429557 0.398084 0.015637 0.020991
23 0.190404 0.390721 0.016116 0.026950
13 0.175725 0.398151 0.015637 0.021971
13 0.207212 0.397556 0.015637 0.021488
22 0.139511 0.243341 0.020599 0.014376
23 0.253028 0.391109 0.016116 0.026950
