26 0.242135 0.223100 0.010790 0.026906
26 0.505346 0.223291 0.010790 0.026900
26 0.662361 0.225698 0.010790 0.026906
26 0.766616 0.225473 0.010451 0.028724
26 0.818080 0.225473 0.010447 0.028724
26 0.872502 0.226866 0.010451 0.028718
26 0.924843 0.224783 0.010451 0.028724
26 0.258834 0.116533 0.009859 0.027048
26 0.610504 0.225906 0.010451 0.028724
23 0.452387 0.282590 0.034629 0.040519
13 0.803304 0.245342 0.029815 0.023447
13 0.332023 0.245621 0.029815 0.023094
13 0.593417 0.246296 0.029815 0.022507
13 0.646229 0.246536 0.029815 0.022986
13 0.698701 0.246068 0.029811 0.022963
26 0.557691 0.225103 0.010451 0.028724
13 0.541628 0.245085 0.029815 0.023960
26 0.348328 0.226100 0.010451 0.028724
13 0.908588 0.245100 0.029811 0.022963
13 0.751172 0.245812 0.029815 0.021538
13 0.227236 0.245222 0.029815 0.023094
26 0.295234 0.226100 0.010451 0.028724
13 0.237607 0.119151 0.026027 0.022575
13 0.279021 0.246154 0.029815 0.023362
13 0.856456 0.245100 0.029811 0.022963
13 0.384786 0.246103 0.029815 0.022803
13 0.436628 0.250761 0.029533 0.036450
22 0.310508 0.115681 0.016801 0.015054
26 0.400572 0.224091 0.010790 0.026906
26 0.716128 0.225906 0.010451 0.028724
13 0.489609 0.246245 0.029815 0.022519
