26 0.318044 0.213846 0.011664 0.051590
13 0.298719 0.113897 0.028961 0.028934
26 0.412849 0.214513 0.011668 0.051590
26 0.317967 0.109849 0.012655 0.043459
26 0.270645 0.213607 0.011668 0.051590
26 0.365147 0.214111 0.011664 0.051584
26 0.508251 0.214513 0.011668 0.051590
13 0.442971 0.233177 0.026974 0.029316
13 0.347286 0.233778 0.026974 0.028923
22 0.505445 0.087123 0.040359 0.017265
26 0.460977 0.213308 0.013654 0.051584
13 0.251726 0.233527 0.026974 0.028194
13 0.490389 0.234177 0.026974 0.028923
13 0.299583 0.234775 0.026974 0.026929
13 0.394986 0.232974 0.026974 0.028114
