22 0.839621 0.192363 0.009533 0.015572
13 0.764202 0.706549 0.057840 0.019754
26 0.755818 0.743445 0.026211 0.012224
26 0.755818 0.684102 0.026211 0.012224
26 0.756826 0.624307 0.026211 0.012224
13 0.763519 0.765336 0.057840 0.019754
26 0.756826 0.563546 0.026211 0.012224
13 0.765564 0.885320 0.057840 0.019754
13 0.764205 0.289160 0.057846 0.019754
26 0.756023 0.504202 0.026211 0.012224
13 0.880262 0.378791 0.032866 0.018783
26 0.756425 0.445427 0.026217 0.012224
13 0.763519 0.349003 0.057840 0.019754
13 0.763519 0.825570 0.057840 0.019754
26 0.756570 0.386374 0.026211 0.012224
26 0.756014 0.326430 0.026217 0.012224
13 0.765182 0.229313 0.057840 0.019754
26 0.757128 0.267276 0.026211 0.012224
13 0.765564 0.409237 0.057840 0.019754
26 0.758513 0.206950 0.026211 0.012224
13 0.764202 0.526811 0.057840 0.019754
26 0.907085 0.356471 0.025373 0.011039
13 0.764202 0.467061 0.057840 0.019754
13 0.764202 0.586082 0.057840 0.019754
13 0.764202 0.646315 0.057840 0.019754
26 0.756217 0.863268 0.026211 0.012224
26 0.756621 0.803924 0.026211 0.012224
