30 0.407897 0.114390 0.033529 0.027755
13 0.287232 0.229356 0.033602 0.040137
26 0.643352 0.193430 0.013626 0.027704
13 0.353012 0.229467 0.033598 0.040587
13 0.561565 0.230755 0.033598 0.039744
26 0.369069 0.192225 0.013626 0.027709
26 0.713201 0.192225 0.013630 0.027709
26 0.437782 0.192627 0.013630 0.027704
26 0.577480 0.192627 0.013630 0.027704
13 0.220264 0.242131 0.033598 0.039362
26 0.302911 0.192225 0.013630 0.027709
26 0.507631 0.193832 0.013626 0.027709
13 0.421585 0.229157 0.033598 0.040536
13 0.764549 0.227934 0.033602 0.039345
26 0.782198 0.191826 0.013630 0.027709
26 0.845810 0.191205 0.013626 0.027709
13 0.830290 0.228026 0.035552 0.040553
26 0.234482 0.194234 0.013630 0.027704
13 0.490014 0.228330 0.033598 0.042188
22 0.275927 0.102071 0.128566 0.014775
13 0.627522 0.228245 0.035286 0.037345
13 0.696348 0.229131 0.033598 0.036952
