26 0.564277 0.243097 0.011044 0.025658
13 0.302774 0.240849 0.024371 0.070610
13 0.706465 0.236154 0.018449 0.061231
13 0.646497 0.236154 0.018449 0.061231
13 0.586827 0.235826 0.018449 0.061225
13 0.362637 0.241519 0.024371 0.070604
13 0.481892 0.240516 0.024371 0.070604
13 0.824696 0.236635 0.018449 0.061225
13 0.541046 0.241519 0.024371 0.070604
13 0.421553 0.241519 0.024371 0.070604
22 0.192957 0.159447 0.014988 0.012547
13 0.243983 0.241350 0.024371 0.070610
26 0.862589 0.243259 0.011044 0.025652
26 0.802844 0.242142 0.011039 0.025652
26 0.743691 0.243815 0.011039 0.025658
26 0.684341 0.243536 0.011044 0.025658
26 0.624003 0.242980 0.011044 0.025652
23 0.510741 0.248202 0.030524 0.042832
23 0.451825 0.248536 0.030524 0.042838
13 0.379438 0.120085 0.016741 0.033333
23 0.392671 0.247866 0.030524 0.042832
23 0.332806 0.250208 0.030520 0.042832
23 0.273417 0.249205 0.030524 0.042832
23 0.213187 0.249866 0.030524 0.042832
26 0.356694 0.091587 0.010882 0.026775
13 0.885002 0.236635 0.018449 0.061225
13 0.764728 0.237601 0.018449 0.061231
