13 0.760399 0.889972 0.031521 0.040556
13 0.759969 0.416773 0.031516 0.040556
23 0.757795 0.924835 0.037812 0.040693
22 0.919732 0.382019 0.016353 0.097720
23 0.756792 0.758731 0.037812 0.040701
33 0.903302 0.567635 0.036473 0.031708
13 0.909513 0.626035 0.031892 0.064190
13 0.759402 0.491865 0.031521 0.040556
23 0.757462 0.453026 0.037818 0.040701
13 0.759402 0.607909 0.031521 0.040556
23 0.756792 0.531579 0.037812 0.040693
13 0.759376 0.724210 0.031516 0.040556
13 0.759037 0.810463 0.031521 0.040556
23 0.756399 0.373376 0.037812 0.040693
23 0.756792 0.642317 0.037812 0.040701
23 0.757128 0.843437 0.037812 0.040701
13 0.759556 0.342671 0.031521 0.040556
