13 0.516048 0.414201 0.014989 0.032775
13 0.351438 0.322874 0.014280 0.025790
23 0.627554 0.413856 0.019464 0.038085
13 0.323478 0.414640 0.018635 0.033018
23 0.580573 0.414663 0.019461 0.038085
23 0.533116 0.414251 0.019461 0.038085
13 0.182523 0.412980 0.014136 0.024055
13 0.231157 0.413089 0.014139 0.022440
13 0.563173 0.413692 0.014992 0.033237
13 0.659567 0.414379 0.014989 0.031862
23 0.484741 0.414483 0.019461 0.038085
23 0.437794 0.414949 0.019461 0.038085
23 0.390313 0.414949 0.019461 0.038085
23 0.341759 0.414483 0.019461 0.038085
13 0.610084 0.413080 0.014989 0.032789
13 0.373069 0.413547 0.014989 0.034640
23 0.294277 0.414251 0.019464 0.038085
13 0.467424 0.414201 0.014989 0.032775
26 0.243938 0.404025 0.008429 0.017105
26 0.362951 0.312948 0.008925 0.016784
26 0.195925 0.403399 0.008432 0.017109
13 0.420727 0.413921 0.014992 0.032779
23 0.675467 0.414825 0.019461 0.038085
13 0.276246 0.413734 0.018635 0.032334
