26 0.198642 0.156199 0.014923 0.029242
26 0.269482 0.279470 0.014927 0.029242
26 0.339283 0.281476 0.014923 0.029242
13 0.394126 0.289584 0.023425 0.018826
13 0.549077 0.252271 0.012820 0.015641
13 0.320528 0.290681 0.023425 0.017601
13 0.334897 0.252271 0.012824 0.015641
13 0.265768 0.253695 0.012824 0.015641
13 0.607611 0.289199 0.023425 0.017601
13 0.479444 0.252630 0.012820 0.015641
13 0.621978 0.251917 0.012820 0.015641
13 0.250000 0.290849 0.023425 0.019191
13 0.179615 0.163604 0.020729 0.016952
13 0.535753 0.289248 0.023425 0.018382
13 0.702305 0.403128 0.066970 0.037117
26 0.626060 0.278798 0.014923 0.029242
13 0.464658 0.290211 0.023425 0.017573
26 0.555786 0.279801 0.014923 0.029242
26 0.484565 0.280137 0.014923 0.029242
26 0.413106 0.279470 0.014923 0.029242
13 0.407045 0.251917 0.012824 0.015641
17 0.702002 0.403980 0.076019 0.057590
