23 0.482528 0.279014 0.026225 0.077550
13 0.536680 0.290311 0.022490 0.018798
13 0.750657 0.290920 0.022490 0.020473
13 0.250133 0.290085 0.022490 0.017322
13 0.678082 0.291433 0.022490 0.019447
13 0.179257 0.164350 0.022486 0.018729
23 0.198765 0.167638 0.026225 0.052142
13 0.321684 0.289872 0.022490 0.016781
23 0.271626 0.279459 0.026225 0.077550
23 0.341428 0.279610 0.026225 0.077544
23 0.412202 0.279590 0.026225 0.077550
13 0.608233 0.290667 0.022486 0.017117
23 0.555715 0.277276 0.026225 0.077550
23 0.628493 0.279014 0.026221 0.077550
13 0.822548 0.290123 0.022486 0.020131
23 0.699635 0.279590 0.026225 0.077550
23 0.769962 0.279590 0.026225 0.077550
23 0.841106 0.279590 0.026225 0.077550
13 0.465129 0.290311 0.022490 0.018798
13 0.392895 0.290140 0.022486 0.019140
