13 0.212945 0.556137 0.014287 0.016729
13 0.214311 0.614444 0.014279 0.016729
26 0.207365 0.236872 0.057019 0.017322
13 0.213409 0.733464 0.011990 0.016729
13 0.213997 0.315952 0.017035 0.013909
13 0.213187 0.495556 0.014287 0.016729
13 0.213429 0.673715 0.013320 0.016729
13 0.214545 0.256231 0.015874 0.014148
26 0.206567 0.594231 0.057019 0.017316
29 0.093481 0.711003 0.030282 0.016057
13 0.105363 0.741658 0.014110 0.016729
13 0.213296 0.434858 0.012732 0.012450
22 0.065492 0.577085 0.013626 0.026501
13 0.102369 0.644795 0.013280 0.012860
26 0.206567 0.416479 0.057019 0.017322
26 0.207373 0.355715 0.057019 0.017322
26 0.206567 0.475823 0.057019 0.017322
26 0.206567 0.534886 0.057019 0.017316
26 0.205766 0.714057 0.057027 0.017322
26 0.208175 0.653860 0.057027 0.017316
26 0.206168 0.296652 0.057027 0.017316
13 0.213537 0.375328 0.016277 0.012194
26 0.135737 0.670120 0.022031 0.028809
33 0.111753 0.627923 0.038203 0.014615
13 0.115451 0.665684 0.013014 0.014160
