26 0.264384 0.374729 0.021612 0.010188
22 0.149996 0.708735 0.008678 0.015613
26 0.263457 0.416467 0.021612 0.010188
13 0.276309 0.346211 0.060113 0.027886
13 0.182591 0.792952 0.057849 0.027886
13 0.276998 0.388319 0.057945 0.027886
26 0.264851 0.456889 0.021612 0.010188
13 0.276612 0.221009 0.059106 0.027886
13 0.276829 0.682239 0.057446 0.027886
26 0.264617 0.541681 0.021612 0.010188
27 0.340081 0.668199 0.025560 0.009185
13 0.275911 0.598581 0.057703 0.027886
0 0.343537 0.681370 0.010330 0.005373
26 0.264384 0.583584 0.021612 0.010188
13 0.278235 0.767712 0.060580 0.025373
26 0.162800 0.777826 0.021378 0.008564
26 0.266712 0.625812 0.021612 0.010188
26 0.265544 0.667880 0.021612 0.010188
13 0.276757 0.472536 0.058429 0.027886
26 0.264972 0.753818 0.021612 0.010188
13 0.271954 0.181274 0.050274 0.029282
13 0.276467 0.640969 0.058171 0.027886
27 0.339581 0.337031 0.025560 0.020068
13 0.276684 0.431544 0.056994 0.027886
13 0.271595 0.727963 0.049718 0.029544
13 0.355234 0.694171 0.039573 0.030279
23 0.265842 0.710433 0.024625 0.014644
23 0.266918 0.499365 0.024633 0.014638
0 0.343537 0.596578 0.010330 0.005373
13 0.276753 0.557590 0.059549 0.027886
13 0.276434 0.263670 0.059073 0.027886
27 0.339750 0.584433 0.025560 0.009185
13 0.355878 0.357362 0.039573 0.030279
23 0.267256 0.289681 0.024633 0.014644
13 0.272079 0.517430 0.051168 0.027886
13 0.272039 0.307174 0.050443 0.027886
23 0.267724 0.162570 0.024633 0.014644
26 0.265318 0.205801 0.021612 0.010188
26 0.266712 0.248530 0.021612 0.010188
26 0.264617 0.332006 0.021612 0.010188
13 0.357204 0.609003 0.039565 0.030279
