13 0.343795 0.355103 0.024416 0.023014
23 0.329460 0.720920 0.030669 0.014217
26 0.243634 0.663604 0.024529 0.007413
26 0.322776 0.455316 0.019686 0.009140
23 0.328912 0.758390 0.030669 0.014217
23 0.329468 0.796254 0.030669 0.014217
13 0.342740 0.772573 0.043255 0.021123
26 0.322498 0.417652 0.019694 0.009140
13 0.342877 0.621057 0.028864 0.023698
13 0.342373 0.735387 0.042683 0.021123
13 0.342740 0.811604 0.043255 0.021123
26 0.322220 0.530641 0.019686 0.009145
13 0.342184 0.695650 0.027317 0.021123
26 0.322220 0.567909 0.019686 0.009140
13 0.342147 0.430271 0.029017 0.023698
13 0.342502 0.582946 0.026986 0.023692
23 0.329746 0.834704 0.030677 0.014217
13 0.253981 0.681863 0.027703 0.030017
23 0.330028 0.873154 0.030677 0.014217
26 0.321595 0.341311 0.020822 0.008114
26 0.322498 0.606359 0.019694 0.009140
13 0.342309 0.468615 0.028695 0.023692
13 0.342828 0.657897 0.026994 0.023692
13 0.344234 0.888020 0.043666 0.019744
13 0.343223 0.849487 0.042288 0.019738
13 0.342107 0.544137 0.029098 0.023692
26 0.322776 0.491795 0.019686 0.009140
26 0.322647 0.379140 0.019686 0.009140
13 0.342796 0.392160 0.029025 0.023692
13 0.341773 0.506028 0.027139 0.023692
26 0.322220 0.643829 0.019686 0.009140
26 0.321938 0.682869 0.019686 0.009145
