26 0.712198 0.189721 0.012776 0.027442
27 0.442788 0.316892 0.017808 0.023994
26 0.234446 0.194000 0.013485 0.029447
26 0.920379 0.191168 0.012780 0.027442
26 0.850191 0.190205 0.012776 0.027442
27 0.511499 0.317188 0.017808 0.023994
13 0.419793 0.241775 0.033791 0.039903
13 0.221126 0.240704 0.033791 0.040040
13 0.624793 0.240749 0.037329 0.039447
27 0.373866 0.316296 0.017804 0.024000
13 0.350512 0.242259 0.033787 0.038934
13 0.483131 0.314490 0.041732 0.054393
13 0.346882 0.315556 0.041732 0.054393
27 0.579901 0.317037 0.017804 0.024000
13 0.280768 0.313954 0.041728 0.054393
26 0.782045 0.189721 0.012776 0.027442
22 0.253427 0.102003 0.081301 0.014570
26 0.304841 0.190652 0.012776 0.027436
26 0.644732 0.191168 0.012776 0.027442
13 0.553519 0.314490 0.041728 0.054393
13 0.830272 0.239470 0.037329 0.037003
13 0.416011 0.315909 0.041732 0.054393
26 0.577270 0.191650 0.012776 0.027436
27 0.307667 0.316886 0.017808 0.023994
13 0.284923 0.241803 0.033787 0.039048
26 0.507613 0.191313 0.012776 0.027436
13 0.557669 0.240875 0.037329 0.037533
13 0.762564 0.240162 0.037329 0.038957
26 0.438519 0.191983 0.012776 0.027442
13 0.488789 0.241821 0.037329 0.038969
13 0.692500 0.241108 0.037329 0.040393
26 0.370139 0.189977 0.012776 0.027442
13 0.899160 0.240749 0.037329 0.039447
