13 0.274158 0.666604 0.040338 0.025766
13 0.274835 0.607709 0.039919 0.025766
13 0.273876 0.547476 0.040902 0.025766
13 0.193320 0.547812 0.020483 0.037368
13 0.274633 0.371459 0.040322 0.025766
22 0.184440 0.796507 0.013247 0.096832
13 0.275318 0.430120 0.038952 0.025766
26 0.255786 0.226450 0.024545 0.009880
26 0.258284 0.757117 0.024545 0.009880
26 0.182139 0.578501 0.033803 0.015145
13 0.275113 0.724160 0.040314 0.025766
13 0.274037 0.843288 0.040580 0.025766
26 0.257446 0.286205 0.024545 0.009880
26 0.258481 0.816934 0.024537 0.009880
13 0.274871 0.253829 0.040314 0.025766
26 0.256608 0.403923 0.024545 0.009875
26 0.257724 0.461305 0.024537 0.009880
26 0.257724 0.521054 0.024537 0.009880
26 0.256676 0.581066 0.024537 0.009880
26 0.256676 0.640128 0.024537 0.009875
13 0.274122 0.783726 0.039460 0.025766
26 0.256608 0.343977 0.024545 0.009880
13 0.274351 0.312228 0.040886 0.025766
13 0.274198 0.489254 0.040258 0.025766
26 0.257478 0.699476 0.024545 0.009880
