26 0.353683 0.457319 0.018598 0.007721
13 0.362023 0.883256 0.025415 0.019288
33 0.384508 0.372940 0.017043 0.006986
13 0.363372 0.845499 0.020056 0.025356
27 0.385870 0.446883 0.017268 0.026530
26 0.354146 0.417060 0.018590 0.007726
26 0.354613 0.373023 0.018590 0.007721
13 0.290584 0.813462 0.021668 0.019174
13 0.363884 0.681470 0.020757 0.025356
13 0.363900 0.804353 0.020306 0.025356
13 0.363473 0.392735 0.022675 0.025356
13 0.399476 0.545889 0.030701 0.013362
13 0.363836 0.433208 0.021950 0.025356
27 0.385226 0.488419 0.017268 0.025840
13 0.363521 0.351681 0.021483 0.025356
13 0.364077 0.516479 0.021467 0.025356
13 0.363779 0.557726 0.021515 0.025356
13 0.385673 0.386974 0.036406 0.015613
33 0.276894 0.799356 0.027969 0.007521
26 0.356475 0.333749 0.018590 0.007726
13 0.363445 0.763288 0.020556 0.025356
13 0.363771 0.310239 0.022627 0.025356
26 0.355322 0.869353 0.018590 0.007721
26 0.354380 0.828359 0.018590 0.007726
26 0.354146 0.787607 0.018590 0.007726
13 0.363763 0.639641 0.020999 0.025356
13 0.398791 0.503832 0.028848 0.013362
13 0.398912 0.463581 0.030862 0.013362
26 0.356475 0.291684 0.018590 0.007721
13 0.363691 0.598974 0.020048 0.025356
27 0.386112 0.530325 0.017268 0.024980
26 0.355540 0.745707 0.018590 0.007721
13 0.364142 0.474650 0.020790 0.025356
26 0.355077 0.704624 0.018598 0.007721
26 0.355306 0.664037 0.018590 0.007721
26 0.355306 0.622464 0.018590 0.007721
26 0.354380 0.581054 0.018590 0.007726
26 0.354380 0.539316 0.018590 0.007726
26 0.354380 0.498729 0.018590 0.007726
13 0.364106 0.722091 0.020556 0.025356
