13 0.357626 0.570283 0.052432 0.053188
23 0.326662 0.711362 0.086619 0.049023
13 0.355367 0.868053 0.052432 0.053201
13 0.173468 0.882224 0.047252 0.041054
13 0.360216 0.167249 0.052432 0.053188
23 0.327432 0.413869 0.086604 0.049023
23 0.328727 0.314994 0.086604 0.049036
13 0.354388 0.268438 0.052432 0.053201
22 0.090072 0.586183 0.019424 0.049152
13 0.356978 0.370790 0.052432 0.053201
13 0.356331 0.770353 0.052432 0.053201
13 0.357626 0.067796 0.052432 0.053201
23 0.326137 0.215533 0.086604 0.049036
23 0.327432 0.112603 0.086604 0.049036
13 0.356331 0.664537 0.052432 0.053188
23 0.327561 0.817371 0.086604 0.049036
13 0.355683 0.469094 0.052432 0.053201
26 0.158691 0.919023 0.041525 0.023419
23 0.327187 0.912500 0.086604 0.049036
23 0.325317 0.513400 0.086604 0.049036
23 0.327115 0.614589 0.086604 0.049023
