26 0.255761 0.529026 0.022031 0.007886
26 0.255479 0.609083 0.022031 0.007886
26 0.255761 0.772160 0.022031 0.007886
23 0.270705 0.730510 0.049033 0.014479
23 0.269891 0.689929 0.049033 0.014479
23 0.269432 0.649342 0.049033 0.014479
23 0.269666 0.324145 0.049033 0.014479
13 0.278332 0.667980 0.042401 0.026490
7 0.136064 0.519499 0.016656 0.013071
22 0.051934 0.778989 0.014198 0.033738
13 0.104726 0.538544 0.018751 0.013954
13 0.277861 0.627268 0.040975 0.026490
13 0.277389 0.343111 0.039549 0.026496
13 0.278646 0.384105 0.043352 0.026490
13 0.278259 0.585997 0.040967 0.026490
7 0.136064 0.504809 0.016656 0.013071
13 0.278272 0.221251 0.038574 0.026490
13 0.278815 0.460231 0.041434 0.026490
13 0.277945 0.500387 0.040016 0.026496
13 0.278574 0.419239 0.041918 0.026490
13 0.278574 0.257222 0.041918 0.026490
13 0.278824 0.789695 0.041450 0.026490
13 0.277861 0.749407 0.040975 0.026496
13 0.139222 0.610678 0.023328 0.029447
13 0.277945 0.709251 0.040016 0.026490
26 0.255761 0.366544 0.022031 0.007892
26 0.255479 0.284319 0.022031 0.007886
26 0.254923 0.243698 0.022031 0.007886
26 0.254222 0.203271 0.022031 0.007886
26 0.257156 0.407755 0.022031 0.007886
7 0.135955 0.535709 0.016664 0.013071
13 0.278102 0.301840 0.040492 0.026496
26 0.255479 0.447390 0.022031 0.007886
33 0.138719 0.586573 0.022305 0.006923
26 0.257156 0.486829 0.022031 0.007892
26 0.116132 0.555519 0.011716 0.016188
13 0.279247 0.540823 0.042941 0.026490
26 0.255201 0.568661 0.022023 0.007886
