13 0.240399 0.778906 0.013014 0.021197
14 0.250999 0.672786 0.041741 0.046245
13 0.450085 0.685239 0.025391 0.041271
26 0.435109 0.511026 0.058517 0.012741
26 0.434863 0.585746 0.058509 0.012746
7 0.222651 0.776365 0.025447 0.017983
26 0.434122 0.659769 0.058509 0.012746
26 0.433135 0.733442 0.058517 0.012741
26 0.434984 0.806849 0.058509 0.012741
33 0.146922 0.641538 0.025431 0.010667
13 0.450363 0.611342 0.025624 0.041271
33 0.149013 0.705863 0.025423 0.010667
13 0.156741 0.658994 0.014690 0.031789
7 0.273183 0.776285 0.025447 0.017983
13 0.156833 0.721516 0.012780 0.031510
13 0.450604 0.758020 0.025141 0.041271
13 0.450604 0.536607 0.025141 0.041271
13 0.449803 0.830801 0.025149 0.041271
22 0.122474 0.483684 0.031136 0.040735
13 0.290085 0.777373 0.015383 0.024262
