13 0.260004 0.586664 0.025568 0.020632
13 0.260757 0.186501 0.026430 0.020638
23 0.270423 0.162809 0.057478 0.036239
13 0.260794 0.319519 0.027147 0.020632
13 0.261519 0.119575 0.025697 0.020632
23 0.276072 0.094510 0.049178 0.035618
23 0.274871 0.227336 0.049178 0.035618
23 0.275467 0.360781 0.049178 0.035613
13 0.260161 0.453091 0.026044 0.020632
23 0.276056 0.427613 0.049178 0.035613
13 0.260645 0.718838 0.027010 0.020638
13 0.260592 0.652197 0.027550 0.020632
23 0.275459 0.495698 0.049178 0.035613
13 0.260685 0.252311 0.024996 0.020632
23 0.275757 0.561063 0.049178 0.035618
23 0.275165 0.627892 0.049186 0.035613
13 0.260197 0.520017 0.026761 0.020638
13 0.159617 0.683382 0.014964 0.028587
33 0.151656 0.667254 0.029871 0.011875
23 0.272752 0.697501 0.057478 0.036245
23 0.271608 0.296467 0.057478 0.036239
22 0.140778 0.752228 0.057687 0.094085
13 0.260907 0.386442 0.028501 0.020632
